return rec(
  Inc := [ 9108, 9112, 9178, 9190, 9192, 9200, 9202, 100850, 101306, 102376, 
      102384, 102888, 103266, 103278, 103324, 103358, 103360, 103362, 103364, 
      103376, 103390, 103398, 103400, 103402, 103404, 103408, 103410 ],
  TheInv := rec(
      DistInvariant := 
       [ [ [ [ 1, 1 ], [ 2, 5 ] ], 6209 ], [ [ [ 1, 2 ], [ 2, 4 ] ], 1031 ], 
          [ [ [ 1, 3 ], [ 2, 3 ] ], 43 ], [ [ [ 2, 6 ] ], 10267 ] ],
      OrdGrp := 48 ),
  Status := "NO",
  OrbSize := 346481400545280000 );
