return rec(
  Inc := [ 9060, 9110, 9178, 9190, 9200, 9202, 97766, 100850, 101306, 102376, 
      102384, 102880, 102888, 103058, 103264, 103266, 103278, 103360, 103362, 
      103364, 103366, 103368, 103372, 103376, 103390, 103400, 103404, 103408, 
      103410 ],
  TheInv := rec(
      OrdGrp := 720,
      DistInvariant := 
       [ [ [ [ 1, 1 ], [ 2, 5 ] ], 8340 ], [ [ [ 1, 2 ], [ 2, 4 ] ], 1515 ], 
          [ [ [ 1, 3 ], [ 2, 3 ] ], 71 ], [ [ [ 2, 6 ] ], 13825 ] ] ),
  Status := "NO",
  OrbSize := 69296280109056000 );
