return rec(
  Inc := [ 9110, 9178, 9188, 9190, 9192, 9200, 9202, 100850, 102384, 102888, 
      103266, 103278, 103304, 103358, 103360, 103364, 103366, 103368, 103372, 
      103376, 103390, 103398, 103400, 103402, 103406, 103408, 103410, 103411 ]
   ,
  TheInv := rec(
      DistInvariant := 
       [ [ [ [ 1, 1 ], [ 2, 5 ] ], 7038 ], [ [ [ 1, 2 ], [ 2, 4 ] ], 1117 ], 
          [ [ [ 1, 3 ], [ 2, 3 ] ], 51 ], [ [ [ 2, 6 ] ], 12269 ] ],
      OrdGrp := 576 ),
  Status := "NO",
  OrbSize := 115493800181760000 );
