return rec(
  Inc := [ 7578, 7912, 9042, 9203, 93838, 94500, 94546, 94598, 94626, 94636, 
      94738, 95118, 97584, 97756, 97766, 97774, 100358, 101340, 102224, 
      102226, 102314, 102354, 102376, 102880, 102894, 103328, 103372, 103378, 
      103404, 103408, 103410, 104769, 131397 ],
  TheInv := rec(
      DistInvariant := 
       [ [ [ [ 1, 1 ], [ 2, 2 ] ], 1246 ], [ [ [ 1, 2 ], [ 2, 1 ] ], 90 ], 
          [ [ [ 2, 3 ] ], 4120 ] ],
      OrdGrp := 2880 ),
  Status := "NO",
  OrbSize := 11549380018176000 );
