return rec(
  Inc := [ 2, 4416, 4428, 4480, 4482, 4582, 4594, 5286, 5338, 5342, 5400, 
      5404, 5446, 5458, 5472, 5474, 5480, 5482, 5584, 5586, 5610, 5726, 5730, 
      5740, 5746, 5750, 5756, 5760, 5762, 5784, 5786, 5788, 5794, 5796, 5798, 
      5800, 5802, 5868, 5874, 5880, 5882, 6222, 6228, 6248, 6272, 6278, 6288, 
      6292, 6302, 6304, 6314, 6360, 6362, 6374, 6386, 6392, 6394, 6772, 6780, 
      6796, 6856, 6880, 6888, 6894, 6896, 6904, 6906, 6962, 6966, 6976, 6980, 
      6984, 6986, 7026, 7054, 7056, 7064, 7066, 7226, 7458, 7472, 7478, 7492, 
      7496, 7498, 7514, 7516, 7534, 7536, 7542, 7544, 7562, 7576, 7578, 7760, 
      7776, 7780, 7840, 7846, 7850, 7880, 7884, 7888, 7890, 7912, 7918, 7920, 
      7922, 7924, 7926, 7928, 7930, 7960, 7992, 8000, 8026, 8028, 8034, 8036, 
      8046, 8056, 8058, 8060, 8066, 8068, 8070, 8072, 8074, 8076, 8078, 8080, 
      8086, 8088, 8090, 8310, 8318, 8328, 8362, 8366, 8380, 8382, 8396, 8398, 
      8404, 8414, 8416, 8418, 8420, 8422, 8432, 8440, 8442, 8488, 8492, 8522, 
      8528, 8530, 8532, 8544, 8558, 8560, 8562, 8572, 8574, 8580, 8584, 8586, 
      8590, 8592, 8594, 8596, 8598, 8600, 8602, 8690, 8694, 8700, 8702, 8734, 
      8742, 8746, 8748, 8756, 8758, 8760, 8762, 8796, 8804, 8860, 8862, 8868, 
      8872, 8910, 8920, 8922, 8926, 8932, 8938, 8954, 8956, 8960, 8962, 8966, 
      8968, 8976, 8978, 8982, 8984, 8986, 8988, 8994, 8996, 8998, 9000, 9002, 
      9004, 9006, 9008, 9010, 9012, 9020, 9024, 9026, 9028, 9036, 9038, 9042, 
      9044, 9046, 9048, 9050, 9052, 9058, 9060, 9064, 9066, 9068, 9070, 9072, 
      9074, 9076, 9078, 9080, 9082, 9088, 9096, 9098, 9100, 9102, 9106, 9108, 
      9110, 9112, 9114, 9124, 9146, 9148, 9154, 9156, 9158, 9166, 9168, 9174, 
      9176, 9178, 9180, 9182, 9184, 9186, 9188, 9190, 9192, 9196, 9198, 9200, 
      9202, 9203, 34802, 56818, 73666, 73668, 73716, 73718, 76190, 76278, 
      76542, 76548, 76558, 76900, 76912, 76914, 76952, 76958, 77044, 77094, 
      77096, 77132, 77136, 77298, 88838, 89474, 89484, 89524, 89530, 90000, 
      90010, 90024, 90034, 90098, 92142, 92154, 92240, 92242, 92266, 93476, 
      93502, 93570, 93586, 93588, 93836, 93838, 94052, 94096, 94158, 94162, 
      94204, 94208, 94212, 94214, 94228, 94230, 94232, 94238, 94412, 94440, 
      94446, 94456, 94490, 94492, 94500, 94502, 94508, 94514, 94546, 94574, 
      94580, 94584, 94588, 94590, 94598, 94606, 94612, 94614, 94616, 94618, 
      94626, 94628, 94630, 94632, 94636, 94638, 94712, 94714, 94720, 94722, 
      94736, 94738, 95090, 95092, 95114, 95118, 95170, 95172, 95176, 95178, 
      95194, 95202, 95214, 95218, 96942, 96956, 96964, 96978, 97010, 97016, 
      97024, 97026, 97030, 97032, 97038, 97048, 97198, 97230, 97238, 97248, 
      97270, 97276, 97282, 97284, 97294, 97296, 97564, 97570, 97584, 97690, 
      97696, 97706, 97710, 97714, 97716, 97724, 97728, 97752, 97756, 97766, 
      97768, 97774, 97776, 97778, 99730, 99742, 99746, 100136, 100150, 
      100168, 100170, 100202, 100206, 100244, 100256, 100282, 100284, 100288, 
      100290, 100340, 100342, 100348, 100350, 100358, 100360, 100366, 100678, 
      100682, 100722, 100734, 100740, 100746, 100748, 100750, 100780, 100782, 
      100788, 100790, 100828, 100830, 100840, 100846, 100848, 100850, 100912, 
      101084, 101112, 101230, 101232, 101306, 101308, 101330, 101332, 101338, 
      101340, 101346, 101348, 101350, 101352, 101358, 101790, 101792, 101836, 
      101842, 101874, 102082, 102194, 102196, 102216, 102224, 102226, 102312, 
      102314, 102342, 102346, 102354, 102356, 102376, 102382, 102384, 102386, 
      102652, 102658, 102668, 102728, 102736, 102738, 102800, 102830, 102844, 
      102878, 102880, 102886, 102888, 102894, 102896, 102898, 103050, 103052, 
      103056, 103058, 103220, 103240, 103242, 103250, 103252, 103258, 103264, 
      103266, 103294, 103300, 103304, 103306, 103308, 103310, 103316, 103318, 
      103324, 103326, 103328, 103346, 103352, 103358, 103360, 103362, 103364, 
      103366, 103368, 103372, 103376, 103378, 103390, 103400, 103402, 103404, 
      103408, 103410 ],
  TheInv := rec(
      OrdGrp := 991533312000,
      DistInvariant := [ [ [ [ -1, 1 ] ], 276 ], [ [ [ 1, 1 ] ], 75900 ], 
          [ [ [ 2, 1 ] ], 75900 ] ] ),
  Status := "NO",
  OrbSize := 16773120 );
