return rec(
  Inc := [ 7578, 7912, 8592, 9042, 93838, 94500, 94546, 94598, 94626, 94636, 
      94738, 95118, 97756, 97774, 100358, 101340, 102226, 102314, 102354, 
      102880, 102894, 103328, 103372, 103378, 103404, 103408, 103410, 104769, 
      131397 ],
  TheInv := rec(
      DistInvariant := 
       [ [ [ [ 1, 1 ], [ 2, 5 ] ], 8150 ], [ [ [ 1, 2 ], [ 2, 4 ] ], 1436 ], 
          [ [ [ 1, 3 ], [ 2, 3 ] ], 70 ], [ [ [ 2, 6 ] ], 14095 ] ],
      OrdGrp := 240 ),
  Status := "NO",
  OrbSize := 138592560218112000 );
