return rec(
  Inc := [ 9178, 9190, 9192, 9203, 100850, 102376, 102382, 102384, 102386, 
      102830, 102844, 102878, 102880, 102886, 102888, 103264, 103266, 103358, 
      103360, 103362, 103364, 103366, 103368, 103372, 103376, 103390, 103400, 
      103402, 103404, 103408, 103410, 103411 ],
  TheInv := rec(
      OrdGrp := 672,
      DistInvariant := 
       [ [ [ [ 1, 1 ], [ 2, 2 ] ], 1178 ], [ [ [ 1, 2 ], [ 2, 1 ] ], 86 ], 
          [ [ [ 2, 3 ] ], 3696 ] ] ),
  Status := "NO",
  OrbSize := 49497342935040000 );
