return rec(
  Inc := [ 6392, 7912, 9184, 9203, 94204, 94500, 94598, 94626, 94636, 94738, 
      95118, 95194, 97238, 97584, 100168, 100358, 101340, 102226, 102314, 
      102354, 102376, 102386, 102880, 102894, 103212, 103328, 103346, 103366, 
      103372, 103404, 103408, 103410, 104179, 104769, 107159, 110239, 131397, 
      132771 ],
  TheInv := rec(
      OrdGrp := 10080,
      DistInvariant := 
       [ [ [ [ 1, 1 ], [ 2, 2 ] ], 2170 ], [ [ [ 1, 2 ], [ 2, 1 ] ], 211 ], 
          [ [ [ 2, 3 ] ], 6055 ] ] ),
  Status := "NO",
  OrbSize := 3299822862336000 );
