return rec(
  Inc := [ 7578, 7912, 8074, 8592, 9042, 9203, 77136, 93838, 94492, 94500, 
      94514, 94546, 94584, 94598, 94626, 94636, 94738, 95114, 95118, 95194, 
      97238, 97584, 97756, 97766, 97774, 100358, 101340, 101836, 102224, 
      102226, 102314, 102354, 102376, 102384, 102880, 102894, 103240, 103372, 
      103378, 103404, 103408, 103410, 104769, 131397 ],
  TheInv := rec(
      DistInvariant := 
       [ [ [ [ 1, 1 ], [ 2, 2 ] ], 3570 ], [ [ [ 1, 2 ], [ 2, 1 ] ], 420 ], 
          [ [ [ 2, 3 ] ], 9254 ] ],
      OrdGrp := 483840 ),
  Status := "NO",
  OrbSize := 103119464448000 );
