return rec(
  Inc := [ 6392, 7578, 7912, 8522, 8592, 9186, 94546, 94598, 94626, 94636, 
      94738, 95118, 95164, 95194, 95214, 97766, 100358, 100836, 101340, 
      102314, 102354, 102376, 102880, 102894, 103328, 103366, 103372, 103404, 
      103408, 103410, 104769, 107159, 131397 ],
  TheInv := rec(
      OrdGrp := 2880,
      DistInvariant := 
       [ [ [ [ 1, 1 ], [ 2, 2 ] ], 1275 ], [ [ [ 1, 2 ], [ 2, 1 ] ], 91 ], 
          [ [ [ 2, 3 ] ], 4090 ] ] ),
  Status := "NO",
  OrbSize := 5774690009088000 );
