return rec(
  Inc := [ 9202, 9203, 100850, 102376, 102830, 102844, 102878, 102880, 
      102886, 102888, 103264, 103266, 103358, 103360, 103362, 103364, 103366, 
      103368, 103372, 103376, 103390, 103400, 103402, 103404, 103408, 103410, 
      103411 ],
  TheInv := rec(
      OrdGrp := 24,
      DistInvariant := 
       [ [ [ [ 1, 1 ], [ 2, 5 ] ], 6339 ], [ [ [ 1, 2 ], [ 2, 4 ] ], 1104 ], 
          [ [ [ 1, 3 ], [ 2, 3 ] ], 51 ], [ [ [ 2, 6 ] ], 10056 ] ] ),
  Status := "NO",
  OrbSize := 1385925602181120000 );
