return rec(
  Inc := [ 7578, 7912, 8592, 9042, 94500, 94546, 94598, 94626, 94636, 94738, 
      95118, 97756, 101340, 102226, 102314, 102354, 102376, 102880, 102894, 
      103328, 103372, 103378, 103404, 103408, 103410, 104769, 131397 ],
  TheInv := rec(
      DistInvariant := 
       [ [ [ [ 1, 1 ], [ 2, 5 ] ], 6049 ], [ [ [ 1, 2 ], [ 2, 4 ] ], 964 ], 
          [ [ [ 1, 3 ], [ 2, 3 ] ], 41 ], [ [ [ 2, 6 ] ], 10496 ] ],
      OrdGrp := 48 ),
  Status := "NO",
  OrbSize := 692962801090560000 );
