return rec(
  Inc := [ 6314, 6976, 7576, 7924, 7926, 8034, 8036, 8090, 8328, 8440, 8442, 
      8598, 8602, 8742, 8746, 8860, 8862, 8986, 8988, 8996, 9000, 9002, 9004, 
      9010, 9012, 9046, 9048, 9050, 9052, 9058, 9060, 9074, 9080, 9082, 9106, 
      9108, 9110, 9112, 9158, 9166, 9168, 9174, 9176, 9178, 9186, 9188, 9190, 
      9192, 9200, 9202, 93570, 94636, 94638, 94712, 94714, 97238, 97710, 
      97716, 97766, 97768, 100288, 100290, 100828, 100830, 100850, 101112, 
      101306, 101308, 101346, 101350, 102194, 102196, 102376, 102384, 102386, 
      102728, 102878, 102880, 102886, 102888, 103056, 103058, 103240, 103258, 
      103264, 103266, 103278, 103324, 103358, 103360, 103362, 103364, 103366, 
      103368, 103372, 103376, 103378, 103390, 103400, 103408, 103410 ],
  TheInv := rec(
      OrdGrp := 88704000,
      DistInvariant := [ [ [ [ 1, 1 ] ], 1100 ], [ [ [ 2, 1 ] ], 3950 ] ] ),
  Status := "NO",
  OrbSize := 187489935360 );
