return rec(
  Inc := [ 9082, 9108, 9110, 9178, 9188, 9190, 9200, 9202, 100850, 101306, 
      101346, 101352, 102384, 102878, 102888, 102896, 103058, 103234, 103246, 
      103266, 103278, 103304, 103324, 103326, 103332, 103352, 103354, 103358, 
      103360, 103362, 103364, 103366, 103368, 103372, 103374, 103376, 103378, 
      103390, 103398, 103400, 103402, 103404, 103406, 103408, 103410, 103411, 
      103413, 103415, 103425, 103495, 103505, 103577 ],
  TheInv := rec(
      OrdGrp := 504000,
      DistInvariant := 
       [ [ [ [ 1, 1 ], [ 2, 2 ] ], 6700 ], [ [ [ 1, 2 ], [ 2, 1 ] ], 1050 ], 
          [ [ [ 2, 3 ] ], 14350 ] ] ),
  Status := "NO",
  OrbSize := 65996457246720 );
