return rec(
  EXT := 
   [ [ 0, 0, 1, 0, 0, 1, 0, 0, 0, -1, 1, 0, 0, 0, 1, 0, 0, 0, 0, 0, -1, 0, 1, 
          1 ], 
      [ 0, 0, 1, 0, 0, 1, 0, 0, 0, -1, 1, 0, 0, 0, 1, 0, 0, 0, 0, 0, -1, 0, 
          0, 1 ], 
      [ 0, 0, 0, 0, 0, 1, 0, 1, -1, 1, 0, 0, -1, 1, -1, 0, 0, 0, -1, 0, 0, 0, 
          0, 1 ], 
      [ 0, -1, 1, 0, 1, 0, -1, 0, 0, 0, 0, 1, -1, -1, 0, 0, 0, 0, 0, 0, -1, 
          0, 0, 1 ], 
      [ 1, 0, 1, 1, 0, 0, 0, 0, 0, 0, 0, -1, 0, 0, -1, 1, 1, 0, 0, 0, 0, 1, 
          0, 1 ], 
      [ 0, 1, 0, 0, 1, 0, 0, 0, 0, -1, 0, 0, 0, 0, 0, 1, 0, 0, 0, 0, 0, 1, 1, 
          1 ], 
      [ 1, 0, 0, 0, 0, 1, -1, 0, 0, 0, 1, -1, 0, 0, 0, 0, 0, 0, 0, 0, 0, 0, 
          0, 1 ], 
      [ 0, 0, 1, 0, 1, 1, -1, 0, -1, 0, 1, -1, 0, 0, 0, 0, 0, -1, -1, 0, -1, 
          0, 0, 1 ], 
      [ 0, 0, 1, 0, 0, 1, -1, 0, 0, 0, 0, 0, -1, 0, 0, 0, 0, 0, 0, 1, -1, 0, 
          0, 1 ], 
      [ 0, 0, 1, 0, 0, 1, 0, 1, 0, 0, 0, 0, 0, 0, -1, 1, -1, -1, 0, 0, 1, 0, 
          0, 1 ], 
      [ 0, 0, 0, 1, 1, 0, 0, 0, -1, 0, -1, -1, 0, 0, -1, 0, 0, 0, -1, 0, 0, 
          1, 0, 1 ], 
      [ 0, 1, 1, 1, 0, 0, 0, -1, 0, 0, 0, -1, 0, 0, -1, 1, 0, 0, 0, 0, 0, 1, 
          1, 1 ], 
      [ 0, 0, 0, 0, 0, 0, -1, 0, 0, 0, 0, 0, 0, -1, -1, 1, -1, -1, 0, 1, 0, 
          1, 0, 1 ], 
      [ 0, 0, 1, 0, 1, 1, 0, 0, 0, 0, 0, 0, 0, 0, 0, 1, 0, -1, 0, 0, 0, 1, 1, 
          1 ], 
      [ -1, 0, 1, 0, 0, 1, 0, 0, 0, 0, 0, 0, -1, 0, 0, 1, -1, 0, 0, 0, 0, 0, 
          1, 1 ], 
      [ 1, 1, 0, 1, 0, 1, 0, 1, -1, 0, 0, 0, -1, -1, 0, 1, -1, 0, -1, 1, 0, 
          1, 1, 1 ], 
      [ 0, 0, 1, 1, 0, 1, 0, 0, 0, -1, 1, 0, 0, 0, 0, 1, 0, 0, 0, -1, 0, -1, 
          0, 1 ], 
      [ 0, 0, 1, 1, 1, 1, 1, 0, 0, -1, 0, 0, -1, 0, 0, 1, -1, 0, 0, 0, 0, 0, 
          1, 1 ], 
      [ 1, 1, 0, 0, 0, 0, 0, 0, 0, 0, 0, 0, 0, -1, 0, 1, 0, 0, 0, 1, 0, 1, 1, 
          1 ], 
      [ 0, 1, 0, 0, -1, 0, 0, 0, 0, 0, 0, -1, 1, 0, -1, 1, 0, 0, 0, 0, 1, 0, 
          0, 1 ], 
      [ 0, 0, 1, 0, 1, 1, 0, 0, 0, 0, 0, -1, 0, 1, 0, 0, 0, 0, -1, 0, 0, 0, 
          1, 1 ], 
      [ 1, 0, 0, 0, 0, 1, -1, 1, 0, 0, 0, 0, 0, 0, 0, 0, 0, 0, -1, 1, 0, 0, 
          0, 1 ], 
      [ 0, 0, 1, 1, 1, 1, 1, 0, -1, -1, 0, 0, -1, 0, 0, 1, 0, 0, 0, -1, 0, 0, 
          1, 1 ], 
      [ 0, 0, 1, 0, 0, 1, 0, 0, 1, 0, 0, 0, 0, 0, 0, 1, 0, 0, 0, 0, 0, 0, 0, 
          1 ], 
      [ 1, 1, 0, 1, 0, 1, 0, 0, 0, 0, 0, -1, 0, 0, 0, 0, 0, 1, -1, 0, 0, 0, 
          0, 1 ], 
      [ 0, 0, 1, 1, 1, 0, 0, -1, -1, -1, 0, -1, 0, 0, -1, 1, 0, -1, 0, 0, -1, 
          1, 0, 1 ], 
      [ 0, -1, 1, 1, 1, 0, 0, 0, 0, -1, 1, 0, 0, 0, -1, 1, 0, -1, 1, -1, 0, 
          0, 0, 1 ], 
      [ 0, 0, 1, 1, 0, 1, 0, 0, -1, 0, 0, -1, -1, 0, -1, 1, -1, -1, 0, 1, 0, 
          1, 1, 1 ], 
      [ -1, 0, 1, 1, 1, 0, 0, 0, -1, 0, 0, 0, -1, -1, -1, 1, -1, -1, 0, 0, 0, 
          1, 1, 1 ], 
      [ 0, 1, 0, 0, 0, 1, 0, 0, 0, 0, -1, 0, -1, 0, 0, 0, -1, 1, -1, 1, 0, 0, 
          1, 1 ], 
      [ 1, 0, 1, 0, -1, 1, 0, 1, 0, 0, 1, 0, 0, 0, 0, 1, 0, 0, 0, 0, 0, -1, 
          0, 1 ], 
      [ 0, 0, 1, 1, 1, 0, -1, -1, -1, -1, 1, -1, 0, -1, 0, 1, 0, -1, 0, 0, 
          -1, 1, 1, 1 ], 
      [ 0, 0, 1, 1, 0, 1, 0, 0, 1, 0, 0, 0, 0, -1, 0, 1, -1, 0, 0, 0, 1, 0, 
          1, 1 ], 
      [ 1, 0, 0, 0, 0, 0, 0, 1, 0, -1, 0, 0, 0, -1, 0, 1, -1, 0, 0, 1, 0, 0, 
          0, 1 ], 
      [ 0, 0, 0, -1, 0, 1, -1, 1, -1, 1, 0, 0, 0, -1, 0, 0, -1, -1, -1, 1, 0, 
          0, 0, 1 ], 
      [ 0, 0, 1, 0, 1, 1, 0, 0, 0, -1, 1, 0, 0, 0, 0, 1, 0, -1, 1, -1, 0, 0, 
          0, 1 ], 
      [ 1, 1, 0, 0, 0, 1, 0, 1, 0, -1, 0, 0, 0, 0, 0, 1, -1, 0, -1, 1, 0, 0, 
          0, 1 ], 
      [ 0, 1, 1, 0, 0, 0, 0, 0, 0, 0, -1, 0, 0, -1, 0, 1, 0, 0, 0, 1, 0, 1, 
          1, 1 ], 
      [ 0, 0, 1, 0, 1, 0, -1, -1, -1, 0, 0, -1, 0, 0, -1, 0, 1, -1, 0, 0, -1, 
          1, 0, 1 ], 
      [ -1, 0, 1, 0, 0, 1, -1, 0, 0, 0, 1, 1, -1, -1, 0, 1, -1, -1, 1, 0, 0, 
          0, 1, 1 ], 
      [ 1, 0, 1, 1, 0, 1, 0, 0, -1, -1, 1, -1, -1, 0, 0, 1, 0, 0, 0, 0, -1, 
          0, 0, 1 ], 
      [ 1, 1, 1, 0, -1, 0, 0, 0, 0, 0, 0, -1, 1, 0, -1, 1, 1, 0, 0, 0, 0, 0, 
          -1, 1 ], 
      [ 0, 1, 1, 0, 0, 1, 0, 0, 0, 0, 0, 0, 0, 0, 0, 1, 0, 0, -1, 0, 0, 0, 1, 
          1 ], 
      [ 0, 0, 1, -1, 0, 1, 0, 1, 0, 0, 0, 0, 0, 0, 0, 1, -1, -1, 0, 1, 0, 0, 
          0, 1 ], 
      [ 0, 0, 1, 1, 0, 1, 0, 1, -1, 0, 1, 0, -1, 0, -1, 1, -1, -1, 0, 0, 0, 
          0, 0, 1 ], 
      [ -1, 0, 1, 1, 1, 1, 0, 0, -1, 0, 0, 0, -1, -1, 0, 1, -1, -1, 0, 0, 0, 
          1, 1, 1 ], 
      [ 1, 1, 0, 0, 0, 0, 0, 1, 0, 0, 0, 0, 0, -1, 0, 1, 0, 0, 0, 1, 0, 1, 0, 
          1 ], 
      [ 1, 0, 0, -1, 0, 0, -1, 0, 0, 0, 0, 0, 0, -1, 0, 0, 0, 0, 0, 1, -1, 0, 
          -1, 1 ], 
      [ 0, 0, 0, 0, 0, 0, 0, 1, 0, 0, 0, 0, 1, -1, -1, 1, -1, -1, 0, 0, 1, 0, 
          -1, 1 ], 
      [ 1, 1, 0, 0, 0, 1, 1, 1, -1, 0, 0, 0, 0, 0, 0, 1, 0, 0, -1, 0, 0, 0, 
          0, 1 ], 
      [ -1, -1, 1, 0, 1, 0, -1, 0, 0, -1, 1, 1, -1, -1, 0, 1, -1, -1, 1, 0, 
          -1, 0, 0, 1 ], 
      [ 1, 0, 0, 0, 0, 0, -1, 1, -1, 0, 0, 0, 0, -1, 0, 0, 0, 0, -1, 1, -1, 
          0, -1, 1 ], 
      [ 0, 1, 0, 0, 0, 0, 1, 0, 0, -1, -1, 0, 0, 0, 0, 1, 0, 1, 0, 0, 0, 0, 
          0, 1 ], 
      [ 0, 0, 0, -1, -1, 1, -1, 1, 0, 1, 1, 0, 0, 0, 0, 0, 0, 0, 0, 0, 0, -1, 
          -1, 1 ], 
      [ 0, -1, 1, 1, 1, 0, 0, 0, -1, 0, 0, 0, -1, 0, -1, 0, 1, 0, 0, -1, -1, 
          0, -1, 1 ], 
      [ 0, 0, 1, 0, 0, 1, 0, 0, 0, 0, 0, 0, -1, 1, 0, 0, 0, 1, -1, 0, -1, -1, 
          0, 1 ], 
      [ 0, 0, 1, 0, 0, 0, 0, 0, 1, 0, 0, 1, 0, -1, 0, 1, 0, 0, 1, 0, 0, 0, 0, 
          1 ], 
      [ 0, 0, 0, 0, 1, 1, 0, 1, 0, 0, 0, 0, 0, 1, 0, 0, 0, 0, -1, 0, 0, 0, 0, 
          1 ], 
      [ 0, 0, 0, -1, 0, 0, -1, 0, 0, 0, 0, 0, 0, 0, 0, 0, 0, 0, 0, 1, -1, 0, 
          0, 1 ], 
      [ 0, 0, 0, 0, 0, 0, 0, 1, 0, 0, 0, 1, 0, -1, 0, 1, 0, 0, 0, 0, 0, 0, 0, 
          1 ], 
      [ 1, 1, 0, 1, 0, 1, 1, 0, 0, -1, 0, -1, 0, 1, 0, 1, 0, 1, -1, 0, 0, 0, 
          1, 1 ], 
      [ 0, 0, 1, 0, 0, 0, 1, 0, 0, 0, -1, 0, 0, 0, -1, 1, 0, 0, 0, 0, 0, 0, 
          0, 1 ], 
      [ 0, 1, 0, 0, 0, 1, -1, 0, 0, 1, 0, -1, 0, 0, 0, 0, 0, 0, -1, 1, 0, 1, 
          1, 1 ], 
      [ 1, 0, 0, 0, -1, 0, -1, 1, 0, 1, 0, 0, 0, -1, -1, 0, 0, 0, 0, 1, 0, 0, 
          -1, 1 ], 
      [ 0, 1, 0, 0, 0, 1, 1, 1, 0, 0, 0, 0, 0, 0, 0, 1, -1, 0, 0, 0, 1, 0, 1, 
          1 ], 
      [ 0, 0, 1, 0, 0, 1, 0, 1, 1, 0, 0, 1, -1, 0, 0, 1, -1, 0, 0, 1, 0, 0, 
          1, 1 ], 
      [ 1, 1, 0, 0, 0, 0, 0, 1, -1, 0, 0, -1, 1, 0, -1, 1, 0, -1, -1, 1, 0, 
          1, 0, 1 ], 
      [ 1, 1, 0, 0, 0, 0, 0, 0, -1, 0, 0, -1, 0, 0, 0, 0, 1, 1, -1, 0, -1, 0, 
          0, 1 ], 
      [ 0, 0, 0, 0, 0, 1, -1, 1, 0, 0, 1, 0, 0, 0, 0, 0, -1, 0, -1, 0, 0, -1, 
          0, 1 ], 
      [ 0, 0, 1, 0, 0, 1, 0, 0, 1, 0, 0, 0, 0, 1, 0, 0, 1, 1, 0, -1, 0, -1, 
          0, 1 ], 
      [ 0, 0, 1, 1, 0, 0, 0, 0, -1, -1, 0, 0, -1, 0, -1, 1, 0, 0, 0, 0, -1, 
          0, 0, 1 ], 
      [ 1, 0, 0, 0, 1, 1, 0, 1, 0, 0, 0, 0, 0, 0, 0, 0, 0, 0, -1, 0, 0, 0, 0, 
          1 ], 
      [ 0, 0, 1, -1, 0, 0, -1, 0, 1, 0, 1, 0, 1, -1, 0, 1, 0, -1, 1, 0, 0, 0, 
          0, 1 ], 
      [ 1, 1, 0, 0, 0, 0, 0, 0, 0, -1, 0, 0, 1, -1, 0, 1, 0, 0, 0, 0, 0, 0, 
          0, 1 ], 
      [ 0, 0, 1, 0, 1, 1, 0, 0, -1, -1, 1, 0, -1, 0, 0, 1, -1, -1, 0, 0, -1, 
          0, 1, 1 ], 
      [ 0, -1, 1, 0, 1, 1, -1, 1, -1, 0, 1, 0, -1, 0, 0, 0, 0, -1, 0, 0, -1, 
          0, 0, 1 ], 
      [ 1, 1, 0, -1, -1, 1, 0, 1, 0, 0, 0, 0, 0, 0, 0, 1, 0, 0, 0, 1, 0, 0, 
          0, 1 ], 
      [ -1, 0, 1, 0, 0, 1, 0, 0, -1, 0, 0, 0, -1, 0, -1, 1, -1, -1, 0, 0, 0, 
          0, 0, 1 ], 
      [ 0, 1, 1, 1, 1, 0, 0, -1, -1, -1, 0, 0, -1, -1, 0, 1, 0, 0, 0, 0, -1, 
          1, 1, 1 ], 
      [ 0, 0, 1, 0, 1, 1, 0, 0, 0, 0, -1, 0, 0, 0, 0, 0, 0, 0, -1, 0, 0, 0, 
          0, 1 ], 
      [ 1, -1, 1, 0, 0, 1, -1, 1, 1, 0, 1, 0, 0, 0, 0, 0, 0, 0, 0, 0, 0, -1, 
          -1, 1 ], 
      [ -1, 1, 1, 0, 0, 1, 0, 0, 1, 0, 0, 0, 0, 0, 0, 1, -1, 0, 0, 0, 1, 0, 
          1, 1 ], 
      [ 1, 1, 1, 1, 0, 1, 0, 0, 0, 0, 0, -1, 0, 0, 0, 1, 0, 0, -1, 1, 0, 1, 
          1, 1 ], 
      [ 0, 0, 1, 1, 0, 0, -1, -1, 0, 0, 1, -1, 0, -1, -1, 1, 0, -1, 1, 0, 0, 
          1, 0, 1 ], 
      [ 0, 1, 0, -1, 0, 0, -1, 0, 0, 0, 0, 0, 1, -1, 0, 1, 0, -1, 0, 1, 0, 1, 
          0, 1 ], 
      [ 0, 0, 0, 0, 0, 1, -1, 0, 0, 0, 0, -1, 0, 0, 0, 0, -1, 0, -1, 1, 0, 0, 
          0, 1 ], 
      [ 1, 1, 0, 0, 0, 0, 0, 0, 0, -1, 1, -1, 1, 0, 0, 1, 0, 0, 0, 0, 0, 0, 
          0, 1 ], 
      [ 0, 0, 0, 0, 0, 1, -1, 1, 0, 1, 0, 1, -1, -1, 0, 0, -1, 0, -1, 1, 0, 
          0, 0, 1 ], 
      [ 1, 0, 0, 0, -1, 0, 0, 1, 0, 0, 0, 0, 0, 0, -1, 1, 0, 0, 0, 1, 0, 0, 
          -1, 1 ], 
      [ 0, 1, 0, 0, 0, 0, 0, 0, -1, 1, -1, -1, 0, 0, -1, 0, 0, 0, -1, 1, 0, 
          1, 0, 1 ], 
      [ 0, 0, 1, 1, 1, 0, 0, -1, 0, -1, 0, 0, -1, -1, 0, 1, 0, 0, 1, 0, -1, 
          1, 1, 1 ], 
      [ 0, 0, 1, 1, 0, 1, 0, 0, -1, 0, 1, -1, 0, 0, -1, 1, 0, -1, 0, -1, 0, 
          0, 0, 1 ], 
      [ 1, 1, 0, 0, -1, 1, 0, 1, 0, 0, 0, 0, 0, -1, 0, 1, -1, 0, 0, 1, 1, 0, 
          0, 1 ], 
      [ 0, 0, 1, 1, 1, 0, 0, 0, -1, -1, 0, -1, 0, 0, -1, 1, 0, -1, 0, 0, 0, 
          1, 0, 1 ], 
      [ 1, 0, 1, 0, 0, 1, -1, 0, 0, 0, 0, -1, 0, 0, 0, 0, 0, 0, -1, 1, -1, 0, 
          0, 1 ], 
      [ 1, 1, 0, 0, 0, 1, 0, 0, 0, 0, 0, -1, 0, 1, 0, 0, 1, 1, -1, 0, 0, 0, 
          0, 1 ], 
      [ 0, 0, 1, 0, 0, 0, 0, 0, 0, 0, 0, 0, 0, -1, 0, 1, 0, 0, 0, 0, 0, 0, 0, 
          1 ], 
      [ 0, -1, 1, 0, 1, 1, -1, 0, -1, 0, 1, 0, -1, 0, 0, 0, 0, -1, 0, 0, -1, 
          0, 0, 1 ], 
      [ 0, -1, 1, 0, 0, 1, -1, 0, 0, 0, 1, 0, -1, 0, 0, 0, 0, 0, 0, 0, -1, 
          -1, 0, 1 ], 
      [ 0, 0, 1, 0, 0, 1, -1, 0, 0, 0, 1, 0, 0, -1, 0, 1, -1, -1, 0, 0, 0, 0, 
          0, 1 ], 
      [ 1, 0, 0, 0, 0, 1, -1, 1, -1, 1, 0, -1, 0, 0, -1, 0, 0, -1, -1, 1, 0, 
          1, -1, 1 ], 
      [ 0, 0, 1, 1, 0, 0, 0, 0, 0, 0, -1, 0, -1, -1, -1, 1, -1, 0, 0, 1, 0, 
          1, 0, 1 ], 
      [ 1, 1, 1, 1, 0, 1, 0, 0, 0, -1, 1, -1, 0, 0, 0, 1, 0, 0, 0, 0, 0, 0, 
          1, 1 ], 
      [ 0, 0, 1, 0, 1, 0, -1, -1, 0, 0, 0, -1, 0, 0, 0, 0, 1, 0, 0, 0, -1, 1, 
          0, 1 ], 
      [ 0, 1, 0, 1, 0, 0, 0, 0, -1, 0, 0, -1, 0, 0, -1, 1, 0, 0, -1, 0, 0, 1, 
          0, 1 ], 
      [ 0, 1, 0, 0, 0, 1, 0, 0, 0, 0, 0, 0, -1, 0, 0, 1, -1, 0, 0, 1, 0, 1, 
          1, 1 ], 
      [ 0, 0, 1, 1, 1, 1, 0, 0, -1, 0, 0, 0, -1, 0, 0, 0, 0, 0, -1, 0, -1, 0, 
          1, 1 ], 
      [ -1, 0, 1, 0, 1, 1, 0, 0, 0, -1, 0, 0, 0, 0, 0, 1, -1, -1, 0, 0, 0, 0, 
          1, 1 ], 
      [ 0, 0, 1, 0, 0, 1, 0, 1, 0, 0, 0, 1, -1, 0, 0, 1, 0, 0, 0, 0, 0, 0, 0, 
          1 ], 
      [ 0, 0, 0, 0, 1, 1, 0, 1, -1, 0, 0, 0, -1, 0, 0, 0, -1, 0, -1, 0, 0, 0, 
          0, 1 ], 
      [ 0, 0, 1, 0, 1, 0, 0, 0, 0, 0, 0, 0, 0, 0, -1, 1, 0, -1, 0, 0, 0, 1, 
          0, 1 ], 
      [ 0, 0, 1, 1, 0, 1, 1, 0, 0, 0, 0, -1, 0, 1, -1, 1, 0, 0, 0, -1, 1, 0, 
          0, 1 ], 
      [ 1, 0, 0, 1, 1, 0, 0, 0, 0, -1, 0, 0, 0, -1, 0, 1, 0, 0, 0, 0, 0, 1, 
          0, 1 ], 
      [ 0, 0, 0, 0, 0, 0, -1, 0, 0, 0, 0, 0, 0, 0, -1, 0, 0, 0, 0, 0, 0, 0, 
          -1, 1 ], 
      [ 0, 0, 1, 1, 0, 1, 0, 0, 0, -1, 1, 0, -1, 0, 0, 1, -1, 0, 0, 0, 0, 0, 
          1, 1 ], 
      [ 0, 1, 0, 0, 0, 1, 0, 0, 0, 0, 0, 0, 0, 0, 1, 0, 0, 1, -1, 0, 0, 0, 1, 
          1 ], 
      [ 1, 0, 0, -1, 0, 0, 0, 1, 0, 0, 0, 0, 1, 0, 0, 0, 1, 0, 0, 0, 0, 0, 
          -1, 1 ], 
      [ 0, 0, 0, 0, 0, 0, -1, 0, -1, 0, 0, 0, -1, -1, 0, 0, 0, 0, 0, 1, -1, 
          1, 0, 1 ], 
      [ 0, 0, 1, -1, -1, 1, -1, 0, 1, 1, 0, 0, 0, 0, 0, 0, 0, 0, 0, 1, 0, 0, 
          0, 1 ], 
      [ 0, 1, 0, 0, 0, 1, 1, 1, 0, 0, -1, 0, 0, 0, 0, 1, -1, 0, -1, 1, 1, 1, 
          1, 1 ], 
      [ 0, 0, 1, 1, 0, 0, 0, 0, -1, 0, 0, 0, 0, -1, -1, 1, 0, -1, 0, 0, 0, 1, 
          0, 1 ], 
      [ 0, 0, 0, 0, 0, 0, -1, 1, 0, 1, 0, 0, 0, -1, -1, 1, -1, -1, 0, 1, 1, 
          1, 0, 1 ], 
      [ -1, 0, 1, 0, 1, 0, 0, -1, 0, -1, 0, 0, 0, -1, 0, 1, -1, -1, 1, 0, 0, 
          1, 1, 1 ], 
      [ 0, 0, 1, 1, 1, 1, 0, 0, 0, 0, 0, 0, -1, 0, 0, 0, 0, 0, 0, 0, 0, 1, 1, 
          1 ], 
      [ 0, 0, 1, 0, 0, 1, 0, 1, 0, 0, 0, 1, -1, -1, 0, 1, -1, 0, 0, 0, 0, -1, 
          0, 1 ], 
      [ -1, -1, 1, 0, 1, 1, -1, 0, 0, 0, 1, 0, 0, 0, 0, 0, 0, -1, 0, -1, 0, 
          0, 0, 1 ], 
      [ 1, 1, 0, 0, 0, 0, -1, 0, 0, 0, 0, -1, 1, -1, 0, 0, 0, 0, -1, 1, 0, 1, 
          0, 1 ], 
      [ 1, 1, 0, 0, 0, 0, 0, 0, -1, 0, -1, -1, 0, 0, -1, 1, 0, 0, -1, 1, 0, 
          1, 0, 1 ], 
      [ 0, 1, 1, 0, 0, 1, 0, 0, -1, 0, 1, -1, 0, 0, 0, 1, 0, -1, 0, 0, 0, 1, 
          1, 1 ], 
      [ 1, 0, 0, 0, 0, 1, -1, 1, 0, 0, 1, 0, 0, -1, 0, 1, -1, -1, 0, 1, 0, 0, 
          0, 1 ], 
      [ 0, 1, 0, 0, 0, 0, 0, 0, 0, 0, 0, 0, 0, 0, -1, 1, 0, 0, 0, 0, 0, 0, 0, 
          1 ], 
      [ 0, 0, 1, 1, 0, 0, 0, 0, 0, 0, 0, -1, 0, 0, -1, 1, 0, 0, 0, 0, 0, 0, 
          0, 1 ], 
      [ 0, 0, 0, 0, 0, 0, 0, 0, 1, 0, 0, 0, 0, 0, 0, 0, 0, 1, 0, 0, 0, 0, 0, 
          1 ], 
      [ 0, 0, 1, 1, 1, 0, 1, 0, -1, -1, 0, 0, -1, 0, 0, 1, 0, 0, 0, 0, -1, 1, 
          1, 1 ], 
      [ 1, 0, 0, 0, 0, 1, 0, 1, 0, 0, 0, 0, 0, 0, 0, 0, -1, 0, -1, 1, 0, 0, 
          0, 1 ], 
      [ 0, 0, 1, 0, 0, 0, 0, -1, 0, -1, 1, 0, 0, 0, 0, 1, 1, 0, 1, -1, -1, 0, 
          0, 1 ], 
      [ 0, 0, 1, 0, 0, 0, 0, 0, 1, -1, 0, 0, 1, 0, 0, 1, 0, 0, 0, 0, 0, 0, 0, 
          1 ], 
      [ 1, 0, 0, -1, 0, 1, -1, 1, 0, 0, 1, 0, 0, 0, 1, 0, 0, 0, -1, 1, -1, 0, 
          0, 1 ], 
      [ 0, 0, 1, 1, 1, 1, 0, -1, -1, 0, 0, -1, -1, 0, 0, 0, 0, 0, -1, 0, -1, 
          1, 1, 1 ], 
      [ 0, 1, 0, -1, -1, 0, 0, 1, 0, 0, 0, 1, 0, -1, 0, 1, -1, 0, 0, 1, 0, 0, 
          0, 1 ], 
      [ 0, -1, 1, 0, 0, 0, -1, 0, -1, 0, 1, -1, 0, 0, -1, 0, 0, -1, 0, 0, -1, 
          0, -1, 1 ], 
      [ 1, 1, 0, 0, -1, 1, 0, 1, 0, 0, 0, -1, 0, 1, 0, 0, 0, 1, -1, 1, 0, 0, 
          0, 1 ], 
      [ 1, 1, 0, 0, -1, 1, 0, 1, 1, 0, 1, 0, 1, 0, 0, 1, 0, 0, 0, 0, 1, 0, 0, 
          1 ], 
      [ 0, -1, 1, 0, 1, 1, 0, 0, 0, -1, 0, 0, -1, 1, 0, 0, 0, 0, 0, 0, -1, 0, 
          0, 1 ], 
      [ 1, 1, 0, 1, 0, 0, 1, 0, -1, -1, 0, -1, 0, 0, -1, 1, 0, 0, 0, 0, 0, 1, 
          0, 1 ], 
      [ 0, 0, 0, 0, 0, 1, 0, 1, -1, -1, 1, 0, 0, 0, 0, 1, -1, -1, 0, 0, 0, 0, 
          0, 1 ], 
      [ 0, -1, 1, 0, 0, 1, 0, 1, 0, 0, 1, 1, -1, -1, 0, 1, -1, -1, 1, 0, 0, 
          0, 0, 1 ], 
      [ -1, 0, 1, 0, 1, 1, -1, 0, -1, 0, 0, 0, -1, 0, 0, 0, -1, -1, -1, 1, 
          -1, 1, 1, 1 ], 
      [ 1, 0, 1, 0, 0, 0, -1, 0, 0, -1, 1, 0, 0, -1, 0, 1, 0, -1, 1, 1, -1, 
          1, 0, 1 ], 
      [ 1, 0, 0, 0, -1, 1, 0, 1, 0, 0, 0, 0, 0, 0, 0, 0, 0, 1, -1, 0, 0, -1, 
          -1, 1 ], 
      [ 0, 0, 1, 1, 0, 0, 0, 0, 0, -1, 1, 0, 0, -1, 0, 1, 0, 0, 1, -1, 0, 0, 
          0, 1 ], 
      [ 0, 1, 0, 0, 0, 0, 0, 0, 0, 1, -1, 0, 0, -1, -1, 1, 0, 0, 0, 0, 1, 1, 
          0, 1 ], 
      [ 1, 0, 1, 1, 1, 1, 0, 0, -1, -1, 1, -1, 0, 1, 0, 0, 1, 0, -1, -1, -1, 
          0, 0, 1 ], 
      [ 1, 1, 1, 0, 0, 1, 1, 0, 1, -1, 0, 0, 0, 0, 1, 1, 0, 1, 0, 0, 0, 0, 1, 
          1 ], 
      [ 0, 1, 1, 1, 0, 1, 0, -1, 0, -1, 0, -1, 0, 0, 0, 1, 0, 0, 0, 0, 0, 1, 
          1, 1 ], 
      [ 0, 1, 1, 0, 0, 1, 0, -1, 0, 0, 0, -1, 0, 0, 0, 1, 0, 0, 0, 0, 0, 0, 
          1, 1 ], 
      [ 1, 0, 0, 0, 0, 1, 0, 1, -1, 0, 0, -1, 0, 1, -1, 0, 0, 0, -1, 0, 0, 
          -1, -1, 1 ], 
      [ 1, 1, 0, 1, 0, 0, 0, 0, -1, 0, -1, -1, 0, -1, -1, 1, 0, 0, -1, 1, 0, 
          1, 0, 1 ], 
      [ 1, 0, 1, 0, 1, 0, 0, 0, 0, -1, 0, 0, 0, 0, 0, 1, 1, 0, 0, 0, -1, 0, 
          0, 1 ], 
      [ 0, 0, 1, 0, 0, 0, 0, 0, -1, -1, 1, 0, 0, -1, 0, 1, 0, -1, 1, 0, -1, 
          0, 0, 1 ], 
      [ 1, 1, 0, -1, -1, 1, 0, 1, 1, 0, 0, 0, 1, 0, 1, 0, 0, 1, -1, 1, 0, -1, 
          0, 1 ], 
      [ 1, 1, 0, 0, 0, 0, 0, 0, 0, 0, -1, 0, 0, 0, 0, 0, 1, 1, -1, 1, -1, 1, 
          0, 1 ], 
      [ 0, -1, 1, 1, 0, 1, -1, 0, 0, 0, 1, 0, -1, 0, 0, 0, 0, 0, 0, 0, -1, 0, 
          0, 1 ], 
      [ 0, 0, 0, 0, 1, 0, -1, 0, -1, 0, 1, 0, 0, -1, 0, 0, 0, -1, 0, 0, -1, 
          1, 0, 1 ], 
      [ 1, 1, 0, 0, -1, 0, 0, 0, 0, 0, 0, -1, 1, -1, 0, 1, 0, 0, 0, 1, 0, 1, 
          0, 1 ], 
      [ -1, 0, 1, 0, 0, 0, 0, 0, 0, 0, 0, 0, 0, 0, -1, 1, 0, -1, 1, 0, 0, 1, 
          0, 1 ], 
      [ 0, 0, 1, 0, 0, 1, 0, 1, 0, 1, 0, 0, 0, 0, 0, 0, 0, 0, -1, 0, 0, 0, 0, 
          1 ], 
      [ -1, 0, 1, 1, 1, 1, 1, 0, 0, -1, 0, 1, -1, 0, 0, 1, -1, 0, 0, -1, 0, 
          0, 1, 1 ], 
      [ 0, 1, 0, -1, 0, 1, 0, 0, 0, 0, 0, -1, 1, 1, 0, 0, 0, 0, -1, 0, 0, 0, 
          0, 1 ], 
      [ 0, 0, 0, -1, 0, 1, -1, 1, 1, 0, 0, 1, 0, -1, 1, 0, -1, 0, 0, 1, 0, 0, 
          0, 1 ], 
      [ 0, 0, 1, 0, 0, 1, 0, 0, -1, 0, 0, 0, -1, 0, 0, 0, 0, 0, 0, 0, -1, 0, 
          0, 1 ], 
      [ 0, 0, 1, 1, 1, 1, 0, 0, 0, -1, 1, -1, 0, 0, 0, 1, -1, -1, 0, 0, 0, 1, 
          1, 1 ], 
      [ 0, 0, 1, 0, 0, 1, -1, 0, 0, 0, 1, 0, -1, 0, 0, 0, 0, 0, 0, 0, -1, 0, 
          0, 1 ], 
      [ 0, 0, 1, 0, 1, 0, 0, 0, -1, -1, 0, 0, 0, -1, 0, 1, 0, -1, 0, 0, -1, 
          1, 0, 1 ], 
      [ 0, 0, 1, 0, 0, 1, 0, 1, 0, 1, 0, 0, 0, 0, -1, 1, 0, -1, 0, 0, 1, 0, 
          0, 1 ], 
      [ 0, 0, 1, 0, 0, 0, -1, 0, 0, 0, 0, 0, 0, -1, -1, 1, -1, -1, 0, 1, 0, 
          0, 0, 1 ], 
      [ 0, 1, 0, 0, 0, 1, 0, 1, -1, 0, 0, 0, -1, 0, 0, 1, -1, 0, -1, 1, 0, 0, 
          1, 1 ], 
      [ 0, 0, 0, 0, 1, 0, -1, 0, 0, 0, 0, 0, 0, -1, 0, 0, 0, 0, 0, 0, 0, 0, 
          0, 1 ], 
      [ 1, 0, 0, 0, 0, 0, 0, 1, 0, 0, 0, 0, 0, 0, -1, 1, 0, 0, 0, 0, 0, 0, 
          -1, 1 ], 
      [ 0, 1, 1, 0, 0, 1, 0, 0, 0, -1, 1, 0, 0, 0, 1, 1, 0, 0, 0, 0, -1, 0, 
          1, 1 ], 
      [ 0, 0, 0, 0, 0, 1, 0, 1, -1, 0, 0, 0, -1, 0, 0, 0, -1, 0, -1, 1, -1, 
          0, 0, 1 ], 
      [ 0, 0, 0, 0, 1, 0, 0, 0, -1, -1, 0, 0, 0, 0, 0, 0, 0, 0, -1, 0, -1, 0, 
          0, 1 ], 
      [ 0, 0, 1, 0, 0, 0, -1, 0, 0, 0, 1, 0, 0, 0, 0, 0, 1, 0, 0, 0, -1, 0, 
          0, 1 ], 
      [ 1, 0, 0, 1, 0, 1, 0, 1, -1, 0, 1, -1, 0, 0, 0, 0, 0, 0, -1, 0, 0, 0, 
          0, 1 ], 
      [ -1, -1, 1, 0, 0, 1, 0, 1, 0, 0, 0, 1, -1, 0, 0, 0, -1, 0, 0, 0, 0, 
          -1, 0, 1 ], 
      [ 1, 0, 1, 1, 0, 0, 0, -1, 0, -1, 0, -1, 0, 0, 0, 0, 1, 1, 0, 0, -1, 0, 
          0, 1 ], 
      [ -1, 0, 1, 1, 1, 0, 0, -1, 0, 0, -1, 0, -1, 0, -1, 1, 0, 0, 0, 0, 0, 
          1, 1, 1 ], 
      [ 0, 0, 1, 0, 0, 1, 0, 0, 1, -1, 1, 0, 0, 0, 1, 1, 0, 0, 1, 0, 0, 0, 1, 
          1 ], 
      [ 0, 1, 1, 0, 0, 1, 1, 0, 0, -1, 0, 0, 0, 1, 0, 1, 0, 0, 0, 0, 0, 0, 1, 
          1 ], 
      [ 0, 0, 0, -1, 0, 1, -1, 1, 0, 0, 1, 0, 0, 0, 0, 0, -1, -1, 0, 1, 0, 0, 
          0, 1 ], 
      [ 1, 1, 0, 1, 0, 0, 1, 1, 0, 0, -1, 0, 0, 0, -1, 1, 0, 1, -1, 0, 1, 0, 
          0, 1 ], 
      [ 0, 0, 1, 0, 0, 1, 0, 0, 0, 0, 1, 0, 0, 0, 0, 0, 0, 0, 0, -1, 0, -1, 
          0, 1 ], 
      [ 0, 0, 0, -1, 0, 1, 0, 1, 1, 0, 0, 1, 0, 0, 0, 1, -1, 0, 0, 0, 1, -1, 
          0, 1 ], 
      [ 0, 0, 1, 0, 0, 0, 0, 0, 1, -1, 0, 1, 0, -1, 0, 1, 0, 0, 1, 0, 0, 0, 
          0, 1 ], 
      [ 0, 0, 1, 0, 0, 0, 0, 0, 0, 0, 0, 0, -1, 0, -1, 1, 0, 0, 1, 0, 0, 0, 
          0, 1 ], 
      [ 0, 1, 0, 0, 0, 0, -1, 0, -1, 0, 0, -1, 0, -1, -1, 1, -1, -1, 0, 1, 0, 
          1, 0, 1 ], 
      [ 1, 0, 1, 0, 0, 1, 0, 1, -1, 0, 0, 0, -1, 0, 0, 0, 0, 0, -1, 1, -1, 0, 
          0, 1 ], 
      [ 0, 0, 1, 0, 1, 1, 0, 1, 0, -1, 1, 1, 0, -1, 1, 1, -1, -1, 0, 0, 0, 0, 
          1, 1 ], 
      [ 0, 1, 1, 1, 1, 1, 1, 0, -1, 0, -1, -1, -1, 1, -1, 1, 0, 0, -1, 0, 0, 
          1, 1, 1 ], 
      [ 0, 0, 1, 1, 1, 0, -1, 0, 0, 0, 0, 0, 0, -1, -1, 1, 0, -1, 0, 0, 0, 1, 
          0, 1 ], 
      [ 0, 1, 0, 1, 1, 1, 0, 0, -1, 0, 0, -1, 0, 0, -1, 1, -1, -1, -1, 0, 1, 
          1, 1, 1 ], 
      [ 1, 0, 1, 0, 0, 1, 0, 0, 0, -1, 1, -1, 1, 0, 0, 1, 0, -1, 0, 0, 0, 0, 
          0, 1 ], 
      [ 0, 0, 0, 0, 1, 1, -1, 0, -1, 0, 0, 0, -1, 0, 0, 0, 0, 0, -1, 0, -1, 
          0, 0, 1 ], 
      [ 0, 1, 1, 0, 0, 1, 0, 0, 0, 0, 0, 0, 0, -1, 0, 1, -1, -1, 0, 1, 0, 1, 
          1, 1 ], 
      [ 0, 0, 1, 1, 0, 1, -1, 0, -1, 1, 0, -1, -1, 0, -1, 0, 0, 0, -1, 0, 0, 
          0, 0, 1 ], 
      [ 0, 0, 1, -1, 0, 1, -1, 0, 0, -1, 1, 0, 0, 0, 1, 0, 0, 0, 0, 0, -1, 
          -1, 0, 1 ], 
      [ 1, 0, 0, 0, 0, 0, -1, 1, -1, 0, 1, 0, 0, -1, -1, 1, 0, -1, 0, 0, 0, 
          0, -1, 1 ], 
      [ 1, 0, 1, 1, 0, 1, 1, 1, 0, -1, 0, 0, 0, 0, 0, 1, 0, 0, 0, 0, 0, 0, 0, 
          1 ], 
      [ 0, 0, 1, 0, -1, 1, 0, 0, 1, -1, 1, 0, 0, 0, 0, 1, -1, 0, 1, 0, 0, -1, 
          0, 1 ], 
      [ -1, -1, 1, 0, 1, 1, -1, 0, 0, 1, 0, 0, -1, 0, -1, 0, -1, -1, 0, 0, 0, 
          0, 0, 1 ], 
      [ 0, 0, 1, 0, 0, 0, -1, 0, -1, 1, 0, 0, -1, -1, -1, 1, 0, -1, 0, 1, -1, 
          1, 0, 1 ], 
      [ 0, 1, 0, 0, -1, 1, 0, 1, 0, 1, -1, 0, 0, 0, -1, 1, -1, 0, -1, 1, 1, 
          0, 0, 1 ], 
      [ 0, -1, 1, -1, 0, 1, -1, 1, 0, 0, 1, 1, 0, 0, 0, 0, 0, -1, 0, 0, -1, 
          -1, -1, 1 ], 
      [ 0, 0, 1, 0, 1, 0, 0, 0, 0, -1, 0, 0, 0, 0, 0, 0, 0, 0, 0, 0, -1, 0, 
          0, 1 ], 
      [ 0, 0, 1, 0, 1, 1, -1, 0, 0, 0, 0, 0, -1, -1, 0, 1, -1, -1, 0, 1, 0, 
          1, 1, 1 ], 
      [ 1, 0, 0, 0, 0, 0, -1, 0, 0, -1, 1, -1, 1, 0, 0, 0, 1, 0, 0, 0, -1, 0, 
          -1, 1 ], 
      [ 0, 1, 0, 0, 1, 0, 0, 0, 0, 0, -1, 0, 0, -1, 0, 1, -1, 0, -1, 1, 0, 1, 
          1, 1 ], 
      [ 1, 0, 1, 1, 0, 0, 0, 0, 0, -1, 1, 0, 0, -1, 0, 1, 0, 0, 0, 0, -1, 0, 
          0, 1 ], 
      [ 0, -1, 1, 0, 1, 1, 0, 0, 0, -1, 1, 0, 0, 0, 1, 0, 0, 0, 0, -1, -1, 
          -1, 0, 1 ], 
      [ -1, 0, 1, 0, 0, 0, -1, -1, 0, 0, 0, 0, 0, -1, 0, 0, 0, 0, 0, 0, -1, 
          0, 0, 1 ], 
      [ 1, 0, 1, 0, 0, 1, 0, 0, 0, 0, 1, -1, 0, 1, 0, 0, 1, 0, 0, 0, -1, 0, 
          0, 1 ], 
      [ -1, 0, 1, 0, 0, 1, 0, 0, 0, 0, 1, 0, 0, 0, 0, 1, -1, -1, 0, 0, 0, 0, 
          1, 1 ], 
      [ 0, 0, 0, 0, 0, 1, 0, 0, 0, 0, 0, 0, 0, 0, 0, 0, 0, 0, 0, 0, 0, 0, 0, 
          1 ], 
      [ 0, -1, 1, 0, 1, 0, -1, 0, 0, 0, 0, 0, 0, -1, 0, 0, 0, -1, 0, 1, -1, 
          1, 0, 1 ], 
      [ 0, 1, 0, 1, 0, 0, 0, 0, 0, -1, 0, 0, 0, -1, 0, 1, -1, 0, 0, 1, 0, 1, 
          1, 1 ], 
      [ 1, 0, 0, 0, 0, 0, -1, 0, 0, 1, 0, -1, 1, 0, -1, 0, 1, 0, -1, 0, 0, 0, 
          -1, 1 ], 
      [ 0, 0, 0, 1, 0, 0, 0, 0, -1, 0, 0, 0, -1, -1, -1, 1, -1, 0, 0, 0, 0, 
          0, 0, 1 ], 
      [ 0, 0, 1, 0, 0, 1, 0, 0, -1, 0, 0, -1, 0, 1, 0, 0, 1, 0, -1, 0, -1, 0, 
          0, 1 ], 
      [ 0, 1, 1, 1, 1, 0, 1, -1, 0, -1, 0, -1, 1, 0, 0, 1, 1, 0, 0, -1, 0, 1, 
          1, 1 ], 
      [ -1, 0, 1, -1, 1, 1, 0, 0, 0, 0, 0, 1, -1, 0, 1, 0, 0, 0, 0, 0, -1, 0, 
          1, 1 ], 
      [ 0, 1, 1, 1, -1, 1, 1, 0, 0, 0, 0, 0, -1, 0, 0, 1, 0, 1, 0, 0, 0, 0, 
          1, 1 ], 
      [ 1, 0, 0, 0, 0, 1, 0, 1, 0, -1, 1, 1, -1, 0, 1, 0, 0, 1, 0, 0, -1, -1, 
          0, 1 ], 
      [ -1, 0, 1, 1, 1, 1, 0, -1, -1, -1, 1, -1, -1, 1, 0, 0, 0, 0, 0, -1, 
          -1, 0, 1, 1 ], 
      [ 1, 0, 0, 0, 0, 1, 0, 1, 0, 1, -1, 0, -1, 0, 0, 0, 0, 1, -1, 1, 0, 0, 
          0, 1 ], 
      [ 0, 0, 0, 0, 1, 0, 0, 0, -1, 0, 0, -1, 0, 0, -1, 1, 0, -1, 0, 0, 0, 1, 
          0, 1 ], 
      [ 0, 0, 1, 0, 0, 1, -1, 0, 0, 0, 1, 0, -1, -1, 1, 0, -1, 0, 0, 1, -1, 
          0, 1, 1 ], 
      [ 0, 0, 1, 1, 0, 1, 0, 0, 0, 0, 0, -1, 0, 1, -1, 0, 0, 0, -1, 0, 0, 0, 
          0, 1 ], 
      [ 0, 0, 1, 0, 1, 1, -1, -1, 1, -1, 1, 0, 0, 0, 1, 0, 0, 0, 0, 0, -1, 0, 
          1, 1 ], 
      [ 1, 0, 0, 1, 1, 0, -1, 0, -1, 0, 0, -1, -1, 0, -1, 0, 0, 0, -1, 1, -1, 
          1, 0, 1 ], 
      [ 0, 1, 1, 0, 0, 0, 0, -1, 0, -1, 0, -1, 0, 0, 0, 1, 0, 0, 0, 1, -1, 1, 
          1, 1 ], 
      [ 1, 1, 0, 0, -1, 1, -1, 0, -1, 0, 1, -1, 0, 0, 0, 0, 0, 0, -1, 1, -1, 
          0, 0, 1 ], 
      [ 0, 0, 1, 0, 0, 1, 0, 0, 0, -1, 0, 1, -1, -1, 1, 1, -1, 0, 0, 1, -1, 
          0, 1, 1 ], 
      [ 1, 1, 0, 1, 0, 0, 0, 0, -1, 0, 0, -1, 0, 0, -1, 1, 1, 0, 0, 0, 0, 1, 
          0, 1 ], 
      [ 0, 0, 1, 0, 0, 1, -1, 0, 0, 0, 1, -1, 1, 0, 0, 0, 0, -1, 0, 0, 0, 0, 
          0, 1 ], 
      [ 1, 1, 0, 0, 1, 1, 0, 0, -1, -1, 0, -1, 0, 0, 1, 0, 0, 0, -1, 1, -1, 
          1, 1, 1 ], 
      [ 0, 0, 1, 1, 1, 1, 0, 0, -1, -1, 1, 0, -1, 0, 0, 1, 0, -1, 0, 0, -1, 
          1, 1, 1 ], 
      [ 1, 1, 0, 0, 0, 0, 0, 0, 1, 0, -1, -1, 1, 0, -1, 1, 0, 0, 0, 1, 1, 1, 
          0, 1 ], 
      [ 0, 0, 0, 0, 1, 0, 0, 1, -1, 0, -1, 1, -1, -1, -1, 1, -1, -1, 0, 1, 0, 
          1, 0, 1 ], 
      [ 1, 1, 0, 0, 0, 1, 0, 1, 0, 0, 0, -1, 1, 0, 0, 1, 0, 0, -1, 0, 1, 0, 
          0, 1 ], 
      [ 0, 0, 1, 1, 1, 0, 0, -1, 0, -1, 0, -1, 0, 0, -1, 1, 0, 0, 0, -1, 0, 
          0, 0, 1 ], 
      [ 0, 0, 1, 1, 1, 1, 0, 0, 0, -1, 0, 0, -1, 0, 1, 0, 0, 1, -1, 0, -1, 0, 
          1, 1 ], 
      [ 0, 0, 1, 0, 0, 1, 1, 1, 0, -1, 1, 0, 0, 1, 0, 1, 0, 0, 0, -1, 0, -1, 
          0, 1 ], 
      [ 0, 0, 0, -1, 0, 0, -1, 1, 0, 1, -1, 0, 0, 0, -1, 0, 0, 0, -1, 1, 0, 
          0, -1, 1 ], 
      [ 0, 0, 1, 1, 1, 1, 0, 0, 0, 0, 1, 0, -1, 0, 0, 1, 0, 0, 0, -1, 0, 0, 
          1, 1 ], 
      [ 1, 1, 0, 0, -1, 0, -1, 0, 1, 0, 0, 0, 0, -1, 0, 1, 0, 1, 0, 1, 0, 0, 
          0, 1 ], 
      [ -1, 0, 1, 0, 1, 0, 0, 0, -1, 0, 0, 0, 0, 0, -1, 1, 0, -1, 0, -1, 0, 
          0, 0, 1 ], 
      [ 0, 1, 0, 0, 0, 1, 0, 0, 0, -1, 1, 0, 0, -1, 1, 1, -1, 0, 0, 0, 0, 0, 
          1, 1 ], 
      [ 0, 1, 1, 1, 0, 1, 1, 0, -1, -1, 0, -1, 0, 0, 0, 1, -1, 0, -1, 0, 0, 
          0, 1, 1 ], 
      [ 0, -1, 1, 1, 1, 1, 0, 1, -1, 0, 0, 0, -1, 0, -1, 1, -1, -1, -1, 0, 0, 
          0, 0, 1 ], 
      [ 1, 1, 0, 0, -1, 1, 0, 1, 0, 1, 0, -1, 0, 0, -1, 1, -1, 0, -1, 1, 1, 
          0, 0, 1 ], 
      [ 0, 1, 0, 0, 0, 1, 0, 1, -1, 0, 0, 0, 0, 0, 0, 0, 0, 0, -1, 0, 0, 0, 
          0, 1 ], 
      [ 1, 0, 1, 0, 0, 1, -1, 0, 0, 0, 1, 0, 0, -1, 1, 0, 1, 0, 0, 0, -1, 0, 
          0, 1 ], 
      [ 0, 0, 1, 0, 0, 1, 0, 0, 0, 0, 0, -1, 0, 0, 0, 0, 0, 0, 0, 0, 0, 0, 0, 
          1 ], 
      [ 0, 0, 0, 1, 0, 1, 0, 1, 0, 0, 0, 0, -1, 0, -1, 1, -1, 0, 0, 0, 1, 0, 
          0, 1 ], 
      [ 0, -1, 1, 0, 0, 0, -1, 0, 0, 0, 0, 0, 0, -1, -1, 1, 0, -1, 1, 0, 0, 
          0, -1, 1 ], 
      [ 0, 1, 1, 1, 0, 0, 1, 0, 0, -1, 0, 0, 0, -1, -1, 3, -1, -1, 1, 0, 1, 
          1, 1, 1 ], 
      [ 1, 0, 1, 1, 0, 1, 0, 0, 0, 0, 0, 0, -1, 0, -1, 1, 0, 0, 0, 0, 0, 0, 
          0, 1 ], 
      [ 0, 0, 1, 0, 0, 1, -1, 0, 0, 0, 1, -1, 0, 1, -1, 1, 0, -1, 0, 0, 0, 0, 
          0, 1 ], 
      [ 1, 0, 1, 1, 1, 0, 0, 0, -1, 0, 0, -1, 0, -1, -1, 1, 0, -1, 0, 0, 0, 
          1, 0, 1 ], 
      [ 0, 0, 1, 1, 1, 1, 0, 0, 0, -1, 0, 0, -1, 0, 0, 1, -1, 0, 0, 0, 0, 0, 
          1, 1 ], 
      [ 0, -1, 1, 1, 1, 1, -1, 0, -1, -1, 1, 0, -1, -1, 0, 0, -1, -1, 0, 0, 
          -1, 0, 0, 1 ], 
      [ 0, 0, 1, 0, -1, 1, -1, 1, 0, 0, 1, 0, 0, -1, 0, 1, -1, -1, 0, 1, 0, 
          0, 0, 1 ], 
      [ 1, 1, 0, -1, 0, 1, -1, 1, 0, 1, 0, 0, 0, 0, 0, 0, 0, 0, -1, 1, 0, 0, 
          0, 1 ], 
      [ 0, 0, 1, 0, 0, 3, 0, 1, 0, 0, 1, 0, -1, 1, 1, 0, -1, 0, -1, 0, 0, -1, 
          1, 1 ], 
      [ -1, -1, 3, 1, 1, 1, 0, -1, 0, -1, 1, 0, -1, 0, 0, 1, 0, -1, 1, -1, 
          -1, 0, 1, 1 ] ],
  GroupEXT := 
   Group( [ (  1, 58,211,155,110, 64, 17, 75,247, 97)(  2,  3,200, 41, 30, 49,
         31,238,235, 38)(  4,216,177,204,112)(  5,251,181,212,100,  7,178,160,
         189,111)(  6, 47,231,168,179,255,257, 65, 57,136)(  8, 28, 80,141, 22
         )(  9, 78, 10, 81, 99,108, 44,119,126, 76)( 11, 52,241,201,269,186,
         182, 67, 83,139)( 12,113, 68,225, 50)( 13,249,236,223,256,149, 96,
          29,208, 56)( 14,104,118,261, 45,267,250, 34,161,222)
        ( 15,170, 54, 40, 36,195,194,252, 66, 24)( 16, 25,227, 74, 87, 19,229,
         134,162,105)( 18, 62,137,138, 63, 46,171,114,207,103)
        ( 20,198,221,187,174,142, 88, 92,270, 48)( 21,224,228,148,101,205,271,
         157,176,202)( 23,214, 89, 43,172,234,220,146,273, 84)
        ( 26,128,127,184,107)( 27,159,240,120,167,163,203,196, 93,192)
        ( 32,245, 90,121,153,239,158,258,135,226)( 33,219, 59, 85,129,124, 55,
         71, 37,260)( 35,244, 98, 39, 94,197,237,259, 95, 86)( 42,115, 72,132,
         242,169,122,262,233,248)( 51, 77, 82,147, 70)( 53,140,143,254, 91)
        ( 60,180,106,152,151,232,131,266,154,133)( 61,217,165,116,164,243, 79,
         145,191,218)( 69,130,156,123,117,183,246,199,102,150)
        ( 73,188,230,166,109,173,264,125,209,193)(144,253,272,274,210,265,206,
         190,175,275)(185,213,268,215,263), 
      (  3, 99, 77)(  4, 95, 16)(  5, 43, 68)(  6, 21,103)(  7, 22, 30)
        (  8, 47,111)(  9,106, 98)( 10, 69, 34)( 11, 33, 74)( 12, 32, 38)
        ( 13, 35, 64)( 14,107, 91)( 15, 31, 71)( 17, 53,112)( 18, 36, 58)
        ( 19, 39, 63)( 23, 70, 61)( 24, 50, 55)( 25,113, 80)( 26, 46, 57)
        ( 27,108, 65)( 28, 40, 59)( 29, 73, 67)( 37,110, 81)( 41,109, 56)
        ( 42,105, 97)( 44, 45, 51)( 48,101, 88)( 52,102,100)( 54, 89, 78)
        ( 60, 62, 92)( 66, 75, 76)( 79,104, 83)( 82, 87, 94)( 84, 85, 90)
        ( 86, 93,114)(115,206,142)(116,186,155)(117,237,257)(118,119,241)
        (120,192,216)(121,220,165)(122,176,196)(123,244,225)(124,238,245)
        (125,179,259)(126,161,145)(128,205,255)(129,183,240)(130,248,210)
        (131,235,175)(132,266,256)(133,202,261)(134,275,180)(135,271,170)
        (136,228,231)(137,258,151)(138,197,173)(139,262,162)(140,141,272)
        (143,182,263)(144,274,232)(146,185,209)(147,213,181)(148,236,149)
        (152,226,158)(153,251,154)(156,243,187)(157,264,193)(159,199,254)
        (160,166,222)(163,242,171)(164,224,204)(167,218,174)(168,219,208)
        (169,184,194)(172,198,214)(177,195,268)(178,247,201)(188,189,233)
        (191,250,249)(200,217,269)(203,234,267)(207,253,260)(212,227,265)
        (215,273,239)(221,246,230), 
      (  2,258)(  4, 13, 27, 19)(  5, 64, 72, 99)(  6, 40, 14, 59)(  7, 39)
        (  8, 41, 42, 25)(  9,249)( 10,223, 21,118)( 11,190, 23,119)
        ( 12,164, 75,136)( 15,166, 65,230)( 16,213, 61,183)( 17, 83, 52, 37)
        ( 18, 97,102, 49)( 20,124, 35,144)( 24,132, 47,125)( 26, 87, 79,100)
        ( 28,117, 30,126)( 29,147, 62,133)( 31,162, 69,246)( 32,149, 74,238)
        ( 33,224, 34,194)( 36,156,104,196)( 38,170,108,188)( 43,163, 67,232)
        ( 44, 53, 82, 46)( 45, 50, 56,105)( 48,250, 84,269)( 51,266, 57,217)
        ( 54,199)( 55,260)( 58,177,109,212)( 60, 66)( 63, 76, 77, 70)
        ( 68,173, 92,221)( 71,143,107,138)( 73, 91)( 78,112, 90,110)
        ( 80, 86, 94, 93)( 81,158)( 85,270)( 88,259, 89,191)( 95,216,103,262)
        ( 96,205,101,157)( 98,128,114,201)(106,256)(111,227)(113,176)
        (115,121,135,182)(116,148,146,189)(120,185)(122,248,193,187)
        (127,271,202,186)(129,171,169,233)(130,159,255,200)(131,254,211,179)
        (134,140,168,222)(137,225,198,242)(139,141,145,192)(142,261,274,228)
        (150,237,184,197)(151,204,219,240)(152,210,235,195)(153,241)
        (154,220,172,160)(155,244,245,206)(161,251,272,208)(165,214,257,275)
        (167,181,252,231)(174,209,229,236)(175,234,253,264)(178,215,265,247)
        (203,268,243,273)(207,267,226,239) ] ) );
