return rec(
  EXT := 
   [ [ 0, 0, 0, 0, 1, 0, 0, 0, 0, -1, 0, 1, 0, -1, 1, 0, 0, 0, 0, 0, -1, 0, 
          0, 1 ], 
      [ -1, 0, 1, 0, 1, -1, 0, -1, 0, 0, -1, 0, 0, -1, -1, 1, 0, -1, 1, 0, 0, 
          1, 0, 1 ], 
      [ 0, 0, 1, 0, 1, 1, -1, 0, -1, 0, 1, -1, 0, 0, 0, 0, 0, -1, -1, 0, -1, 
          0, 0, 1 ], 
      [ 0, 0, 1, 0, 0, 1, -1, 0, 0, 0, 0, 0, -1, 0, 0, 0, 0, 0, 0, 1, -1, 0, 
          0, 1 ], 
      [ 0, 1, 1, 0, 0, 1, 1, 0, 0, -1, 0, 0, 0, 0, 1, 1, 0, 0, 0, 0, 0, 0, 1, 
          1 ], 
      [ 1, 0, 0, 1, 1, 1, 0, 1, -1, 0, 0, 0, -1, 0, 0, 0, 0, 0, -1, 0, 0, 0, 
          0, 1 ], 
      [ 0, 0, 1, 1, 0, 0, 0, 0, 0, 0, 0, 0, 0, -1, 0, 0, 0, 0, 0, 0, 0, 0, 0, 
          1 ], 
      [ 0, 0, 1, 1, 1, 1, 1, 0, 0, -1, 0, 0, -1, 0, 0, 1, -1, 0, 0, 0, 0, 0, 
          1, 1 ], 
      [ 0, 0, 1, 1, 1, 1, 1, 0, -1, -1, 0, 0, -1, 0, 0, 1, 0, 0, 0, -1, 0, 0, 
          1, 1 ], 
      [ -1, 0, 1, 1, 1, 0, 0, 0, -1, 0, 0, 0, -1, -1, -1, 1, -1, -1, 0, 0, 0, 
          1, 1, 1 ], 
      [ 1, 0, 1, 1, 1, 0, 0, -1, 0, -1, 0, -1, 0, 0, 0, 0, 1, 0, 0, 0, -1, 1, 
          0, 1 ], 
      [ -1, -1, 1, 0, 1, 1, 0, 1, 0, 0, 0, 1, -1, 0, 0, 0, -1, -1, 0, 0, 0, 
          0, 0, 1 ], 
      [ 0, 0, 1, 0, 1, 1, 0, 0, 0, -1, 1, 0, 0, 0, 0, 1, 0, -1, 1, -1, 0, 0, 
          0, 1 ], 
      [ 1, 0, 0, 1, 1, -1, 0, 0, -1, -1, 0, 0, 0, -1, 0, 0, 1, 0, 0, 0, -1, 
          1, 0, 1 ], 
      [ 0, 1, 1, 0, 0, 0, 0, 0, 0, 0, -1, 0, 0, -1, 0, 1, 0, 0, 0, 1, 0, 1, 
          1, 1 ], 
      [ 0, 0, 1, 0, 1, 0, -1, -1, -1, 0, 0, -1, 0, 0, -1, 0, 1, -1, 0, 0, -1, 
          1, 0, 1 ], 
      [ 0, 0, 1, 0, 1, 0, 1, 0, 0, -1, 0, 0, 0, 0, 0, 1, 0, -1, 1, 0, 0, 1, 
          1, 1 ], 
      [ 0, 0, 1, 0, 1, 0, 0, 0, -1, 0, 0, 0, 0, 0, 0, 0, 1, -1, 0, 0, -1, 1, 
          0, 1 ], 
      [ -1, 0, 1, 1, 1, 1, 0, 0, -1, 0, 0, 0, -1, -1, 0, 1, -1, -1, 0, 0, 0, 
          1, 1, 1 ], 
      [ 1, 1, 0, 0, 0, 0, 0, 1, 0, 0, 0, 0, 0, -1, 0, 1, 0, 0, 0, 1, 0, 1, 0, 
          1 ], 
      [ 0, 0, 1, 1, 1, 1, 0, 0, -1, 0, 0, -1, 0, 0, 0, 0, 0, -1, -1, 0, 0, 1, 
          1, 1 ], 
      [ 0, -1, 1, 1, 1, 0, 0, 0, -1, 0, 0, 0, -1, 0, -1, 0, 1, 0, 0, -1, -1, 
          0, -1, 1 ], 
      [ 1, 0, 0, 0, 1, 1, 0, 1, 0, 0, 0, 0, 0, 0, 0, 0, 0, 0, -1, 0, 0, 0, 0, 
          1 ], 
      [ 0, -1, 1, 0, 1, 0, 0, 0, 0, -1, 0, 1, -1, -1, 1, 0, 0, 0, 1, 0, -1, 
          0, 0, 1 ], 
      [ 0, -1, 1, 0, 1, 1, -1, 1, -1, 0, 1, 0, -1, 0, 0, 0, 0, -1, 0, 0, -1, 
          0, 0, 1 ], 
      [ -1, -1, 1, 0, 1, 0, 0, 0, 0, 0, 0, 1, 0, -1, 0, 0, 0, -1, 1, -1, 0, 
          0, 0, 1 ], 
      [ 0, 1, 1, 1, 1, 0, 0, -1, -1, -1, 0, 0, -1, -1, 0, 1, 0, 0, 0, 0, -1, 
          1, 1, 1 ], 
      [ 0, 0, 1, 0, 1, 1, 0, 0, 0, 0, -1, 0, 0, 0, 0, 0, 0, 0, -1, 0, 0, 0, 
          0, 1 ], 
      [ 0, 0, 1, 0, 1, 1, 0, 0, 0, -1, 0, 1, -1, 0, 1, 0, 0, 0, 0, 0, -1, 0, 
          1, 1 ], 
      [ 0, 0, 1, 1, 1, 0, 0, -1, 0, -1, 0, 0, -1, -1, 0, 1, 0, 0, 1, 0, -1, 
          1, 1, 1 ], 
      [ 0, 0, 0, 0, 1, 0, 0, 0, -1, 0, 0, 0, 0, -1, 0, 0, 0, -1, 0, 0, 0, 1, 
          0, 1 ], 
      [ 0, 0, 1, 1, 1, 0, 0, 0, -1, -1, 0, -1, 0, 0, -1, 1, 0, -1, 0, 0, 0, 
          1, 0, 1 ], 
      [ 0, 0, 0, 0, 0, 1, 0, 1, 0, 0, 0, 1, -1, -1, 1, 0, -1, 0, 0, 1, 0, 0, 
          1, 1 ], 
      [ 0, 0, 1, 0, 1, 0, 0, -1, 0, -1, 0, 0, 0, -1, 1, 0, 0, 0, 0, 0, -1, 0, 
          1, 1 ], 
      [ 1, 1, 1, 1, 0, 1, 0, 0, 0, -1, 1, -1, 0, 0, 0, 1, 0, 0, 0, 0, 0, 0, 
          1, 1 ], 
      [ 0, -1, 1, 1, 1, 0, 0, 0, 0, 0, -1, 0, -1, 0, -1, 0, 0, 0, 0, 0, 0, 0, 
          0, 1 ], 
      [ 0, 0, 1, 1, 1, 1, 0, 0, -1, 0, 0, 0, -1, 0, 0, 0, 0, 0, -1, 0, -1, 0, 
          1, 1 ], 
      [ -1, 0, 1, 0, 1, 1, 0, 0, 0, -1, 0, 0, 0, 0, 0, 1, -1, -1, 0, 0, 0, 0, 
          1, 1 ], 
      [ 0, 1, 0, 0, 1, 0, 0, 0, -1, 0, 0, 0, 0, -1, 0, 1, 0, -1, 0, 0, 0, 1, 
          1, 1 ], 
      [ 0, 0, 1, 0, 0, 0, 0, 0, 0, 0, 0, 0, 0, 0, 0, 0, 1, 0, 0, 0, -1, 0, 0, 
          1 ], 
      [ 0, 0, 1, 1, 1, 0, 0, -1, -1, -1, 0, -1, 0, 0, 0, 0, 1, 0, 0, -1, -1, 
          0, 0, 1 ], 
      [ 0, 0, 1, 1, 1, 1, 0, 0, 0, 0, 0, 0, -1, 0, 0, 0, 0, 0, 0, 0, 0, 1, 1, 
          1 ], 
      [ 0, 0, 1, 0, 0, 1, 0, 1, 0, 0, 0, 1, -1, -1, 0, 1, -1, 0, 0, 0, 0, -1, 
          0, 1 ], 
      [ 0, 0, 1, 1, 1, 0, 0, 0, -1, -1, 0, 0, -1, -1, 0, 1, -1, -1, 0, 1, -1, 
          1, 1, 1 ], 
      [ 0, -1, 1, 0, 1, 1, 0, 0, -1, 0, 0, 0, -1, 0, 0, 0, 0, -1, 0, 0, -1, 
          0, 0, 1 ], 
      [ 0, 0, 1, 0, 1, 1, 0, 0, 1, 0, 0, 0, 0, 0, 1, 0, 0, 0, 0, 0, 0, 0, 1, 
          1 ], 
      [ 0, 0, 0, 1, 1, 0, 0, 0, -1, 0, 0, -1, 0, 0, -1, 0, 0, -1, 0, 0, 0, 1, 
          0, 1 ], 
      [ 1, 0, 0, -1, 0, 0, -1, 1, 0, 0, 0, 0, 1, -1, 0, 0, 0, -1, 0, 1, 0, 0, 
          -1, 1 ], 
      [ 0, 0, 1, 1, 1, 0, 1, 0, -1, -1, 0, 0, 0, 0, -1, 1, 0, -1, 0, -1, 0, 
          0, 0, 1 ], 
      [ 0, -1, 1, 1, 1, 0, 0, 0, 0, -1, 1, 0, 0, -1, 0, 1, 0, -1, 1, -1, 0, 
          0, 0, 1 ], 
      [ 0, 0, 0, 0, 1, 0, 0, 0, -1, -1, 0, 0, -1, 0, 0, 0, 0, 0, 0, 0, -1, 0, 
          0, 1 ], 
      [ -1, 0, 1, 1, 1, 1, 0, -1, 0, 0, 0, 0, -1, 0, 0, 0, 0, 0, 0, -1, 0, 0, 
          1, 1 ], 
      [ 0, -1, 1, 0, 1, 0, -1, 0, 0, 0, 1, 1, -1, -1, 0, 0, 0, -1, 1, 0, -1, 
          0, 0, 1 ], 
      [ 1, 1, 0, 0, 0, 0, 1, 0, 0, 0, -1, 0, 0, 0, 0, 0, 1, 1, 0, 0, 0, 0, 0, 
          1 ], 
      [ -1, 0, 1, 1, 1, 0, 1, 0, 0, -1, 0, 1, -1, 0, 0, 1, 0, 0, 1, -1, 0, 0, 
          1, 1 ], 
      [ 1, 1, 0, 1, 0, 0, 0, 0, -1, 0, -1, -1, 0, -1, -1, 1, 0, 0, -1, 1, 0, 
          1, 0, 1 ], 
      [ 1, 0, 1, 0, 1, 0, 0, 0, 0, -1, 0, 0, 0, 0, 0, 1, 1, 0, 0, 0, -1, 0, 
          0, 1 ], 
      [ 0, 0, 0, 0, 1, 0, 1, 1, -1, 0, -1, 0, 0, 0, 0, 0, 0, 0, -1, 0, 0, 0, 
          0, 1 ], 
      [ 0, 0, 1, 0, 0, 0, 0, 0, -1, -1, 1, 0, 0, -1, 0, 1, 0, -1, 1, 0, -1, 
          0, 0, 1 ], 
      [ -1, 0, 1, 0, 1, 1, 0, 0, -1, 0, 0, 0, -1, 0, 0, 0, -1, -1, 0, 0, 0, 
          0, 1, 1 ], 
      [ -1, -1, 1, 0, 1, 0, -1, 0, -1, 0, 0, 1, -1, -1, 0, 0, 0, -1, 0, 0, 
          -1, 0, 0, 1 ], 
      [ 0, 0, 1, 1, 1, 0, 0, -1, 0, -1, 0, 0, 0, -1, 0, 1, 0, -1, 1, 0, 0, 1, 
          1, 1 ], 
      [ 0, 0, 1, 0, 1, 0, 0, 0, -1, -1, 0, 0, 0, -1, 0, 1, 0, -1, 0, 0, -1, 
          1, 0, 1 ], 
      [ 0, 1, 0, 0, 1, 0, 0, 0, 0, 0, -1, 0, 0, 0, 0, 0, 0, 0, -1, 1, 0, 1, 
          1, 1 ], 
      [ 0, 0, 1, 0, 0, 1, 0, 1, 0, 1, 0, 0, 0, 0, -1, 1, 0, -1, 0, 0, 1, 0, 
          0, 1 ], 
      [ 0, 0, 1, 1, 1, 0, 0, -1, -1, 0, 0, -1, -1, 0, 0, 0, 1, 0, 0, 0, -1, 
          1, 1, 1 ], 
      [ 0, -1, 1, 0, 1, 1, 0, 0, 0, -1, 1, 0, 0, 1, 1, -1, 1, 0, 0, -1, -1, 
          -1, 0, 1 ], 
      [ 0, 0, 0, 0, 1, 0, -1, 0, 0, 0, 0, 0, 0, -1, 0, 0, 0, 0, 0, 0, 0, 0, 
          0, 1 ], 
      [ 0, 0, 1, 0, 0, 0, 0, 0, 1, -1, 0, 1, 0, -1, 0, 1, 0, 0, 1, 0, 0, 0, 
          0, 1 ], 
      [ 1, 0, 1, 0, 0, 1, 0, 1, -1, 0, 0, 0, -1, 0, 0, 0, 0, 0, -1, 1, -1, 0, 
          0, 1 ], 
      [ 0, 0, 1, 0, 1, 1, 0, 1, 0, -1, 1, 1, 0, -1, 1, 1, -1, -1, 0, 0, 0, 0, 
          1, 1 ], 
      [ 0, 1, 1, 1, 1, 1, 1, 0, -1, 0, -1, -1, -1, 1, -1, 1, 0, 0, -1, 0, 0, 
          1, 1, 1 ], 
      [ 0, 0, 1, 1, 1, 0, -1, 0, 0, 0, 0, 0, 0, -1, -1, 1, 0, -1, 0, 0, 0, 1, 
          0, 1 ], 
      [ 0, 0, 0, 0, 1, 0, -1, 0, -1, 1, -1, 0, -1, -1, 0, -1, 0, 0, -1, 1, 
          -1, 1, 0, 1 ], 
      [ 0, 0, 1, 1, 1, 1, 1, 0, -1, -1, 1, 0, -1, 0, 1, 0, 0, 0, 0, -1, -1, 
          0, 1, 1 ], 
      [ 0, 1, 1, 0, 0, 1, 0, 0, 0, 0, 0, 0, 0, -1, 0, 1, -1, -1, 0, 1, 0, 1, 
          1, 1 ], 
      [ 1, 0, 1, 1, 0, 1, 1, 1, 0, -1, 0, 0, 0, 0, 0, 1, 0, 0, 0, 0, 0, 0, 0, 
          1 ], 
      [ 0, 0, 1, 0, 1, 0, 0, 0, 0, -1, 0, 0, 0, 0, 0, 0, 0, 0, 0, 0, -1, 0, 
          0, 1 ], 
      [ 0, 0, 1, 0, 1, 1, -1, 0, 0, 0, 0, 0, -1, -1, 0, 1, -1, -1, 0, 1, 0, 
          1, 1, 1 ], 
      [ 0, 0, 1, 0, 1, 0, 0, 0, 0, 0, 0, 0, 0, 0, 0, 0, 1, 0, 0, -1, 0, 0, 0, 
          1 ], 
      [ 0, -1, 1, 0, 1, 0, -1, 0, 0, 0, 0, 0, 0, -1, 0, 0, 0, -1, 0, 1, -1, 
          1, 0, 1 ], 
      [ 0, 0, 1, 1, 0, 0, 0, 0, -1, 0, 0, 0, -1, -1, -1, 1, 0, -1, 1, 0, 0, 
          1, 0, 1 ], 
      [ 0, 1, 1, 1, 1, 0, 1, -1, 0, -1, 0, -1, 1, 0, 0, 1, 1, 0, 0, -1, 0, 1, 
          1, 1 ], 
      [ -1, 0, 1, -1, 1, 1, 0, 0, 0, 0, 0, 1, -1, 0, 1, 0, 0, 0, 0, 0, -1, 0, 
          1, 1 ], 
      [ 0, 1, 0, 1, 1, 0, 1, 0, 0, -1, -1, 0, 0, -1, 0, 1, -1, 0, 0, 0, 1, 1, 
          1, 1 ], 
      [ -1, 0, 1, 1, 1, 0, 1, -1, -1, -1, -1, 0, -1, 0, 0, 0, 0, 0, 0, 0, -1, 
          1, 1, 1 ], 
      [ 1, 1, 0, 0, 1, 1, 0, 0, -1, -1, 0, -1, 0, 0, 1, 0, 0, 0, -1, 1, -1, 
          1, 1, 1 ], 
      [ 0, 0, 1, 1, 1, 1, 0, 0, -1, -1, 1, 0, -1, 0, 0, 1, 0, -1, 0, 0, -1, 
          1, 1, 1 ], 
      [ 0, 0, 0, 0, 1, 0, 0, 1, -1, 0, -1, 1, -1, -1, -1, 1, -1, -1, 0, 1, 0, 
          1, 0, 1 ], 
      [ 0, 0, 1, 1, 1, 1, 0, 0, 0, -1, 0, 0, -1, 0, 1, 0, 0, 1, -1, 0, -1, 0, 
          1, 1 ], 
      [ -1, 0, 1, 0, 1, 0, -1, -1, 0, -1, 1, 0, 0, -1, 1, 0, 0, -1, 1, 0, -1, 
          1, 1, 1 ], 
      [ 0, 0, 0, 0, 1, 0, 0, 0, 0, 0, -1, 0, 0, 0, 0, 0, 1, 0, 0, 0, 0, 1, 0, 
          1 ], 
      [ 0, 1, 0, 0, 0, 1, 0, 1, -1, 0, 0, 0, 0, 0, 0, 0, 0, 0, -1, 0, 0, 0, 
          0, 1 ], 
      [ 1, 0, 1, 0, 0, 1, -1, 0, 0, 0, 1, 0, 0, -1, 1, 0, 1, 0, 0, 0, -1, 0, 
          0, 1 ], 
      [ 0, 0, 1, 0, 0, 1, 0, 0, 0, 0, 0, -1, 0, 0, 0, 0, 0, 0, 0, 0, 0, 0, 0, 
          1 ], 
      [ 1, 0, 1, 1, 1, 0, 0, 0, -1, 0, 0, -1, 0, -1, -1, 1, 0, -1, 0, 0, 0, 
          1, 0, 1 ], 
      [ 0, -1, 1, 1, 1, 1, -1, 0, -1, -1, 1, 0, -1, -1, 0, 0, -1, -1, 0, 0, 
          -1, 0, 0, 1 ], 
      [ 0, 0, 1, 1, 1, 0, 1, 0, 0, 0, -1, 1, -1, -1, 0, 1, 0, 0, 0, 0, 0, 1, 
          1, 1 ], 
      [ -1, -1, 1, 1, 3, 0, 0, -1, -1, -1, 0, 0, -1, 0, 0, 0, 0, -1, 0, -1, 
          -1, 1, 1, 1 ], 
      [ -1, -1, 3, 1, 1, 1, 0, -1, 0, -1, 1, 0, -1, 0, 0, 1, 0, -1, 1, -1, 
          -1, 0, 1, 1 ] ],
  GroupEXT := 
   Group( [ (  4, 20)(  5, 56)(  6, 87)(  7, 76)( 10,100)( 11, 64)( 12, 81)
        ( 13, 68)( 14, 29)( 15, 82)( 16, 80)( 17, 36)( 18, 74)( 22, 84)
        ( 23, 67)( 24, 89)( 28, 31)( 30, 55)( 32, 79)( 33, 77)( 34, 49)
        ( 37, 75)( 38, 50)( 39, 41)( 43, 59)( 45, 58)( 46, 47)( 51, 57)
        ( 52, 83)( 53, 78)( 60, 96)( 61, 63)( 62, 85)( 65, 95)( 66, 72)
        ( 71, 97)( 73, 91)( 86, 98)( 88, 90)( 93, 94), 
      (  3,  7, 74)(  5, 86, 45)(  6, 90, 97)(  8, 24, 51)( 10, 96, 80)
        ( 11, 12, 44)( 13, 55, 30)( 14, 23, 71)( 15, 16, 65)( 18, 40, 76)
        ( 19, 41, 52)( 20, 78, 53)( 22, 43, 27)( 25, 35, 42)( 26, 39, 83)
        ( 28, 61, 56)( 29, 88, 77)( 31, 58, 34)( 32, 36, 79)( 33, 87, 67)
        ( 37, 94, 93)( 38, 62, 92)( 46, 91, 47)( 48, 64, 81)( 49, 98, 63)
        ( 50, 85, 99)( 54, 84, 59)( 57, 69, 89)( 60, 66, 95)( 72,100, 82), 
      (  1,  4)(  2,  7, 20,  3)(  6, 57, 41, 24)(  8, 56, 59, 19)
        ( 11, 48, 18, 46)( 12, 64, 40, 91)( 13, 28, 54, 94)( 14, 25, 99, 36)
        ( 15, 75, 79, 49)( 16, 26, 42, 23)( 17, 21)( 22, 68)( 27, 43)
        ( 30, 97, 89, 37)( 31, 65, 83, 95)( 32, 58, 66, 50)( 33, 88, 38, 86)
        ( 34, 82, 71, 72)( 35, 63, 60, 98)( 39,100, 85, 70)( 45, 62, 77, 87)
        ( 47, 81)( 51, 61, 55, 90)( 52, 69, 93, 84)( 53, 73, 78, 74)( 67, 92),
      (  3, 84, 91, 31)(  4, 26, 11, 58)(  5, 59, 13, 83)(  6, 37, 29, 14)
        (  7, 45, 78, 92)(  8, 38, 69, 50)(  9, 35)( 10, 79)( 12, 81)
        ( 15, 82, 96, 72)( 16, 80, 66, 60)( 17, 32, 65,100)( 19, 76, 63, 20)
        ( 21, 70, 25, 42)( 22, 46, 86, 48)( 23, 90, 33, 97)( 24, 47, 28, 40)
        ( 27, 39)( 30, 85, 56, 43)( 34, 51, 68, 52)( 41, 54)( 44, 89, 73, 98)
        ( 49, 57, 55, 62)( 53, 99, 64, 61)( 71, 88)( 75, 87, 93, 94) ] ) );
