return 
[ [ 231, 742, 899, 1067, 1085, 1358, 1693, 1948, 2616, 2787, 3034, 3448, 
      3474, 3499, 3727, 3855, 3958, 4172, 4182, 4268, 4408, 4422, 4527 ], 
  [ 231, 899, 1067, 1085, 1358, 1407, 1693, 1948, 2616, 2787, 3034, 3448, 
      3474, 3499, 3727, 3855, 3958, 4172, 4182, 4268, 4408, 4422, 4527 ], 
  [ 742, 899, 1067, 1085, 1358, 1407, 1693, 1948, 2616, 2787, 2981, 3034, 
      3059, 3448, 3474, 3499, 3727, 3855, 3958, 4268, 4408, 4422, 4527 ], 
  [ 231, 742, 899, 1067, 1085, 1358, 1407, 1693, 1948, 2616, 2787, 3059, 
      3448, 3474, 3499, 3727, 3855, 3958, 4172, 4268, 4408, 4422, 4527 ], 
  [ 231, 742, 899, 1067, 1085, 1358, 1407, 1693, 1948, 2616, 2787, 3034, 
      3448, 3474, 3499, 3727, 3855, 3958, 4172, 4268, 4408, 4422, 4527 ], 
  [ 231, 742, 766, 899, 1067, 1085, 1358, 1407, 1693, 1948, 2616, 2787, 2981, 
      3034, 3059, 3448, 3474, 3855, 3958, 4172, 4268, 4408, 4422, 4527 ], 
  [ 231, 742, 899, 1067, 1085, 1358, 1407, 1693, 1948, 2616, 2787, 2981, 
      3034, 3059, 3448, 3474, 3499, 3855, 3958, 4268, 4408, 4422, 4527 ], 
  [ 231, 742, 899, 1005, 1067, 1085, 1358, 1693, 1948, 2616, 2787, 3034, 
      3448, 3474, 3499, 3727, 3855, 3958, 3986, 4172, 4182, 4268, 4408, 4422 ]
    , [ 231, 303, 742, 899, 1067, 1085, 1268, 1358, 1407, 1693, 1948, 2616, 
      2787, 3034, 3448, 3474, 3499, 3727, 3855, 3958, 4172, 4182, 4206, 4268, 
      4408, 4527 ], 
  [ 231, 742, 899, 1067, 1085, 1358, 1693, 1948, 2616, 2787, 2857, 3034, 
      3448, 3474, 3499, 3727, 3855, 3958, 4172, 4182, 4408, 4422, 4527 ], 
  [ 231, 742, 899, 1067, 1085, 1358, 1693, 1948, 2616, 2787, 2857, 2981, 
      3034, 3059, 3214, 3448, 3474, 3499, 3727, 3813, 3855, 3869, 3958, 4182, 
      4268, 4408, 4422, 4527, 4596 ], 
  [ 231, 742, 899, 1067, 1085, 1358, 1693, 1948, 2616, 2787, 2857, 3034, 
      3059, 3448, 3474, 3727, 3855, 3958, 4172, 4182, 4268, 4408, 4422, 4527 ]
    , [ 119, 231, 742, 899, 1067, 1085, 1358, 1693, 1948, 2207, 2616, 2787, 
      2857, 3034, 3059, 3474, 3499, 3727, 3855, 3869, 3885, 3958, 3986, 4172, 
      4182, 4268, 4408, 4422, 4527 ], 
  [ 231, 742, 899, 1067, 1085, 1358, 1403, 1693, 1948, 2787, 2857, 3034, 
      3448, 3474, 3499, 3727, 3855, 3958, 4172, 4182, 4268, 4408, 4422, 4527 ]
    , [ 119, 231, 303, 697, 742, 899, 931, 1005, 1067, 1085, 1268, 1358, 
      1455, 1693, 2423, 2616, 2787, 3034, 3059, 3448, 3474, 3499, 3701, 3727, 
      3855, 3885, 3958, 4172, 4182, 4268, 4408, 4422, 4527 ], 
  [ 231, 742, 899, 1067, 1085, 1403, 1407, 1693, 1948, 2616, 2787, 3034, 
      3448, 3474, 3499, 3727, 3855, 3958, 4172, 4182, 4268, 4408, 4422, 4527 ]
    , [ 4, 231, 257, 500, 683, 704, 742, 756, 766, 842, 899, 992, 1030, 1054, 
      1067, 1190, 1208, 1238, 1266, 1358, 1550, 1598, 1662, 1693, 1704, 1796, 
      1836, 1890, 1948, 1980, 1998, 2044, 2112, 2207, 2225, 2423, 2513, 2524, 
      2576, 2616, 2653, 2659, 2710, 2787, 2857, 2981, 3034, 3059, 3195, 3214, 
      3337, 3448, 3474, 3499, 3560, 3688, 3701, 3727, 3813, 3855, 3863, 3869, 
      3885, 3958, 3982, 4109, 4134, 4160, 4172, 4182, 4268, 4379, 4408, 4422, 
      4474, 4527, 4577, 4596 ], 
  [ 85, 231, 257, 756, 899, 989, 1005, 1067, 1085, 1109, 1358, 1403, 1407, 
      1523, 1693, 1919, 1948, 2011, 2210, 2398, 2524, 2616, 2787, 2878, 2904, 
      3034, 3195, 3214, 3448, 3474, 3479, 3499, 3727, 3855, 3958, 3982, 3986, 
      3998, 4172, 4182, 4268, 4408, 4422, 4596 ], 
  [ 231, 257, 899, 1067, 1085, 1358, 1403, 1407, 1693, 1948, 2616, 2787, 
      3034, 3448, 3474, 3499, 3727, 3855, 3958, 4172, 4182, 4268, 4422, 4527, 
      4596 ], 
  [ 231, 766, 899, 1067, 1085, 1358, 1407, 1693, 1948, 2616, 2787, 3034, 
      3448, 3474, 3499, 3727, 3813, 3855, 3958, 4172, 4182, 4408, 4422, 4527 ]
    , [ 231, 257, 899, 1067, 1085, 1358, 1407, 1693, 1948, 2616, 2787, 3034, 
      3448, 3474, 3499, 3727, 3813, 3855, 3958, 4182, 4268, 4408, 4422, 4527, 
      4596 ], 
  [ 231, 899, 1067, 1085, 1358, 1403, 1407, 1693, 1948, 2616, 2787, 3034, 
      3448, 3474, 3499, 3855, 3958, 4172, 4182, 4268, 4408, 4422, 4527 ], 
  [ 231, 257, 899, 1067, 1085, 1358, 1407, 1693, 1948, 2616, 2787, 3448, 
      3474, 3499, 3727, 3855, 3958, 4172, 4182, 4268, 4408, 4422, 4527 ], 
  [ 231, 257, 899, 1067, 1085, 1358, 1407, 1693, 1948, 2787, 3034, 3448, 
      3474, 3499, 3727, 3855, 3958, 4172, 4182, 4268, 4408, 4422, 4527 ], 
  [ 4, 85, 124, 150, 164, 168, 178, 231, 257, 274, 290, 294, 310, 332, 344, 
      386, 411, 427, 478, 484, 490, 500, 530, 565, 569, 579, 614, 632, 686, 
      690, 696, 704, 706, 712, 714, 715, 747, 756, 766, 780, 799, 829, 896, 
      911, 939, 989, 1005, 1043, 1045, 1049, 1051, 1067, 1081, 1083, 1085, 
      1087, 1103, 1109, 1116, 1118, 1130, 1134, 1148, 1158, 1166, 1180, 1190, 
      1230, 1234, 1236, 1266, 1268, 1292, 1300, 1342, 1358, 1372, 1373, 1403, 
      1407, 1427, 1429, 1523, 1537, 1543, 1591, 1595, 1609, 1627, 1631, 1640, 
      1682, 1683, 1693, 1704, 1737, 1739, 1745, 1790, 1825, 1855, 1877, 1890, 
      1919, 1929, 1931, 1948, 1998, 2011, 2021, 2059, 2079, 2083, 2085, 2142, 
      2162, 2168, 2170, 2194, 2196, 2200, 2202, 2204, 2210, 2215, 2228, 2244, 
      2262, 2296, 2337, 2377, 2383, 2392, 2398, 2402, 2414, 2422, 2426, 2436, 
      2438, 2442, 2460, 2486, 2498, 2500, 2510, 2512, 2524, 2576, 2588, 2604, 
      2606, 2616, 2658, 2740, 2759, 2763, 2769, 2787, 2857, 2875, 2878, 2882, 
      2886, 2890, 2898, 2904, 2916, 2918, 2950, 2956, 2984, 3018, 3034, 3045, 
      3061, 3075, 3095, 3114, 3195, 3207, 3212, 3214, 3220, 3224, 3226, 3232, 
      3262, 3282, 3288, 3322, 3336, 3350, 3390, 3408, 3415, 3448, 3474, 3479, 
      3499, 3536, 3540, 3635, 3663, 3678, 3688, 3700, 3727, 3773, 3781, 3789, 
      3793, 3813, 3855, 3872, 3885, 3895, 3903, 3907, 3909, 3933, 3946, 3948, 
      3958, 3960, 3972, 3976, 3982, 3986, 3998, 4000, 4006, 4010, 4020, 4024, 
      4042, 4044, 4064, 4074, 4078, 4086, 4102, 4118, 4160, 4172, 4182, 4200, 
      4206, 4219, 4253, 4268, 4298, 4302, 4308, 4314, 4324, 4332, 4366, 4382, 
      4396, 4408, 4422, 4440, 4448, 4456, 4461, 4475, 4483, 4499, 4509, 4527, 
      4577, 4584, 4590, 4596 ], 
  [ 742, 899, 1067, 1085, 1358, 1407, 1693, 1948, 2616, 2787, 2981, 3034, 
      3059, 3448, 3474, 3499, 3727, 3813, 3855, 3958, 4408, 4422, 4527 ], 
  [ 742, 766, 899, 1067, 1085, 1358, 1407, 1693, 1948, 2207, 2616, 2710, 
      2787, 2981, 3034, 3059, 3448, 3499, 3727, 3855, 3958, 4268, 4408, 4422, 
      4527 ], [ 257, 500, 742, 899, 1067, 1085, 1358, 1407, 1529, 1693, 1948, 
      2616, 2710, 2787, 2981, 3059, 3214, 3448, 3474, 3499, 3727, 3813, 3855, 
      3958, 4268, 4408, 4422, 4527 ], 
  [ 742, 899, 1067, 1085, 1358, 1407, 1693, 2616, 2710, 2787, 2981, 3034, 
      3059, 3448, 3474, 3499, 3727, 3813, 3855, 3958, 4268, 4408, 4422, 4527 ]
    , [ 742, 899, 1067, 1085, 1358, 1407, 1948, 2616, 2787, 2981, 3034, 3059, 
      3448, 3474, 3499, 3727, 3813, 3855, 3958, 4268, 4408, 4422, 4527 ], 
  [ 742, 899, 1085, 1358, 1407, 1693, 1948, 2616, 2787, 2981, 3034, 3059, 
      3448, 3474, 3499, 3727, 3855, 3958, 4268, 4408, 4422, 4527, 4596 ], 
  [ 231, 303, 742, 899, 1067, 1085, 1358, 1407, 1693, 1948, 2616, 2787, 3059, 
      3448, 3474, 3499, 3727, 3855, 3958, 4172, 4268, 4408, 4422 ], 
  [ 231, 303, 742, 899, 1067, 1085, 1358, 1407, 1693, 1948, 2616, 2787, 3059, 
      3448, 3474, 3499, 3727, 3855, 4172, 4268, 4408, 4422, 4527 ], 
  [ 231, 303, 742, 899, 1067, 1085, 1358, 1407, 1693, 1948, 2616, 2787, 3059, 
      3448, 3474, 3499, 3727, 3958, 4172, 4268, 4408, 4422, 4527 ], 
  [ 231, 303, 742, 899, 1067, 1085, 1358, 1407, 1693, 1948, 2787, 3059, 3448, 
      3474, 3499, 3727, 3855, 3958, 4172, 4268, 4408, 4422, 4527 ], 
  [ 231, 303, 742, 899, 1067, 1085, 1268, 1358, 1407, 1948, 2616, 2787, 3059, 
      3448, 3474, 3499, 3727, 3855, 3958, 4172, 4268, 4408, 4422, 4527 ], 
  [ 231, 742, 899, 1067, 1085, 1407, 1693, 1948, 2616, 2787, 3059, 3448, 
      3474, 3499, 3727, 3855, 3958, 4172, 4182, 4268, 4408, 4422, 4527 ], 
  [ 231, 257, 899, 1067, 1085, 1358, 1407, 1693, 1948, 2616, 2787, 3059, 
      3448, 3474, 3499, 3727, 3855, 3958, 4172, 4268, 4408, 4422, 4527 ], 
  [ 257, 742, 899, 1067, 1085, 1358, 1407, 1693, 1948, 2210, 2616, 2787, 
      3059, 3448, 3474, 3499, 3727, 3855, 3958, 4172, 4268, 4408, 4422, 4527 ]
    , [ 231, 742, 899, 1067, 1085, 1358, 1407, 1693, 1948, 2616, 2787, 3034, 
      3448, 3474, 3499, 3727, 3855, 3958, 4172, 4268, 4422, 4499, 4527 ], 
  [ 231, 303, 742, 899, 1067, 1085, 1358, 1403, 1407, 1693, 1948, 2207, 2616, 
      2787, 3034, 3448, 3474, 3499, 3727, 3855, 4172, 4268, 4408, 4422, 4499, 
      4527 ], 
  [ 119, 231, 257, 303, 393, 742, 756, 899, 989, 1005, 1067, 1085, 1331, 
      1358, 1403, 1407, 1693, 1948, 2207, 2215, 2225, 2423, 2769, 2787, 2807, 
      2857, 2981, 3034, 3095, 3448, 3474, 3499, 3527, 3727, 3855, 3958, 4172, 
      4206, 4268, 4408, 4422, 4499, 4527 ], 
  [ 231, 742, 899, 1067, 1085, 1268, 1358, 1407, 1948, 2616, 2787, 3034, 
      3448, 3474, 3499, 3727, 3855, 3958, 4172, 4268, 4408, 4422, 4527 ], 
  [ 231, 742, 1067, 1085, 1268, 1358, 1407, 1693, 1948, 2616, 2787, 3034, 
      3448, 3474, 3499, 3727, 3855, 3958, 4172, 4268, 4408, 4422, 4499, 4527 ]
    , [ 231, 742, 766, 899, 1067, 1085, 1358, 1407, 1693, 1948, 2616, 2787, 
      2981, 3034, 3059, 3448, 3474, 3499, 3855, 3958, 4408, 4422, 4527 ], 
  [ 231, 742, 766, 899, 1085, 1358, 1407, 1693, 1948, 2616, 2787, 2981, 3034, 
      3059, 3448, 3474, 3499, 3855, 3958, 4268, 4408, 4422, 4527 ], 
  [ 231, 742, 899, 1005, 1067, 1085, 1190, 1358, 1693, 1948, 2616, 2787, 
      2857, 3034, 3448, 3474, 3499, 3727, 3855, 3958, 3986, 4172, 4182, 4408, 
      4422, 4499 ], 
  [ 231, 742, 899, 1067, 1085, 1358, 1693, 1948, 2616, 2787, 2857, 3034, 
      3448, 3474, 3499, 3727, 3855, 3958, 4172, 4182, 4422, 4499, 4527 ], 
  [ 231, 742, 766, 899, 1067, 1085, 1358, 1693, 1948, 2616, 2787, 2857, 3034, 
      3448, 3474, 3499, 3855, 3958, 4172, 4182, 4408, 4422, 4527 ], 
  [ 231, 742, 766, 899, 1067, 1085, 1358, 1693, 1948, 2616, 2787, 2857, 3034, 
      3448, 3499, 3727, 3855, 3958, 4172, 4182, 4408, 4422, 4527 ], 
  [ 231, 742, 899, 1067, 1085, 1358, 1693, 1948, 2616, 2857, 3034, 3448, 
      3474, 3499, 3727, 3855, 3958, 4172, 4182, 4408, 4422, 4499, 4527 ], 
  [ 231, 715, 742, 766, 899, 931, 1005, 1067, 1085, 1190, 1268, 1358, 1693, 
      1855, 2168, 2423, 2576, 2616, 2787, 2857, 2886, 3034, 3448, 3474, 3499, 
      3700, 3727, 3813, 3855, 3885, 3958, 4172, 4182, 4206, 4408, 4422, 4499, 
      4527 ], [ 231, 742, 766, 899, 1085, 1358, 1693, 1948, 2616, 2787, 2857, 
      3034, 3448, 3474, 3499, 3727, 3855, 3958, 4172, 4182, 4408, 4422, 4527 ]
    , [ 231, 766, 899, 1067, 1085, 1358, 1693, 1948, 2616, 2787, 2857, 3034, 
      3448, 3474, 3499, 3727, 3855, 3958, 4172, 4182, 4408, 4422, 4527 ], 
  [ 742, 766, 899, 1067, 1085, 1358, 1693, 1948, 2616, 2787, 2857, 3034, 
      3448, 3474, 3499, 3727, 3855, 3958, 4172, 4182, 4408, 4422, 4527 ], 
  [ 231, 766, 899, 1067, 1085, 1358, 1403, 1407, 1693, 1948, 2616, 2787, 
      3034, 3448, 3474, 3499, 3855, 3958, 4172, 4182, 4408, 4422, 4527 ], 
  [ 231, 257, 899, 1067, 1085, 1358, 1403, 1407, 1693, 1948, 2787, 3034, 
      3448, 3474, 3499, 3855, 3958, 4172, 4182, 4268, 4408, 4422, 4527 ], 
  [ 231, 257, 899, 1067, 1085, 1358, 1407, 1693, 1948, 2616, 2787, 3448, 
      3474, 3499, 3727, 3813, 3855, 3958, 4172, 4182, 4408, 4422, 4527 ], 
  [ 231, 257, 899, 1067, 1085, 1407, 1693, 1948, 2616, 2787, 3059, 3448, 
      3474, 3499, 3727, 3855, 3958, 4172, 4182, 4268, 4408, 4422, 4527 ], 
  [ 231, 257, 899, 1085, 1358, 1407, 1693, 1948, 2616, 2787, 3059, 3448, 
      3474, 3499, 3727, 3855, 3958, 4172, 4182, 4268, 4408, 4422, 4527 ], 
  [ 257, 899, 1067, 1085, 1358, 1407, 1693, 1948, 2210, 2616, 2787, 3448, 
      3474, 3499, 3727, 3855, 3958, 4172, 4182, 4268, 4408, 4422, 4527 ], 
  [ 231, 257, 899, 1067, 1085, 1358, 1407, 1693, 1948, 2787, 3034, 3448, 
      3474, 3499, 3727, 3855, 3958, 4172, 4182, 4206, 4268, 4408, 4527 ], 
  [ 231, 257, 303, 899, 989, 1067, 1085, 1358, 1407, 1693, 1948, 2787, 2981, 
      3034, 3448, 3474, 3499, 3727, 3958, 4172, 4182, 4206, 4268, 4408, 4422, 
      4527 ], 
  [ 231, 257, 899, 1067, 1085, 1358, 1403, 1693, 1948, 2787, 3034, 3448, 
      3474, 3499, 3727, 3855, 3958, 4172, 4182, 4268, 4408, 4422, 4527 ], 
  [ 231, 257, 899, 1067, 1085, 1403, 1407, 1693, 1948, 2787, 3034, 3448, 
      3474, 3499, 3727, 3855, 3958, 4172, 4182, 4268, 4408, 4422, 4527 ], 
  [ 119, 183, 231, 257, 295, 303, 393, 427, 530, 686, 697, 699, 715, 742, 
      756, 766, 880, 899, 989, 1005, 1054, 1085, 1268, 1331, 1358, 1368, 
      1403, 1407, 1598, 1640, 1691, 1693, 1828, 1862, 1890, 1898, 1948, 1998, 
      2074, 2112, 2207, 2210, 2215, 2225, 2235, 2255, 2333, 2423, 2473, 2521, 
      2533, 2537, 2645, 2699, 2705, 2769, 2787, 2807, 2857, 2913, 2981, 3009, 
      3034, 3037, 3045, 3051, 3059, 3095, 3390, 3448, 3474, 3479, 3499, 3527, 
      3529, 3663, 3727, 3855, 3872, 3922, 3958, 3977, 3986, 3998, 4047, 4142, 
      4172, 4182, 4206, 4268, 4379, 4399, 4408, 4422, 4440, 4499, 4527, 4560, 
      4592, 4596 ], 
  [ 257, 899, 1067, 1085, 1358, 1403, 1407, 1693, 1948, 2787, 3034, 3448, 
      3474, 3499, 3727, 3855, 3958, 4172, 4182, 4268, 4408, 4422, 4527 ], 
  [ 742, 766, 899, 1067, 1085, 1358, 1407, 1693, 1948, 2616, 2787, 2981, 
      3034, 3059, 3448, 3474, 3499, 3813, 3855, 3958, 4408, 4422, 4527 ], 
  [ 742, 766, 899, 1067, 1085, 1358, 1407, 1693, 1948, 2616, 2787, 2981, 
      3034, 3059, 3448, 3499, 3727, 3813, 3855, 3958, 4408, 4422, 4527 ], 
  [ 742, 766, 899, 1067, 1358, 1407, 1693, 1948, 2616, 2787, 2981, 3034, 
      3059, 3448, 3474, 3499, 3727, 3813, 3855, 3958, 4408, 4422, 4527 ], 
  [ 742, 766, 899, 1085, 1358, 1407, 1693, 1948, 2616, 2787, 2981, 3034, 
      3059, 3448, 3474, 3499, 3727, 3813, 3855, 3958, 4408, 4422, 4527 ], 
  [ 742, 899, 1067, 1085, 1238, 1358, 1407, 1948, 2616, 2710, 2787, 2981, 
      3034, 3059, 3448, 3474, 3499, 3727, 3813, 3855, 3958, 4268, 4408, 4422 ]
    , [ 742, 899, 1067, 1085, 1358, 1407, 1598, 1948, 2616, 2787, 2981, 3034, 
      3059, 3448, 3474, 3499, 3727, 3813, 3855, 4268, 4408, 4422, 4527 ], 
  [ 742, 899, 1067, 1085, 1358, 1407, 1948, 2616, 2710, 2787, 2981, 3034, 
      3059, 3448, 3499, 3727, 3813, 3855, 3958, 4268, 4408, 4422, 4527 ], 
  [ 742, 899, 1067, 1085, 1358, 1407, 1948, 2616, 2710, 2981, 3034, 3059, 
      3448, 3474, 3499, 3727, 3813, 3855, 3958, 4268, 4408, 4422, 4527 ], 
  [ 742, 899, 1067, 1358, 1407, 1598, 1948, 2616, 2787, 2981, 3034, 3059, 
      3448, 3474, 3499, 3727, 3813, 3855, 3958, 4268, 4408, 4422, 4527 ], 
  [ 742, 766, 899, 1085, 1358, 1407, 1693, 1948, 2616, 2787, 2981, 3034, 
      3059, 3448, 3474, 3499, 3727, 3855, 3958, 4182, 4268, 4408, 4527, 4596 ]
    , [ 742, 766, 899, 1085, 1358, 1407, 1693, 1948, 2616, 2787, 2981, 3034, 
      3059, 3448, 3474, 3499, 3727, 3855, 3958, 4408, 4422, 4527, 4596 ], 
  [ 742, 766, 899, 1085, 1358, 1407, 1693, 1948, 2616, 2787, 2981, 3034, 
      3059, 3448, 3474, 3499, 3727, 3958, 4182, 4268, 4408, 4422, 4527, 4596 ]
    , [ 742, 766, 899, 1085, 1358, 1407, 1693, 1948, 2616, 2787, 2981, 3034, 
      3059, 3448, 3474, 3499, 3855, 3958, 4268, 4408, 4422, 4527, 4596 ], 
  [ 742, 766, 899, 1085, 1358, 1407, 1693, 1948, 2616, 2787, 2981, 3034, 
      3059, 3448, 3499, 3727, 3855, 3958, 4268, 4408, 4422, 4527, 4596 ], 
  [ 742, 766, 899, 1085, 1358, 1407, 1693, 1948, 2616, 2787, 3034, 3059, 
      3448, 3474, 3499, 3727, 3855, 3958, 4268, 4408, 4422, 4527, 4596 ], 
  [ 742, 766, 899, 1358, 1407, 1693, 1948, 2616, 2787, 2981, 3034, 3059, 
      3448, 3474, 3499, 3727, 3855, 3958, 4268, 4408, 4422, 4527, 4596 ], 
  [ 231, 303, 742, 899, 1067, 1085, 1358, 1407, 1693, 1948, 2210, 2616, 2787, 
      3059, 3448, 3474, 3499, 3855, 3958, 4172, 4268, 4408, 4422 ], 
  [ 231, 303, 742, 899, 1085, 1268, 1358, 1407, 1693, 1948, 2210, 2616, 2787, 
      3059, 3448, 3474, 3499, 3727, 3855, 3958, 4172, 4268, 4408, 4422 ], 
  [ 231, 303, 742, 899, 1067, 1085, 1358, 1407, 1693, 1948, 2616, 2787, 3059, 
      3474, 3499, 3727, 3958, 4172, 4182, 4268, 4408, 4422, 4527 ], 
  [ 231, 303, 742, 899, 1085, 1358, 1407, 1693, 1948, 2616, 2787, 3059, 3448, 
      3474, 3499, 3727, 3958, 4172, 4182, 4268, 4408, 4422, 4527 ], 
  [ 231, 257, 303, 742, 899, 1067, 1085, 1358, 1407, 1693, 1948, 2787, 3059, 
      3448, 3474, 3499, 3855, 3958, 4172, 4268, 4408, 4422, 4527 ], 
  [ 119, 231, 257, 303, 393, 742, 899, 1067, 1085, 1331, 1358, 1407, 1693, 
      1948, 2207, 2423, 2787, 2807, 2857, 2981, 3059, 3095, 3448, 3474, 3727, 
      3855, 3958, 4172, 4268, 4408, 4422, 4527 ], 
  [ 231, 257, 303, 742, 899, 1067, 1085, 1358, 1407, 1693, 1948, 2787, 3059, 
      3448, 3499, 3727, 3855, 3958, 4172, 4268, 4408, 4422, 4527 ], 
  [ 119, 231, 303, 742, 899, 1067, 1085, 1358, 1407, 1693, 1948, 2787, 3059, 
      3095, 3474, 3499, 3727, 3855, 3958, 4172, 4268, 4408, 4422, 4527 ], 
  [ 231, 257, 303, 742, 899, 1067, 1085, 1358, 1693, 1948, 2787, 3059, 3448, 
      3474, 3499, 3727, 3855, 3958, 4172, 4268, 4408, 4422, 4527 ], 
  [ 231, 257, 303, 742, 899, 1067, 1358, 1407, 1693, 1948, 2423, 2787, 3059, 
      3448, 3474, 3499, 3727, 3855, 3958, 4172, 4268, 4408, 4422, 4527 ], 
  [ 231, 257, 303, 899, 1067, 1085, 1358, 1407, 1693, 1948, 2787, 3059, 3448, 
      3474, 3499, 3727, 3855, 3958, 4172, 4268, 4408, 4422, 4527 ], 
  [ 231, 257, 742, 899, 1067, 1085, 1403, 1407, 1693, 1948, 2616, 2787, 3059, 
      3448, 3474, 3499, 3855, 3958, 4172, 4182, 4268, 4408, 4422, 4527 ], 
  [ 231, 257, 742, 899, 1067, 1085, 1407, 1693, 1948, 2616, 2787, 3059, 3448, 
      3499, 3727, 3855, 3958, 4172, 4182, 4268, 4408, 4422, 4527 ], 
  [ 119, 231, 742, 899, 1067, 1085, 1407, 1693, 1948, 2616, 2787, 3059, 3474, 
      3499, 3727, 3855, 3958, 4172, 4182, 4268, 4408, 4422, 4527 ], 
  [ 119, 231, 742, 899, 1067, 1085, 1407, 1693, 2616, 2787, 3059, 3448, 3474, 
      3499, 3727, 3855, 3958, 4172, 4182, 4268, 4408, 4422, 4527 ], 
  [ 257, 742, 899, 1067, 1085, 1407, 1693, 1948, 2616, 2787, 3059, 3448, 
      3474, 3499, 3727, 3855, 3958, 4172, 4182, 4268, 4408, 4422, 4527 ], 
  [ 231, 742, 899, 1085, 1268, 1358, 1407, 1948, 2616, 2787, 3034, 3059, 
      3448, 3474, 3499, 3727, 3855, 3958, 4172, 4182, 4268, 4408, 4422, 4527 ]
    , [ 231, 742, 766, 899, 1067, 1085, 1358, 1407, 1693, 1948, 2616, 2787, 
      2981, 3034, 3059, 3448, 3474, 3499, 3813, 3855, 3958, 4408, 4527 ], 
  [ 231, 742, 766, 899, 1067, 1085, 1358, 1407, 1693, 1948, 2616, 2787, 2981, 
      3034, 3059, 3448, 3474, 3499, 3813, 3958, 4408, 4422, 4527 ], 
  [ 231, 742, 766, 899, 1067, 1085, 1358, 1693, 1948, 2616, 2787, 2981, 3034, 
      3059, 3448, 3474, 3499, 3813, 3855, 3958, 4408, 4422, 4527 ], 
  [ 231, 742, 766, 899, 1067, 1085, 1407, 1693, 1948, 2616, 2787, 2981, 3034, 
      3059, 3448, 3474, 3499, 3813, 3855, 3958, 4408, 4422, 4527 ], 
  [ 231, 766, 899, 1067, 1085, 1358, 1407, 1693, 1948, 2616, 2787, 2981, 
      3034, 3059, 3448, 3474, 3499, 3813, 3855, 3958, 4408, 4422, 4527 ], 
  [ 231, 742, 766, 899, 1085, 1358, 1407, 1693, 1948, 2616, 2787, 2981, 3034, 
      3059, 3448, 3474, 3499, 3855, 3958, 4182, 4268, 4408, 4527 ], 
  [ 231, 742, 766, 899, 1085, 1358, 1407, 1693, 1948, 2616, 2787, 2981, 3034, 
      3059, 3448, 3474, 3499, 3855, 3958, 4268, 4422, 4527, 4596 ], 
  [ 231, 742, 766, 899, 1085, 1358, 1407, 1693, 1948, 2616, 2787, 2981, 3034, 
      3059, 3448, 3474, 3499, 3855, 4268, 4408, 4422, 4527, 4596 ], 
  [ 231, 742, 766, 899, 1085, 1358, 1693, 1948, 2616, 2787, 2981, 3034, 3059, 
      3448, 3474, 3499, 3855, 3958, 4182, 4268, 4408, 4422, 4527 ], 
  [ 231, 742, 766, 899, 1085, 1358, 1693, 1948, 2616, 2787, 2857, 3034, 3448, 
      3474, 3499, 3727, 3855, 3958, 4172, 4182, 4422, 4499, 4527 ], 
  [ 231, 742, 766, 899, 1067, 1085, 1190, 1358, 1693, 1948, 2616, 2787, 2857, 
      3034, 3448, 3499, 3727, 3855, 3958, 4172, 4182, 4408, 4422 ], 
  [ 231, 742, 766, 899, 1067, 1085, 1358, 1693, 1948, 2616, 2787, 2857, 3034, 
      3499, 3727, 3855, 3885, 3958, 4172, 4182, 4408, 4422, 4527 ], 
  [ 231, 257, 742, 766, 899, 1067, 1085, 1358, 1693, 1948, 2787, 2857, 3034, 
      3448, 3499, 3727, 3855, 3958, 4172, 4182, 4408, 4422, 4527 ], 
  [ 231, 742, 766, 1067, 1085, 1358, 1693, 1948, 2616, 2787, 2857, 3034, 
      3448, 3499, 3727, 3855, 3885, 3958, 4172, 4182, 4408, 4422, 4527 ], 
  [ 231, 742, 766, 899, 1085, 1358, 1693, 1948, 2616, 2787, 2857, 3034, 3448, 
      3474, 3499, 3727, 3855, 3958, 4172, 4182, 4408, 4422, 4499 ], 
  [ 231, 742, 766, 899, 1085, 1358, 1693, 1948, 2616, 2787, 2857, 3034, 3059, 
      3448, 3474, 3727, 3855, 3958, 4172, 4182, 4408, 4422, 4527 ], 
  [ 231, 742, 766, 1085, 1358, 1693, 1948, 2616, 2787, 2857, 3034, 3448, 
      3474, 3499, 3727, 3855, 3958, 4172, 4182, 4408, 4422, 4499, 4527 ], 
  [ 231, 766, 899, 1067, 1085, 1358, 1693, 1948, 2616, 2787, 2857, 3034, 
      3448, 3474, 3499, 3727, 3813, 3855, 3958, 4182, 4408, 4422, 4527 ], 
  [ 231, 766, 899, 1067, 1085, 1358, 1693, 1948, 2616, 2787, 2857, 3034, 
      3448, 3474, 3727, 3813, 3855, 3958, 4172, 4182, 4408, 4422, 4527 ], 
  [ 231, 766, 899, 1067, 1085, 1358, 1693, 1948, 2616, 2787, 2857, 3034, 
      3474, 3499, 3727, 3813, 3855, 3958, 4172, 4182, 4408, 4422, 4527 ], 
  [ 742, 766, 899, 1067, 1085, 1358, 1693, 1948, 2616, 2787, 3034, 3448, 
      3474, 3499, 3727, 3855, 3958, 4172, 4182, 4206, 4408, 4422, 4527 ], 
  [ 742, 766, 899, 1067, 1085, 1358, 1693, 1948, 2787, 2857, 3034, 3448, 
      3474, 3499, 3727, 3855, 3958, 4172, 4182, 4206, 4408, 4422, 4527 ], 
  [ 231, 257, 766, 899, 1067, 1085, 1358, 1403, 1407, 1693, 1948, 2616, 2787, 
      3448, 3474, 3499, 3855, 3958, 4172, 4182, 4408, 4422, 4527 ], 
  [ 231, 257, 899, 1067, 1085, 1358, 1403, 1407, 1693, 1948, 2787, 2981, 
      3034, 3448, 3474, 3499, 3958, 4172, 4182, 4268, 4408, 4422, 4527 ], 
  [ 231, 257, 899, 1067, 1085, 1358, 1403, 1407, 1948, 2787, 3034, 3448, 
      3474, 3499, 3855, 3958, 4172, 4182, 4206, 4268, 4408, 4422, 4527 ], 
  [ 231, 257, 766, 899, 1067, 1085, 1358, 1407, 1693, 1948, 2616, 2787, 3448, 
      3474, 3499, 3813, 3855, 3958, 4172, 4182, 4408, 4422, 4527 ], 
  [ 231, 257, 766, 899, 1085, 1358, 1407, 1693, 1948, 2616, 2787, 3448, 3474, 
      3499, 3727, 3813, 3855, 3958, 4172, 4182, 4408, 4422, 4527 ], 
  [ 257, 766, 899, 1067, 1085, 1358, 1407, 1693, 1948, 2616, 2787, 3448, 
      3474, 3499, 3727, 3813, 3855, 3958, 4172, 4182, 4206, 4408, 4422, 4527 ]
    , [ 231, 257, 899, 1085, 1358, 1407, 1693, 1948, 2210, 2616, 2787, 3059, 
      3448, 3474, 3499, 3727, 3855, 3958, 4172, 4182, 4268, 4422, 4527 ], 
  [ 231, 257, 899, 1085, 1358, 1407, 1693, 1948, 2210, 2616, 3059, 3448, 
      3474, 3499, 3727, 3855, 3958, 4172, 4182, 4268, 4408, 4422, 4527 ], 
  [ 231, 257, 1085, 1358, 1407, 1693, 1948, 2210, 2616, 2787, 3059, 3448, 
      3474, 3499, 3727, 3855, 3958, 4172, 4182, 4268, 4408, 4422, 4527 ], 
  [ 257, 899, 1067, 1085, 1358, 1407, 1693, 1948, 2210, 2616, 2787, 3448, 
      3474, 3499, 3727, 3855, 3958, 4172, 4182, 4206, 4408, 4422, 4527 ], 
  [ 257, 742, 899, 1067, 1085, 1407, 1693, 1948, 2210, 2616, 2787, 3448, 
      3474, 3499, 3727, 3855, 3958, 4172, 4182, 4268, 4408, 4422, 4527 ], 
  [ 231, 257, 899, 1067, 1085, 1358, 1403, 1407, 1693, 1948, 2787, 3034, 
      3448, 3474, 3499, 3727, 3855, 3958, 4172, 4182, 4206, 4268, 4527 ], 
  [ 119, 231, 257, 742, 899, 1005, 1067, 1085, 1358, 1403, 1693, 1948, 2225, 
      2787, 2857, 3034, 3448, 3474, 3499, 3727, 3855, 3958, 4172, 4182, 4206, 
      4268, 4408, 4527 ], 
  [ 119, 231, 257, 899, 1067, 1085, 1403, 1407, 1693, 1948, 2787, 3034, 3448, 
      3474, 3499, 3727, 3855, 3958, 4172, 4182, 4206, 4268, 4408, 4527 ], 
  [ 231, 257, 899, 1067, 1085, 1358, 1403, 1693, 1948, 2787, 2857, 3034, 
      3448, 3474, 3499, 3727, 3855, 3958, 4172, 4182, 4408, 4422, 4527 ], 
  [ 231, 257, 899, 1067, 1085, 1358, 1403, 1693, 1948, 2787, 2857, 3034, 
      3448, 3499, 3727, 3855, 3958, 4172, 4182, 4268, 4408, 4422, 4527 ], 
  [ 231, 257, 899, 1067, 1085, 1358, 1403, 1693, 1948, 2787, 2857, 3034, 
      3474, 3499, 3727, 3855, 3958, 4172, 4182, 4268, 4408, 4422, 4527 ], 
  [ 231, 257, 742, 899, 1005, 1067, 1085, 1358, 1403, 1693, 2787, 2857, 3034, 
      3448, 3474, 3499, 3727, 3855, 3958, 4172, 4182, 4268, 4408, 4422, 4527 ]
    , [ 231, 257, 899, 1067, 1358, 1403, 1693, 1948, 2787, 2857, 3034, 3448, 
      3474, 3499, 3727, 3855, 3958, 4172, 4182, 4268, 4408, 4422, 4527 ], 
  [ 257, 899, 1067, 1085, 1358, 1403, 1407, 1693, 1948, 2787, 3034, 3448, 
      3474, 3499, 3727, 3855, 3958, 4172, 4182, 4206, 4408, 4422, 4527 ], 
  [ 257, 899, 1067, 1085, 1358, 1403, 1407, 1693, 1948, 2787, 3034, 3448, 
      3474, 3499, 3727, 3958, 4172, 4182, 4206, 4268, 4408, 4422, 4527 ], 
  [ 257, 899, 1067, 1085, 1358, 1403, 1407, 1693, 2787, 3034, 3448, 3474, 
      3499, 3727, 3855, 3958, 4172, 4182, 4206, 4268, 4408, 4422, 4527 ], 
  [ 742, 766, 899, 1067, 1085, 1358, 1407, 1693, 1948, 2616, 2787, 2981, 
      3059, 3214, 3448, 3474, 3499, 3813, 3855, 3958, 4408, 4422, 4527 ], 
  [ 742, 766, 899, 1067, 1085, 1358, 1407, 1693, 1948, 2616, 2710, 2787, 
      2981, 3059, 3448, 3499, 3727, 3813, 3855, 3958, 4408, 4422, 4527 ], 
  [ 742, 766, 899, 1067, 1085, 1358, 1407, 1948, 2616, 2710, 2787, 2981, 
      3034, 3059, 3448, 3499, 3727, 3813, 3855, 3958, 4408, 4422, 4527 ], 
  [ 742, 766, 842, 899, 1067, 1358, 1407, 1693, 1948, 2423, 2616, 2787, 2981, 
      3034, 3059, 3448, 3474, 3499, 3727, 3813, 3855, 3958, 4408, 4527 ], 
  [ 500, 742, 766, 899, 1067, 1358, 1407, 1693, 1948, 2616, 2710, 2787, 2981, 
      3059, 3448, 3474, 3499, 3727, 3813, 3855, 3958, 4408, 4422, 4527 ], 
  [ 742, 766, 899, 1067, 1358, 1407, 1693, 2616, 2710, 2787, 2981, 3034, 
      3059, 3448, 3474, 3499, 3727, 3813, 3855, 3958, 4408, 4422, 4527 ], 
  [ 742, 766, 899, 1085, 1407, 1693, 1948, 2616, 2787, 2981, 3034, 3059, 
      3448, 3474, 3499, 3727, 3813, 3855, 3958, 4408, 4422, 4527, 4596 ], 
  [ 742, 899, 1067, 1085, 1358, 1407, 1529, 1598, 1948, 2616, 2787, 2981, 
      3059, 3448, 3474, 3499, 3727, 3813, 3855, 4268, 4408, 4422, 4527 ], 
  [ 742, 899, 1067, 1085, 1358, 1407, 1598, 2616, 2710, 2787, 2981, 3034, 
      3059, 3448, 3474, 3499, 3727, 3813, 3855, 4268, 4408, 4422, 4527 ], 
  [ 742, 899, 1067, 1085, 1358, 1407, 1948, 2616, 2710, 2981, 3034, 3059, 
      3448, 3474, 3499, 3727, 3813, 3855, 3869, 3958, 4268, 4408, 4527 ], 
  [ 742, 899, 1067, 1085, 1358, 1948, 2616, 2710, 2981, 3034, 3059, 3448, 
      3474, 3499, 3727, 3813, 3855, 3869, 3958, 4268, 4408, 4422, 4527 ], 
  [ 742, 899, 1067, 1085, 1407, 1948, 2616, 2710, 2981, 3034, 3059, 3448, 
      3474, 3499, 3727, 3813, 3855, 3869, 3958, 4268, 4408, 4422, 4527 ], 
  [ 742, 899, 1067, 1358, 1407, 1598, 1948, 2616, 2710, 2981, 3034, 3059, 
      3448, 3474, 3499, 3727, 3813, 3855, 3958, 4268, 4408, 4422, 4527 ], 
  [ 500, 742, 899, 1067, 1358, 1407, 1598, 1948, 2616, 2710, 2787, 2981, 
      3059, 3448, 3474, 3499, 3727, 3813, 3855, 3958, 4268, 4408, 4422, 4527 ]
    , [ 742, 899, 1067, 1358, 1407, 1598, 2616, 2710, 2787, 2981, 3034, 3059, 
      3448, 3474, 3499, 3727, 3813, 3855, 3958, 4268, 4408, 4422, 4527 ], 
  [ 500, 742, 1067, 1238, 1358, 1407, 1598, 1948, 2616, 2710, 2787, 2981, 
      3034, 3059, 3448, 3474, 3499, 3727, 3813, 3855, 3958, 4268, 4408, 4422, 
      4527 ], 
  [ 742, 766, 899, 1085, 1407, 1693, 1948, 2616, 2787, 2981, 3034, 3059, 
      3448, 3474, 3499, 3855, 3958, 4182, 4268, 4408, 4422, 4527, 4596 ], 
  [ 742, 766, 899, 1085, 1358, 1407, 1693, 1948, 2616, 2787, 3034, 3059, 
      3448, 3474, 3499, 3727, 3855, 3958, 4182, 4268, 4408, 4422, 4527 ], 
  [ 742, 766, 899, 1085, 1358, 1407, 1693, 1948, 2616, 2787, 3034, 3059, 
      3448, 3474, 3499, 3727, 3855, 3958, 3986, 4268, 4408, 4422, 4596 ], 
  [ 742, 766, 899, 1085, 1358, 1693, 1948, 2616, 2787, 3034, 3059, 3448, 
      3474, 3499, 3727, 3855, 3958, 4182, 4268, 4408, 4422, 4527, 4596 ], 
  [ 742, 766, 899, 1085, 1407, 1693, 1948, 2616, 2787, 3034, 3059, 3448, 
      3474, 3499, 3727, 3855, 3958, 4182, 4268, 4408, 4422, 4527, 4596 ], 
  [ 742, 756, 766, 899, 1358, 1407, 1693, 1948, 2616, 2710, 2787, 2981, 3034, 
      3059, 3448, 3474, 3499, 3727, 3855, 3958, 4268, 4408, 4422, 4596 ], 
  [ 231, 303, 742, 899, 1085, 1268, 1358, 1407, 1693, 1948, 2616, 2787, 3059, 
      3448, 3474, 3499, 3727, 3958, 4172, 4182, 4268, 4408, 4422 ], 
  [ 231, 303, 742, 899, 1085, 1268, 1358, 1407, 1693, 1948, 2616, 2787, 3059, 
      3448, 3474, 3499, 3727, 3958, 4172, 4182, 4408, 4422, 4527 ], 
  [ 231, 303, 742, 899, 1054, 1085, 1268, 1358, 1407, 1693, 1948, 2210, 2616, 
      3059, 3448, 3474, 3499, 3727, 3958, 4172, 4182, 4268, 4408, 4422, 4527 ]
    , [ 231, 303, 742, 899, 1085, 1268, 1358, 1407, 1948, 2616, 2787, 3059, 
      3448, 3474, 3499, 3727, 3958, 4172, 4182, 4268, 4408, 4422, 4527 ], 
  [ 231, 303, 742, 1085, 1268, 1358, 1407, 1693, 1948, 2616, 2787, 3059, 
      3448, 3474, 3499, 3727, 3958, 4172, 4182, 4268, 4408, 4422, 4527 ], 
  [ 119, 231, 257, 742, 899, 1067, 1085, 1407, 1693, 1948, 2616, 2787, 3059, 
      3499, 3727, 3855, 3958, 4172, 4182, 4268, 4408, 4422, 4527 ], 
  [ 231, 257, 697, 742, 766, 899, 1085, 1407, 1693, 1948, 2616, 2787, 3059, 
      3448, 3499, 3727, 3855, 3958, 4172, 4182, 4268, 4408, 4422, 4527 ], 
  [ 119, 231, 742, 899, 1067, 1085, 1403, 1407, 1693, 1948, 2616, 2787, 3059, 
      3474, 3499, 3855, 3958, 4172, 4182, 4268, 4408, 4422, 4527 ], 
  [ 119, 231, 742, 899, 1085, 1407, 1693, 1948, 2616, 2787, 3059, 3474, 3499, 
      3727, 3855, 3958, 3986, 4172, 4182, 4268, 4408, 4422, 4527 ], 
  [ 257, 742, 899, 1067, 1085, 1407, 1529, 1693, 1948, 2616, 2787, 3059, 
      3448, 3474, 3499, 3727, 3855, 3958, 4182, 4268, 4408, 4422, 4527 ], 
  [ 257, 742, 899, 1085, 1407, 1693, 1948, 2210, 2616, 2787, 3059, 3448, 
      3474, 3499, 3727, 3855, 3958, 4172, 4182, 4268, 4408, 4422, 4527 ], 
  [ 231, 742, 766, 899, 1067, 1085, 1358, 1407, 1693, 1948, 2616, 2787, 2981, 
      3034, 3059, 3212, 3474, 3499, 3813, 3855, 3958, 4408, 4527 ], 
  [ 231, 742, 766, 899, 1067, 1358, 1407, 1693, 1948, 2423, 2616, 2787, 2981, 
      3034, 3059, 3448, 3474, 3499, 3813, 3855, 3958, 4408, 4527 ], 
  [ 231, 742, 766, 899, 1067, 1085, 1358, 1693, 1948, 2616, 2787, 2857, 2981, 
      3034, 3059, 3474, 3499, 3813, 3855, 3958, 4408, 4422, 4527 ], 
  [ 231, 742, 766, 899, 1067, 1085, 1358, 1693, 1948, 2616, 2787, 2981, 3059, 
      3214, 3448, 3474, 3499, 3813, 3855, 3958, 4408, 4422, 4527 ], 
  [ 231, 742, 766, 899, 1067, 1085, 1407, 1693, 1948, 2616, 2787, 2857, 2981, 
      3034, 3059, 3448, 3474, 3813, 3855, 3958, 4408, 4422, 4527 ], 
  [ 231, 742, 766, 899, 1067, 1085, 1407, 1409, 1693, 1948, 2616, 2787, 2857, 
      2981, 3034, 3059, 3474, 3499, 3813, 3855, 3958, 4408, 4422, 4527 ], 
  [ 231, 742, 766, 899, 1085, 1358, 1407, 1693, 1948, 2616, 2787, 2981, 3034, 
      3059, 3448, 3474, 3499, 3855, 3958, 4182, 4268, 4527, 4592 ], 
  [ 231, 742, 766, 899, 1085, 1358, 1407, 1693, 1948, 2616, 2787, 2981, 3034, 
      3059, 3448, 3474, 3499, 3855, 4182, 4268, 4408, 4527, 4592 ], 
  [ 231, 742, 766, 899, 1358, 1407, 1693, 1948, 2616, 2787, 2981, 3034, 3059, 
      3448, 3474, 3499, 3855, 3958, 4172, 4182, 4268, 4408, 4527 ], 
  [ 231, 742, 766, 899, 1085, 1358, 1407, 1693, 1948, 2616, 2787, 2981, 3034, 
      3059, 3448, 3474, 3499, 3855, 3958, 4268, 4527, 4592, 4596 ], 
  [ 231, 742, 766, 899, 1054, 1085, 1358, 1407, 1693, 1948, 2616, 2787, 2981, 
      3034, 3059, 3448, 3474, 3499, 3958, 4182, 4268, 4422, 4527, 4592, 4596 ]
    , [ 231, 742, 766, 899, 1085, 1358, 1407, 1693, 1948, 2207, 2616, 2787, 
      2981, 3034, 3059, 3474, 3499, 3855, 3958, 4268, 4422, 4527, 4592, 4596 ]
    , [ 231, 742, 766, 899, 1085, 1358, 1693, 1948, 2616, 2787, 2857, 3034, 
      3448, 3474, 3499, 3727, 3855, 3958, 4182, 4422, 4499, 4527, 4596 ], 
  [ 231, 742, 766, 899, 1067, 1085, 1190, 1358, 1693, 1948, 2616, 2787, 2857, 
      3034, 3448, 3499, 3727, 3855, 3958, 4172, 4408, 4422, 4499 ], 
  [ 231, 742, 766, 899, 1067, 1085, 1190, 1358, 1693, 1948, 2616, 2787, 2857, 
      3034, 3448, 3499, 3727, 3958, 4172, 4182, 4408, 4422, 4499 ], 
  [ 231, 742, 766, 899, 1067, 1085, 1358, 1693, 1948, 2207, 2616, 2787, 2857, 
      3034, 3499, 3727, 3855, 3885, 3958, 4172, 4182, 4422, 4527 ], 
  [ 231, 742, 766, 899, 1067, 1085, 1358, 1693, 1948, 2207, 2616, 2787, 2857, 
      3034, 3499, 3727, 3855, 3885, 4172, 4182, 4408, 4422, 4527 ], 
  [ 231, 257, 766, 899, 1067, 1085, 1358, 1693, 1948, 2616, 2787, 2857, 3034, 
      3499, 3727, 3855, 3885, 3958, 4172, 4182, 4408, 4422, 4527 ], 
  [ 231, 742, 766, 1067, 1085, 1693, 1948, 2616, 2769, 2787, 2857, 3034, 
      3448, 3499, 3727, 3855, 3885, 3958, 4172, 4182, 4408, 4422, 4527 ], 
  [ 231, 766, 899, 1067, 1085, 1407, 1693, 1948, 2616, 2787, 2857, 3034, 
      3448, 3474, 3499, 3727, 3813, 3855, 3958, 4182, 4408, 4422, 4527 ], 
  [ 231, 766, 899, 1067, 1085, 1407, 1693, 1948, 2616, 2787, 2857, 3034, 
      3474, 3499, 3727, 3813, 3855, 3958, 4172, 4182, 4408, 4422, 4527 ], 
  [ 257, 742, 756, 766, 899, 1067, 1358, 1403, 1693, 1948, 2576, 2787, 2857, 
      3034, 3448, 3474, 3499, 3727, 3855, 3958, 4172, 4182, 4206, 4408, 4422, 
      4527 ], 
  [ 742, 899, 1067, 1085, 1358, 1403, 1693, 1948, 2787, 2857, 3034, 3448, 
      3474, 3499, 3727, 3855, 3958, 4172, 4182, 4206, 4408, 4422, 4527 ], 
  [ 231, 257, 899, 1067, 1085, 1358, 1403, 1407, 1948, 2787, 3034, 3448, 
      3474, 3499, 3855, 3958, 3998, 4172, 4182, 4206, 4268, 4408, 4422 ], 
  [ 231, 257, 899, 1085, 1358, 1407, 1693, 1948, 2210, 2616, 3059, 3448, 
      3474, 3499, 3727, 3855, 3958, 4182, 4268, 4408, 4422, 4527, 4596 ], 
  [ 231, 257, 303, 899, 1085, 1358, 1407, 1693, 1948, 2210, 2616, 3059, 3448, 
      3474, 3499, 3727, 3958, 4172, 4182, 4268, 4408, 4422, 4527 ], 
  [ 257, 766, 899, 1085, 1358, 1407, 1693, 1948, 2210, 2616, 2787, 3448, 
      3474, 3499, 3727, 3855, 3958, 4172, 4182, 4206, 4408, 4422, 4527 ], 
  [ 257, 899, 1067, 1085, 1358, 1403, 1693, 1948, 2787, 2857, 3034, 3448, 
      3474, 3499, 3727, 3855, 3958, 4172, 4182, 4206, 4408, 4422, 4527 ], 
  [ 231, 257, 899, 1005, 1067, 1085, 1358, 1403, 1693, 1948, 2787, 2857, 
      3034, 3448, 3499, 3727, 3855, 3958, 4172, 4182, 4268, 4408, 4422 ], 
  [ 257, 742, 899, 1067, 1358, 1403, 1693, 1948, 2787, 2857, 3034, 3448, 
      3474, 3499, 3727, 3855, 3958, 4172, 4182, 4268, 4408, 4422, 4527 ], 
  [ 257, 899, 989, 1067, 1085, 1358, 1403, 1407, 1693, 1948, 2787, 3034, 
      3448, 3474, 3499, 3727, 3958, 4172, 4182, 4206, 4268, 4422, 4527 ], 
  [ 257, 899, 1067, 1085, 1358, 1403, 1407, 1693, 2210, 2787, 3034, 3448, 
      3474, 3499, 3727, 3855, 3958, 4172, 4182, 4206, 4268, 4408, 4422 ], 
  [ 257, 899, 1067, 1085, 1358, 1403, 1407, 1693, 2210, 2787, 3034, 3448, 
      3474, 3499, 3727, 3855, 3958, 4172, 4182, 4206, 4268, 4422, 4527 ], 
  [ 500, 742, 766, 899, 1067, 1085, 1358, 1407, 1693, 1948, 2616, 2787, 2981, 
      3059, 3214, 3448, 3474, 3499, 3813, 3855, 3958, 4408, 4527 ], 
  [ 500, 742, 766, 899, 1067, 1085, 1358, 1407, 1693, 1948, 2616, 2787, 2981, 
      3059, 3214, 3448, 3474, 3499, 3813, 3958, 4408, 4422, 4527 ], 
  [ 500, 742, 766, 899, 1067, 1085, 1358, 1407, 1693, 1948, 2616, 2787, 3059, 
      3214, 3448, 3474, 3499, 3813, 3855, 3958, 4408, 4422, 4527 ], 
  [ 500, 742, 766, 899, 1067, 1358, 1407, 1693, 1948, 2616, 2787, 2981, 3059, 
      3214, 3448, 3474, 3499, 3813, 3855, 3958, 4408, 4422, 4527 ], 
  [ 742, 766, 899, 1067, 1085, 1358, 1407, 1693, 1948, 2616, 2710, 2787, 
      2981, 3059, 3448, 3499, 3727, 3813, 3855, 3958, 4422, 4527, 4596 ], 
  [ 500, 742, 766, 899, 1067, 1085, 1358, 1407, 1693, 1948, 2616, 2710, 2787, 
      2981, 3059, 3448, 3499, 3727, 3813, 3958, 4408, 4422, 4527 ], 
  [ 742, 899, 1067, 1085, 1358, 1407, 1529, 1598, 1948, 2616, 2710, 2787, 
      2981, 3059, 3448, 3474, 3499, 3727, 3813, 3855, 4268, 4408, 4422 ], 
  [ 742, 899, 1067, 1085, 1358, 1407, 1529, 1598, 1948, 2616, 2710, 2981, 
      3059, 3448, 3474, 3499, 3727, 3813, 3855, 4268, 4408, 4422, 4527 ], 
  [ 742, 899, 1067, 1085, 1358, 1407, 1529, 1598, 2616, 2710, 2787, 2981, 
      3059, 3448, 3474, 3499, 3727, 3813, 3855, 4268, 4408, 4422, 4527 ], 
  [ 742, 899, 1067, 1085, 1358, 1407, 1529, 1598, 1693, 2616, 2710, 2787, 
      2981, 3034, 3059, 3448, 3474, 3499, 3727, 3813, 3855, 4233, 4268, 4408, 
      4527 ], 
  [ 742, 899, 1067, 1085, 1358, 1407, 1598, 2423, 2616, 2710, 2787, 2981, 
      3034, 3059, 3448, 3474, 3499, 3727, 3813, 3855, 4233, 4408, 4422, 4527 ]
    , [ 742, 899, 1067, 1085, 1407, 1529, 1598, 2616, 2710, 2787, 2981, 3034, 
      3059, 3448, 3474, 3499, 3727, 3813, 3855, 4268, 4408, 4422, 4527 ], 
  [ 742, 1067, 1085, 1358, 1407, 1598, 2616, 2710, 2787, 2981, 3034, 3059, 
      3448, 3474, 3499, 3727, 3813, 3855, 4233, 4268, 4408, 4422, 4527 ], 
  [ 742, 899, 1067, 1238, 1358, 1407, 1598, 1948, 2616, 2710, 2981, 3034, 
      3059, 3448, 3474, 3499, 3727, 3813, 3855, 3958, 4268, 4408, 4527 ], 
  [ 742, 899, 1067, 1238, 1358, 1407, 1598, 1948, 2616, 2710, 2981, 3034, 
      3059, 3448, 3474, 3499, 3727, 3813, 3958, 4268, 4408, 4422, 4527 ], 
  [ 742, 899, 1067, 1238, 1358, 1407, 1598, 1948, 2616, 2710, 3034, 3059, 
      3448, 3474, 3499, 3727, 3813, 3855, 3958, 4268, 4408, 4422, 4527 ], 
  [ 742, 899, 1067, 1238, 1358, 1407, 1598, 1948, 2710, 2981, 3034, 3059, 
      3448, 3474, 3499, 3727, 3813, 3855, 3958, 4268, 4408, 4422, 4527 ], 
  [ 500, 742, 899, 1067, 1358, 1407, 1598, 1693, 2616, 2710, 2787, 2981, 
      3034, 3059, 3448, 3474, 3499, 3727, 3813, 3855, 3958, 4268, 4408, 4527 ]
    , [ 231, 303, 742, 766, 899, 1085, 1268, 1358, 1407, 1693, 1948, 2616, 
      2787, 3059, 3448, 3474, 3499, 3958, 4172, 4182, 4408, 4422, 4527 ], 
  [ 231, 303, 500, 742, 1054, 1268, 1358, 1407, 1693, 1948, 2616, 2787, 3059, 
      3448, 3474, 3499, 3727, 3958, 4172, 4182, 4268, 4408, 4422, 4527 ], 
  [ 119, 231, 257, 742, 899, 1067, 1085, 1407, 1577, 1693, 1948, 2616, 2787, 
      3059, 3499, 3727, 3958, 4172, 4182, 4268, 4408, 4422, 4527 ], 
  [ 119, 231, 257, 742, 899, 1067, 1085, 1403, 1407, 1577, 1693, 1948, 2616, 
      2787, 3059, 3499, 3855, 3958, 4172, 4182, 4268, 4408, 4422, 4527 ], 
  [ 119, 231, 742, 899, 1067, 1085, 1403, 1407, 1577, 1693, 1948, 2616, 2787, 
      3059, 3474, 3499, 3958, 4172, 4182, 4268, 4408, 4422, 4527 ], 
  [ 257, 742, 899, 1067, 1085, 1403, 1407, 1529, 1693, 1948, 2616, 2787, 
      3059, 3214, 3448, 3474, 3499, 3855, 3958, 4182, 4268, 4408, 4422, 4527 ]
    , [ 231, 742, 766, 899, 1067, 1085, 1407, 1409, 1693, 1948, 2616, 2787, 
      2981, 3034, 3059, 3212, 3474, 3499, 3813, 3855, 3958, 4408, 4527 ], 
  [ 231, 742, 766, 899, 1067, 1238, 1358, 1407, 1693, 1948, 2616, 2787, 2981, 
      3034, 3059, 3212, 3474, 3499, 3813, 3855, 3958, 4408, 4527 ], 
  [ 231, 742, 766, 899, 1067, 1085, 1358, 1693, 1948, 2616, 2787, 2857, 2981, 
      3059, 3214, 3474, 3499, 3813, 3855, 3958, 4408, 4422, 4527 ], 
  [ 231, 742, 766, 899, 1067, 1085, 1358, 1693, 1948, 2616, 2787, 2857, 2981, 
      3059, 3214, 3448, 3474, 3499, 3813, 3855, 4408, 4422, 4527 ], 
  [ 231, 742, 766, 899, 1067, 1085, 1358, 1693, 1948, 2616, 2787, 2981, 3059, 
      3214, 3448, 3474, 3499, 3813, 3958, 4182, 4408, 4422, 4527 ], 
  [ 231, 742, 766, 899, 1067, 1190, 1358, 1693, 1948, 2616, 2787, 2857, 3034, 
      3448, 3474, 3499, 3727, 3855, 3958, 4172, 4408, 4422, 4499 ], 
  [ 231, 742, 766, 899, 1067, 1085, 1190, 1358, 1693, 1948, 2769, 2787, 2857, 
      3034, 3448, 3499, 3727, 3958, 4172, 4182, 4408, 4422, 4499 ], 
  [ 231, 579, 742, 766, 899, 1067, 1085, 1358, 1693, 1948, 2207, 2616, 2787, 
      2857, 3034, 3499, 3727, 3855, 3885, 3958, 4172, 4182, 4527 ], 
  [ 231, 257, 766, 899, 1067, 1085, 1358, 1693, 1948, 2207, 2616, 2787, 2857, 
      3034, 3499, 3727, 3855, 3885, 3958, 4172, 4182, 4422, 4527 ], 
  [ 231, 257, 579, 766, 899, 1067, 1085, 1693, 1948, 2616, 2787, 2857, 3034, 
      3499, 3727, 3855, 3885, 3958, 4172, 4182, 4408, 4422, 4527 ], 
  [ 231, 766, 899, 1067, 1085, 1407, 1693, 1948, 2200, 2616, 2787, 2857, 
      3034, 3448, 3474, 3499, 3727, 3813, 3958, 4182, 4408, 4422, 4527 ], 
  [ 257, 742, 899, 1067, 1085, 1358, 1403, 1693, 1948, 2787, 2857, 3448, 
      3474, 3499, 3727, 3855, 3958, 4172, 4182, 4206, 4408, 4422, 4527 ], 
  [ 257, 742, 899, 1005, 1067, 1085, 1358, 1403, 1693, 2787, 2857, 3034, 
      3448, 3474, 3499, 3727, 3855, 3958, 4172, 4182, 4206, 4408, 4422, 4527 ]
    , [ 500, 742, 766, 899, 1067, 1085, 1358, 1407, 1529, 1693, 1948, 2616, 
      2787, 2981, 3059, 3214, 3448, 3474, 3499, 3813, 3855, 3958, 4527 ], 
  [ 500, 742, 766, 899, 1067, 1085, 1358, 1407, 1693, 1948, 2616, 2787, 3059, 
      3448, 3474, 3499, 3727, 3813, 3855, 3958, 4408, 4422, 4527 ], 
  [ 742, 899, 1067, 1085, 1358, 1407, 1529, 1598, 1948, 2616, 2710, 2787, 
      2981, 3059, 3214, 3448, 3474, 3499, 3813, 3855, 4268, 4408, 4422 ], 
  [ 742, 899, 1067, 1238, 1358, 1407, 1598, 1948, 2616, 2710, 3059, 3448, 
      3474, 3499, 3701, 3727, 3813, 3855, 3958, 4268, 4408, 4422, 4527 ], 
  [ 742, 899, 1067, 1238, 1358, 1407, 1598, 2423, 2616, 2710, 3034, 3059, 
      3448, 3474, 3499, 3701, 3727, 3813, 3855, 3958, 4268, 4408, 4422, 4527 ]
    , [ 742, 899, 1067, 1238, 1358, 1407, 1598, 2423, 2710, 2981, 3034, 3059, 
      3448, 3474, 3499, 3727, 3813, 3855, 3958, 4268, 4408, 4422, 4527 ], 
  [ 231, 742, 766, 899, 1067, 1085, 1358, 1693, 1948, 2616, 2787, 2857, 2981, 
      3059, 3214, 3474, 3499, 3813, 3958, 4182, 4408, 4422, 4527 ], 
  [ 231, 742, 766, 899, 1067, 1085, 1190, 1358, 1693, 1948, 2769, 2787, 2857, 
      3034, 3448, 3499, 3727, 3958, 4172, 4182, 4206, 4408, 4499 ], 
  [ 231, 742, 766, 899, 1067, 1085, 1190, 1358, 1693, 1948, 2769, 2787, 2857, 
      3034, 3448, 3499, 3727, 3855, 3958, 4172, 4206, 4408, 4499 ], 
  [ 231, 742, 766, 899, 1067, 1190, 1358, 1693, 1948, 2423, 2769, 2787, 2857, 
      3034, 3448, 3499, 3727, 3855, 3958, 4172, 4206, 4408, 4499 ], 
  [ 231, 742, 756, 766, 899, 1067, 1190, 1358, 1693, 1948, 2423, 2769, 2787, 
      2857, 3034, 3448, 3499, 3855, 3958, 4172, 4206, 4408, 4499 ], 
  [ 231, 742, 756, 899, 1005, 1067, 1190, 1358, 1693, 1948, 2225, 2423, 2769, 
      2787, 2807, 2857, 3034, 3448, 3474, 3499, 3727, 3855, 3958, 4172, 4206, 
      4408, 4499 ], 
  [ 742, 756, 766, 899, 1067, 1190, 1358, 1693, 1948, 2423, 2769, 2787, 2857, 
      3034, 3448, 3499, 3727, 3855, 3958, 4172, 4206, 4408, 4499 ], 
  [ 742, 756, 766, 899, 1067, 1190, 1358, 1693, 1948, 2225, 2423, 2769, 2787, 
      2857, 3034, 3448, 3499, 3727, 3855, 3958, 4172, 4206, 4499 ], 
  [ 742, 756, 766, 842, 899, 1067, 1190, 1358, 1693, 1948, 2207, 2225, 2423, 
      2769, 2787, 2807, 2857, 3034, 3448, 3715, 3727, 3855, 3958, 4172, 4206, 
      4499 ], [ 742, 756, 766, 899, 1067, 1190, 1358, 1693, 1948, 2207, 2225, 
      2423, 2769, 2787, 2857, 3034, 3499, 3727, 3855, 3958, 4172, 4206, 4499 ]
    , [ 742, 756, 766, 842, 899, 1067, 1190, 1358, 1693, 2225, 2423, 2787, 
      2807, 2857, 3034, 3448, 3502, 3715, 3855, 3958, 4172, 4206, 4499 ], 
  [ 712, 742, 756, 842, 880, 899, 911, 931, 1005, 1067, 1190, 1331, 1358, 
      1505, 1646, 1693, 2168, 2225, 2398, 2423, 2560, 2576, 2772, 2787, 2807, 
      2857, 3034, 3101, 3448, 3474, 3502, 3620, 3711, 3715, 3727, 3855, 3958, 
      4059, 4134, 4172, 4206, 4474, 4499, 4588 ], 
  [ 742, 756, 766, 842, 899, 1067, 1190, 1358, 1693, 2225, 2423, 2576, 2787, 
      2857, 3034, 3448, 3502, 3715, 3855, 3958, 4172, 4206, 4499 ], 
  [ 742, 756, 766, 842, 899, 1067, 1190, 1358, 1693, 2168, 2423, 2576, 2787, 
      2857, 3034, 3448, 3502, 3715, 3855, 3958, 4172, 4206, 4499 ], 
  [ 742, 756, 766, 842, 880, 899, 1190, 1358, 1693, 2168, 2423, 2576, 2787, 
      2857, 3034, 3448, 3502, 3715, 3855, 3958, 4172, 4206, 4499 ], 
  [ 150, 690, 1043, 1087, 1230, 1342, 1403, 2021, 2215, 2438, 2658, 2956, 
      3018, 3336, 3408, 3448, 3688, 3855, 3998, 4006, 4042, 4189, 4584 ] ];
