return 
[ Group( [ (  3, 18, 81)(  4, 86,107)(  5,116,  7)(  6, 97, 22)(  8, 11, 23)
        (  9, 54, 36)( 10, 92, 12)( 13, 84, 19)( 14, 29, 21)( 16, 83, 46)
        ( 17,124, 45)( 20, 40,121)( 24, 47, 26)( 25, 90, 42)( 27,127,122)
        ( 28, 88, 95)( 30, 52, 38)( 31, 87,115)( 32, 99, 44)( 33,113,133)
        ( 34,114, 55)( 35, 80, 43)( 37,128,117)( 48,131,132)( 49,111,101)
        ( 50, 93,120)( 51,126,106)( 53, 94,103)( 57, 89,118)( 58,146,136)
        ( 59, 69, 71)( 60,156,139)( 61,157,194)( 62,229,233)( 63,154,159)
        ( 64,191,224)( 65,155,222)( 66,140,187)( 67,213,193)( 68,160,204)
        ( 70,167,197)( 72,162,245)( 73,273, 77)( 74,148,179)( 75,249,163)
        ( 76,171,201)( 78,165,196)( 79, 96,100)( 82,108,104)( 91, 98,119)
        (102,105,110)(135,142,176)(137,202,143)(138,188,164)(141,258,182)
        (144,178,217)(145,190,166)(147,262,195)(149,257,223)(150,205,228)
        (151,255,181)(152,212,225)(153,247,170)(158,173,192)(161,259,210)
        (168,208,252)(169,227,200)(172,206,207)(174,271,198)(175,232,268)
        (177,265,183)(180,214,266)(184,209,221)(185,189,242)(186,260,263)
        (199,226,244)(203,239,256)(211,238,231)(215,251,241)(216,272,240)
        (218,248,237)(219,250,235)(220,274,267)(230,270,261)(234,236,264)
        (243,269,275)(246,253,254)(279,311,285)(280,287,334)(281,477,481)
        (282,314,338)(283,356,380)(284,293,324)(286,379,322)(288,374,340)
        (289,371,377)(290,320,318)(291,368,294)(292,359,407)(295,344,393)
        (296,372,413)(297,331,405)(298,351,315)(299,373,403)(300,308,301)
        (302,386,346)(303,313,339)(304,319,335)(305,391,479)(306,317,336)
        (307,384,401)(309,482,392)(310,355,328)(312,369,365)(316,323,343)
        (321,492,325)(326,404,349)(327,354,385)(329,402,342)(330,490,363)
        (332,489,399)(333,370,345)(337,410,376)(341,361,487)(347,382,348)
        (350,486,394)(352,411,417)(353,478,383)(357,484,387)(358,476,389)
        (360,493,397)(362,396,381)(364,388,409)(366,390,416)(367,488,414)
        (375,480,406)(378,419,412)(395,491,400)(398,415,494)(408,418,496)
        (421,521,441)(422,506,423)(426,437,517)(427,432,527)(428,448,503)
        (430,509,537)(433,534,514)(434,504,461)(435,463,456)(436,497,465)
        (438,547,549)(439,523,467)(440,499,520)(443,453,505)(444,452,449)
        (446,450,472)(447,550,468)(451,501,460)(454,475,458)(455,510,522)
        (457,532,548)(459,526,466)(462,542,544)(464,512,529)(470,535,541)
        (471,508,538)(473,551,536)(474,511,519)(483,495,485)(500,518,545)
        (502,516,524)(507,528,530)(525,533,540)(531,546,543), 
      (  3, 11)(  4, 35)(  5, 47)(  6, 97)(  7, 26)(  8, 18)(  9, 46)( 12, 92)
        ( 13, 84)( 16, 36)( 17,100)( 20, 31)( 21, 29)( 23, 81)( 24,116)
        ( 27,133)( 28, 38)( 30, 95)( 32, 44)( 33,122)( 34,104)( 37, 53)
        ( 40,115)( 41, 85)( 42, 90)( 43, 86)( 45, 79)( 48,131)( 49,101)
        ( 50, 89)( 51,102)( 52, 88)( 54, 83)( 55, 82)( 56,112)( 57, 93)
        ( 58, 69)( 59,146)( 60,139)( 62,181)( 63,154)( 64,217)( 66,135)
        ( 67,193)( 68,164)( 70,166)( 71,136)( 72,158)( 73,200)( 74,148)
        ( 75,257)( 76,141)( 77,169)( 78,150)( 80,107)( 87,121)( 91,119)
        ( 94,117)( 96,124)(103,128)(105,106)(108,114)(110,126)(113,127)
        (118,120)(123,129)(137,202)(138,204)(140,176)(142,187)(144,224)
        (145,197)(147,207)(149,249)(151,233)(152,225)(153,247)(155,222)
        (157,194)(160,188)(161,210)(162,192)(163,223)(165,228)(167,190)
        (168,252)(171,182)(172,195)(173,245)(174,198)(175,238)(177,184)
        (178,191)(180,266)(183,209)(186,219)(189,242)(196,205)(199,244)
        (201,258)(206,262)(211,232)(215,236)(216,270)(218,237)(220,254)
        (221,265)(227,273)(229,255)(230,272)(231,268)(234,251)(235,260)
        (239,256)(240,261)(241,264)(246,267)(250,263)(253,274)(269,275)
        (279,285)(280,301)(281,327)(282,324)(284,338)(286,323)(287,308)
        (288,374)(289,333)(290,313)(291,304)(292,348)(293,314)(294,319)
        (296,353)(297,479)(298,315)(299,325)(300,334)(302,386)(303,320)
        (305,405)(307,401)(309,381)(310,355)(312,365)(316,379)(317,336)
        (318,339)(321,403)(322,343)(326,389)(329,402)(330,410)(331,391)
        (332,399)(335,368)(337,490)(344,393)(345,371)(347,407)(349,358)
        (350,416)(352,417)(354,481)(356,380)(357,409)(359,382)(360,397)
        (361,487)(362,392)(363,376)(364,387)(366,394)(367,412)(370,377)
        (372,383)(373,492)(378,414)(385,477)(388,484)(390,486)(396,482)
        (400,491)(404,476)(406,480)(408,495)(413,478)(415,494)(418,483)
        (419,488)(421,527)(423,506)(425,431)(426,451)(427,441)(428,444)
        (430,458)(432,521)(433,467)(434,436)(435,463)(437,460)(438,530)
        (439,514)(440,446)(442,498)(447,474)(448,449)(450,520)(452,503)
        (453,505)(454,537)(457,548)(459,524)(461,497)(462,542)(464,512)
        (465,504)(466,502)(468,511)(469,513)(470,541)(471,500)(472,499)
        (473,531)(475,509)(485,496)(501,517)(507,549)(508,545)(510,522)
        (516,526)(518,538)(519,550)(523,534)(525,533)(528,547)(536,546)
        (543,551), (  3, 36)(  4, 21)(  5,111)(  6, 97)(  7,101)(  8, 45)
        (  9, 81)( 11,124)( 12, 92)( 13, 52)( 14,107)( 16, 96)( 17, 23)
        ( 18, 54)( 19, 38)( 20, 91)( 24, 26)( 25, 51)( 27, 93)( 29, 86)
        ( 30, 84)( 31,115)( 32, 44)( 33,117)( 34,114)( 35, 43)( 37,133)
        ( 39,129)( 40,119)( 42,126)( 46,100)( 48,104)( 49,116)( 50,127)
        ( 53, 57)( 56,109)( 58,217)( 59,140)( 60,156)( 61,194)( 62,233)
        ( 63,207)( 64,135)( 65,211)( 66, 69)( 67,265)( 70,250)( 71,187)
        ( 72,210)( 73,190)( 75,249)( 76,202)( 77,166)( 78,214)( 79, 83)
        ( 82,132)( 85,130)( 88, 95)( 89,103)( 90,106)( 94,118)( 98,121)
        (105,110)(108,131)(113,128)(120,122)(136,144)(137,171)(138,256)
        (141,182)(142,224)(143,201)(145,273)(146,178)(147,262)(148,179)
        (149,218)(151,189)(153,170)(154,206)(155,231)(158,173)(159,172)
        (160,204)(161,245)(162,259)(164,203)(165,180)(167,219)(168,261)
        (169,263)(174,253)(175,268)(176,191)(177,213)(181,242)(183,193)
        (185,255)(186,200)(188,239)(196,266)(197,235)(198,254)(205,228)
        (208,270)(209,221)(212,225)(215,241)(220,274)(222,238)(223,248)
        (226,244)(227,260)(230,252)(234,243)(236,275)(237,257)(240,272)
        (246,271)(264,269)(279,318)(280,334)(281,409)(282,314)(283,308)
        (284,346)(285,290)(286,379)(288,358)(289,487)(291,385)(292,407)
        (293,386)(294,327)(295,392)(297,317)(298,416)(299,369)(300,356)
        (301,380)(302,324)(304,484)(305,479)(306,331)(309,393)(310,328)
        (311,320)(312,373)(313,339)(315,366)(316,332)(319,357)(321,492)
        (323,399)(326,349)(329,342)(330,412)(333,345)(335,387)(336,405)
        (337,496)(340,476)(341,377)(343,489)(344,482)(347,491)(348,400)
        (350,394)(351,390)(352,478)(353,411)(354,368)(360,493)(361,371)
        (363,378)(364,481)(365,403)(367,483)(372,413)(374,389)(375,406)
        (376,408)(381,396)(382,395)(383,417)(384,401)(388,477)(398,494)
        (410,418)(414,495)(419,490)(421,517)(422,472)(423,446)(424,469)
        (425,515)(426,441)(427,504)(428,512)(430,543)(432,434)(433,456)
        (435,514)(436,460)(437,521)(438,505)(439,523)(440,520)(443,549)
        (444,449)(445,498)(447,540)(448,464)(450,506)(451,465)(453,547)
        (454,508)(457,548)(458,538)(459,466)(461,527)(462,542)(463,534)
        (468,525)(470,524)(471,475)(473,545)(485,488)(497,501)(500,536)
        (502,541)(503,529)(509,546)(510,522)(511,519)(516,535)(518,551)
        (528,530)(531,537)(533,550), (  3, 23)(  4, 52)(  6, 99)(  7, 30)
        (  8, 17)(  9, 16)( 10, 44)( 11, 83)( 13, 24)( 14, 80)( 18, 96)
        ( 19, 28)( 21, 26)( 22, 92)( 25,114)( 27, 39)( 29, 95)( 31,132)
        ( 34, 48)( 35,101)( 36, 45)( 37,123)( 40, 82)( 41,117)( 42, 87)
        ( 43, 84)( 46, 79)( 47,111)( 49, 88)( 50,103)( 51,104)( 53, 93)
        ( 54, 81)( 55, 91)( 56, 89)( 57,129)( 58,157)( 60,136)( 61, 64)
        ( 62,165)( 63,180)( 65,218)( 66,194)( 67,138)( 69,135)( 70,153)
        ( 71,144)( 72,163)( 73,199)( 74,140)( 75,149)( 76,256)( 77,170)
        ( 78,150)( 85,118)( 86,116)( 90,105)( 94,120)( 98,110)(100,124)
        (102,131)(106,121)(109,127)(112,128)(115,119)(122,130)(137,188)
        (139,224)(141,209)(143,201)(145,227)(146,179)(147,196)(148,191)
        (151,205)(152,197)(154,189)(156,187)(158,245)(160,221)(161,248)
        (162,175)(164,203)(166,250)(167,226)(168,246)(171,193)(172,195)
        (173,223)(174,234)(176,178)(177,213)(181,262)(182,204)(183,239)
        (186,244)(192,231)(198,253)(200,219)(202,265)(206,228)(207,233)
        (208,264)(211,249)(212,260)(215,216)(222,259)(225,273)(229,255)
        (230,271)(232,257)(236,269)(238,268)(240,267)(242,266)(243,254)
        (247,263)(251,274)(252,261)(270,275)(279,284)(280,303)(281,329)
        (283,324)(285,318)(286,316)(287,314)(288,312)(289,352)(290,346)
        (291,307)(292,373)(293,302)(294,342)(295,332)(297,322)(298,478)
        (299,325)(300,311)(301,356)(304,388)(305,343)(306,393)(308,386)
        (309,396)(310,368)(315,371)(320,380)(321,347)(323,362)(326,348)
        (327,409)(328,387)(330,415)(331,381)(333,394)(335,354)(336,489)
        (338,339)(341,377)(345,413)(349,403)(350,372)(351,390)(353,411)
        (355,481)(357,402)(358,407)(359,382)(360,488)(361,383)(363,406)
        (365,400)(366,417)(367,398)(374,491)(375,408)(376,378)(379,392)
        (384,477)(389,492)(391,482)(397,496)(401,484)(404,476)(405,479)
        (410,483)(414,480)(416,487)(418,494)(419,485)(422,523)(423,452)
        (424,432)(425,497)(426,442)(427,445)(430,454)(431,517)(433,448)
        (434,460)(435,439)(436,469)(437,513)(438,468)(440,529)(443,507)
        (444,456)(449,464)(450,503)(451,504)(453,519)(455,548)(458,536)
        (459,525)(461,501)(462,532)(463,499)(465,498)(466,505)(467,512)
        (470,511)(471,543)(472,514)(473,500)(474,540)(475,508)(490,493)
        (502,550)(506,520)(509,518)(510,544)(515,527)(524,547)(526,535)
        (528,533)(530,541)(531,551)(537,546)(538,545), 
      (  3, 44,  8)(  4,101, 43)(  5, 19, 47)(  6, 79,124)(  7, 84, 24)
        (  9, 46, 10)( 11, 18, 32)( 12, 36, 83)( 13, 26,116)( 14, 28, 38)
        ( 16, 92, 54)( 17, 22,100)( 20,115, 48)( 21, 95, 52)( 23, 81, 99)
        ( 25, 82, 55)( 27,122,127)( 29, 88, 30)( 31,131, 40)( 33,133,113)
        ( 34, 90,108)( 35, 86, 49)( 41,112,123)( 42,104,114)( 45, 97, 96)
        ( 50, 93,120)( 51,102, 98)( 56, 85,129)( 57, 89,118)( 58, 61, 69)
        ( 59,136,194)( 60,217,191)( 62,181,214)( 63,150,196)( 64,139,178)
        ( 65,257, 75)( 66,148,142)( 67,164,160)( 68,193,188)( 70,166,226)
        ( 71,146,157)( 72,158,248)( 73,169,247)( 74,135,187)( 76,141,203)
        ( 77,200,153)( 78,154,205)( 80,107,111)( 87,132,121)( 91,106,110)
        (105,119,126)(137,183,184)(138,204,213)(140,179,176)(143,265,221)
        (144,224,156)(145,244,167)(147,172,242)(149,163,222)(151,266,229)
        (152,263,235)(155,223,249)(159,228,165)(161,238,232)(162,173,237)
        (168,267,253)(170,273,227)(171,258,239)(174,251,236)(175,210,211)
        (177,209,202)(180,233,255)(182,256,201)(185,262,206)(186,219,212)
        (189,195,207)(190,199,197)(192,218,245)(198,215,234)(208,220,254)
        (216,261,275)(225,260,250)(230,243,272)(231,268,259)(240,270,269)
        (241,264,271)(246,252,274)(279,338,293)(280,308,302)(281,327,384)
        (282,324,311)(283,313,290)(284,285,314)(286,295,323)(287,301,386)
        (288,325,403)(289,333,411)(291,319,402)(292,348,369)(294,304,329)
        (296,315,383)(297,479,489)(298,353,372)(299,374,321)(300,346,334)
        (303,318,380)(305,399,331)(306,482,396)(307,481,385)(309,362,336)
        (310,387,409)(312,407,382)(316,322,393)(317,392,381)(320,356,339)
        (326,389,395)(328,484,388)(330,398,410)(332,405,391)(335,342,368)
        (337,363,494)(340,492,373)(341,416,350)(343,379,344)(345,352,377)
        (347,365,359)(349,476,400)(351,478,413)(354,401,477)(355,357,364)
        (358,491,404)(360,495,418)(361,366,486)(367,480,419)(370,417,371)
        (375,378,414)(376,490,415)(390,394,487)(397,483,408)(406,412,488)
        (421,441,521)(422,433,467)(423,514,523)(425,498,469)(427,527,432)
        (428,449,435)(430,548,475)(431,513,442)(434,504,461)(436,497,465)
        (438,541,528)(439,506,534)(440,512,450)(443,474,447)(444,463,448)
        (446,520,464)(452,456,503)(453,511,550)(454,537,532)(455,531,473)
        (457,458,509)(459,502,533)(462,500,538)(466,524,525)(468,505,519)
        (470,530,547)(471,542,518)(472,499,529)(485,496,493)(507,549,535)
        (508,544,545)(510,546,551)(516,540,526)(522,543,536), 
      (  3, 95, 54, 28)(  4, 99, 29, 32)(  5, 81, 49, 36)(  6, 88)
        (  7,  9,111, 18)(  8, 80,124, 35)( 10, 13, 12, 30)( 11, 38, 17, 84)
        ( 14, 83, 86,100)( 16, 24, 79, 47)( 19, 45, 52, 23)( 20,114,119, 55)
        ( 21, 96,107, 46)( 22,101, 97,116)( 25, 82,106,131)( 26, 44)
        ( 27,129, 50, 39)( 31, 48, 87,108)( 33,103,128, 57)( 37, 89,113, 94)
        ( 40, 91, 98,121)( 41,123)( 42,132, 51,104)( 43, 92)( 53,117,118,133)
        ( 56, 93,109,122)( 58,144,178,146)( 59,157, 66, 61)( 60,194)
        ( 62,256,229,164)( 63,138,206,239)( 64,140,176, 71)( 65,199,231,244)
        ( 67,150,177,228)( 68,180,204, 78)( 69,135,187,224)( 70,163,219,249)
        ( 72,153,259,247)( 73,149,145,237)( 74,136,179,217)( 75,170)
        ( 76,165,137,266)( 77,218,190,223)( 85,120,130,127)( 90,102,126,110)
        (105,115)(125,134)(139,191,156,142)(141,255,258,242)(143,196,171,214)
        (147,160)(151,183,185,213)(152,257,225,248)(154,221,172,184)
        (155,263,238,200)(158,226)(159,203,207,188)(161,235,162,167)
        (166,175,273,232)(168,269,270,236)(169,211,260,222)(173,186,192,227)
        (174,198,246,253)(181,193,189,265)(182,205)(195,201,262,202)
        (197,245,250,210)(208,274,230,267)(209,233)(212,268)(215,264,251,243)
        (216,271,240,254)(220,241)(234,261,275,252)(279,302,320,293)
        (280,324,287,346)(281,322,388,379)(283,314,300,338)(284,318,386,285)
        (286,342)(288,478,389,417)(289,373,361,365)(290,303,311,339)
        (291,316,354,399)(292,352,359,353)(294,332,385,343)(295,307,482,401)
        (296,312,413,299)(297,329,306,402)(298,325,390,492)(301,380,356,308)
        (304,344,357,309)(305,484,391,335)(310,489,355,323)(313,334)
        (315,491,416,348)(317,481,405,409)(319,392,387,393)(321,345)
        (326,487,404,377)(327,381,368,362)(328,396)(330,485,419,367)
        (331,477,336,364)(333,382,370,400)(337,480,418,375)(340,411,358,383)
        (341,403,371,369)(347,366,395,351)(349,372)(350,476,486,374)(360,494)
        (363,398,412,415)(376,408,496,410)(378,483,490,414)(384,479)(394,407)
        (397,488,493,495)(420,429)(421,501,437,436)(422,503,450,512)
        (423,529,472,448)(424,427,469,434)(425,504,515,527)(426,497,521,451)
        (428,444,464,452)(430,519,546,474)(431,513)(432,498,461,445)
        (433,514,463,456)(435,499,534,440)(438,532,453,457)(439,449)
        (441,460,517,465)(443,536,547,545)(446,523,506,467)(447,508,533,458)
        (454,540,471,468)(455,525,522,550)(459,500,526,551)(462,511)(466,548)
        (470,543,516,537)(473,505,518,549)(475,507,538,530)(502,531,535,509)
        (510,528)(524,544,541,542), (  3, 54,111, 34,  8)(  4, 42, 97, 87, 52)
        (  5,  9, 21, 26, 16)(  6,114, 36, 13, 44)(  7, 11, 83, 30, 38)
        ( 10, 24, 45, 25, 99)( 12, 43,106,121, 84)( 14, 95, 29, 80, 20)
        ( 15, 27, 56, 89, 39)( 17, 48, 47, 81, 23)( 18, 96, 51,126,104)
        ( 19, 22,105,131, 88)( 28, 49,102, 90, 92)( 31,116, 79, 40,101)
        ( 33, 53,112,128, 93)( 35, 82, 46, 86,132)( 37,120,133, 94,123)
        ( 41,117, 50,113,103)( 55,100,108,124, 91)( 57,109,125,127,129)
        ( 58,179,171,165, 61)( 60,189,185,154,136)( 62,193,146,157, 64)
        ( 63,187,182,229,256)( 65,155,218, 73,199)( 66,221,184,160,194)
        ( 67,191,150, 71,135)( 68, 74,177,213,140)( 69,144, 78,148,138)
        ( 70,175,208,273,170)( 72,226,237,167,163)( 75,211,241,249,149)
        ( 76,255,204,156,180)( 77,225,264,162,153)( 85,118,130,134,122)
        ( 98,115,107,119,110)(137,201,207,228,176)(139,159,224,147,196)
        (141,205,217,151,209)(142,203,242,266,164)(143,188,178,206,233)
        (145,245,152,246,200)(158,227,219,168,197)(161,234,238,274,244)
        (166,223,232,269,254)(172,195,181,258,262)(173,250,243,236,257)
        (174,248,186,251,268)(183,202,265,239,214)(190,231,216,215,192)
        (198,222,259,253,235)(210,230,275,270,271)(212,261,252,260,220)
        (240,272,267,247,263)(279,284,283,344,324)(280,310,393,320,316)
        (281,384,484,379,346)(282,287,307,291,314)(285,300,388,331,322)
        (286,380,306,368,303)(288,390,412,351,312)(289,315,340,371,352)
        (290,392,401,477,329)(292,382,359,373,296)(293,302,294,334,342)
        (295,301,319,356,332)(297,381,304,311,318)(298,491,367,372,325)
        (299,350,398,374,478)(305,405,479,343,313)(308,354,409,309,402)
        (317,387,391,482,328)(321,411,366,376,348)(323,338,339,362,364)
        (326,378,417,353,347)(327,335,386,357,396)(330,407,358,415,395)
        (333,370,394,360,488)(336,481,355,489,399)(337,403,345,413,349)
        (341,414,486,480,377)(361,408,397,490,492)(363,404,483,419,487)
        (365,369,400,418,494)(375,383,389,493,496)(406,416,485,410,476)
        (420,432,469,436,424)(421,460,431,517,434)(422,519,472,508,468)
        (423,466,535,532,449)(425,497,445,429,427)(426,461,521,501,442)
        (428,450,536,458,503)(430,463,499,454,446)(433,470,542,511,448)
        (435,444,456,439,447)(437,504,441,451,513)(438,475,514,453,523)
        (440,518,541,510,548)(443,520,546,551,500)(452,464,462,526,505)
        (455,544,530,509,529)(457,467,502,550,512)(459,525,474,534,540)
        (465,515,539,527,498)(471,524,516,547,543)(473,531,537,506,507)
        (528,538,549,545,533), (  3,160,148, 79,239, 74)(  4,108,165)
        (  5, 87,228,  7, 91,214)(  6,265, 61)(  8,137,157, 16,182,194)
        (  9,258,224, 45,202, 69)( 10,213,136, 12,221,135)( 11,171,217, 46,
         201,187)( 13, 25,150, 88,110,180)( 14,106,266, 35, 51,205)
        ( 15,125,276)( 17,177,146, 36,183,142)( 18, 67,144,100,184,140)
        ( 19, 40,189, 95,121,233)( 20,206,116)( 21,115,196, 80,119, 78)
        ( 22,203,191, 97,204, 71)( 23, 68, 58, 83,256,176)( 24, 82,147,111,
         104, 63)( 26, 31,242,101, 98,229)( 27,274,200,103,271, 70)
        ( 28, 48,255, 84, 34,151)( 29,132,195, 43,114,154)( 30,126,181)
        ( 32,141,178, 99,143, 66)( 33,230,226, 89,270,244)( 37,269,260, 50,
         241,166)( 38,102,262, 52, 42,159)( 39,168,263,123,216,190)
        ( 41,251,169,130,275,197)( 44,138,156)( 47, 90,172, 49,105,207)
        ( 53,208,273,122,240,250)( 54,193,139,124,209, 60)( 55, 62, 86,131,
         185,107)( 56,261,247)( 57,234,153,113,264,170)( 59, 81,164, 64, 96,
         188)( 65,173,248,175,259,249)( 72,211,257,162,231,223)
        ( 73,112,267,235,109,174)( 75,155,158,237,268,210)( 76,179, 92)
        ( 77,120,272,219,128,252)( 85,253,199)( 93,220,227,117,198,167)
        ( 94,243,186,127,215,145)(118,246,225,133,254,212)(129,236,152)
        (161,232,218,192,222,163)(278,539,429)(279,357,513,303,385,424)
        (280,354,451,283,484,527)(281,432,314,304,501,346)(282,335,426,302,
         477,434)(284,310,521,324,328,465)(285,294,504,313,388,517)
        (286,344,479,399,396,317)(287,319,445,380,481,442)(288,519,503,349,
         540,448)(289,493,548)(290,384,497,320,401,441)(291,431,338,364,515,
         386)(292,502,512,395,516,452)(293,307,498)(295,305,489,381,306,379)
        (296,330,509,352,485,545)(297,392,323,331,482,343)(298,378,531,486,
         496,471)(299,470,520,403,526,506)(300,342,436,308,329,421)
        (301,355,469)(311,368,427,339,409,460)(312,453,456,325,528,523)
        (315,480,551,394,406,475)(318,402,425)(321,535,514,365,459,433)
        (322,336,362,332,391,393)(326,547,463,340,549,467)(327,437,356,387,
         461,334)(333,419,544,341,418,542)(337,508,353,367,543,383)
        (345,494,500,361,415,430)(347,507,464,382,505,449)(348,438,534)
        (350,483,532,351,363,457)(358,474,435,476,533,439)(359,511,440,400,
         525,422)(360,546,417,397,538,372)(366,495,473,390,490,458)
        (369,447,499,492,468,423)(370,414,536,487,410,454)(371,412,537,377,
         408,518)(373,524,428)(374,541,529,404,466,444)(375,462,478)
        (376,455,411,488,522,413)(389,550,446)(398,510,416)(407,443,450,491,
         530,472), (  2,276)(  3, 73, 44,153, 16,263, 92,225,124,197,  6,244)
        (  4,248, 95,161,116,259, 35,222, 30, 65, 24,218)(  5,149, 28,158, 38,
         245, 80,268,107,238, 47, 75)(  7,173, 26,211, 52,175, 88,223, 86,249,
         43,162)(  8,227, 79,166, 54,219)(  9,199, 96,260,100,247, 11,167, 23,
         152, 36, 77)( 10, 70, 83,170, 22,273, 45,212, 99,186, 18,226)
        ( 12,169, 81,250, 97,235, 46,145, 32,190, 17,200)( 13,232, 84, 72, 29,
         163, 21,231,101,192, 49,257)( 14,237, 19,155,111,210)
        ( 20,168,132,261,126,275, 98,236,108,174, 25,253)( 27, 93,117,130,122,
         120,128,109,127, 50, 37, 39)( 31,251,114,216,110,267)
        ( 33,112,129, 53,113,123, 85, 94,133, 41, 56,103)( 34,234, 87,243,115,
         246,102,271,105,270, 55,208)( 40,264, 91,252,106,254, 42,269,104,230,
         131,198)( 48,220, 82,274,119,272,121,240, 90,241, 51,215)
        ( 57,118, 89)( 58,157,135,156,224,139, 71,179,140, 74,178, 61)
        ( 59, 64,136,144,217,187,191,176,142,146, 66, 69)( 60,148,194)
        ( 62,213,180,141,228,203,154,221,262,143,242,204)( 63, 67,150, 68,189,
         256,195,258,266,202,229,184)( 76,196,138,151,265,207)
        ( 78,137,165,182,172,193,206,209,255,239,181,160)(125,134)
        (147,164,159,171,233,201,185,183,205,177,214,188)(278,552)
        (279,456,318,446,380,529,301,534,386,422,293,428)(280,435,282,433,314,
         464,313,503,339,506,334,472)(281,509,342,455,368,536,328,544,484,471,
         384,532)(283,449,284,499,346,520,320,467,311,439,308,452)
        (285,450,324,423,356,514,290,463,302,448,300,512)(286,447,316,507,479,
         549,405,526,396,516,309,474)(287,523,303,440,338,444)
        (288,352,325,370,491,487,404,486,365,298,359,296)(289,347,478,358,416,
         403)(291,462,329,430,357,548,310,551,481,510,401,538)
        (292,411,312,350,492,341,374,413,326,351,400,333)(294,454,307,543,387,
         531,402,518,477,545,355,458)(295,519,332,524,489,530,336,550,306,459,
         393,438)(297,541,322,470,482,525,391,533,323,453,362,505)
        (299,315,373,394,476,417,389,372,382,361,348,345)(304,457,319,508,409,
         522,364,537,354,542,385,473)(305,511,392,547,381,528,343,502,379,466,
         331,468)(317,535,399,443,344,540)(321,353,369,371,349,377,340,366,
         407,390,395,383)(327,475,388,500,335,546)(330,415,483,375,414,480,
         376,493,496,397,419,398)(337,367,363,378,412,408,488,485,495,490,418,
         410)(360,494,406)(420,429)(421,513,498,451,521,442,425,501,441,431,
         469,460)(424,432,434,426,445,427,504,517,515,527,461,437)
        (436,465,497), (  1,  2,539,125,278,277,552, 15,429,276)
        (  3,317,525, 33,290,510,238, 14,527,236, 46,391,530, 50,285,545,223,
          28,498,174)(  4,442,241, 22,489,511, 37,311,542,175, 52,436,240, 54,
         479,533, 39,308,518,218)(  5,460,216, 45,297,549, 94,338,509,257)
        (  6,405,535,122,293,537,232, 95,434,198, 23,392,507,129,279,538,155,
         101,421,254)(  7,465,274, 79,286,505,109,284,543,161, 30,431,272, 99,
         295,528,128,283,522,249)(  8,396,470,130,320,458,222,116,513,220, 10,
         306,466,117,346,457,173, 86,497,215)(  9,331,526, 56,380,551,237, 29,
         521,264, 44,316,540, 27,318,508,163, 24,504,269)( 11,393,524,123,282,
         455,259, 26,426,271, 32,305,547, 89,280,475,268, 49,445,270)
        ( 12,379,502,118,314,500, 75, 21,515,246, 36,336,550,112,313,532, 65,
          43,517,243)( 13,441,230, 92,309,443,127,301,473,192, 35,461,252,100,
         343,474, 85,386,430,210)( 16,399,453,133,300,548,149, 19,432,261, 17,
         322,459,120,356,531,162, 47,425,275)( 18,323,516, 53,303,471, 72,107,
         451,267)( 20,385,376,400,370,512,145, 69,255,209, 48,328,418,340,416,
         503,244, 58,262,177)( 25,481,415,325,361,444,152,187,165,183, 40,484,
         360,403,351,467,227,217,147,204)( 31,355,490,348,383,448,186, 60,207,
         143, 55,335,495,321,333,422,197, 74,195,239)( 34,294,493,491,352,449,
         167,179,189,256)( 38,501,251, 83,482,447,103,287,536,231)
        ( 41,334,544,248, 88,437,208, 97,381,468, 57,339,546,158, 84,424,234,
          96,332,438)( 42,409,485,299,345,506,226,136,214,138, 51,310,496,292,
         377,534,169,178,154,184)( 59,233,221,132,357,480,359,315,523,199, 64,
         206,171,106,368,494,347,411,499,219)( 61, 63,202,105,387,375,365,298,
         520,260)( 62,201,126,364,419,374,486,463,200,176, 78,182,119,342,363,
         369,478,433,153,140)( 66,159,265, 82,329,330,326,390,446,235, 71,242,
         258,131,304,410,382,394,464,170)( 67,115,477,398,288,487,439, 77,156,
         266)( 68, 91,354,378,476,372,435,212,191,185, 76,121,401,414,492,353,
         428,190,135,180)( 70,194,151,203, 87,327,337,407,350,529, 73,139,229,
         193,110,402,367,389,371,514)( 80,469,168,124,344,541,113,324,462,245,
         111,427,253, 81,362,519, 93,302,454,211)( 90,384,488,395,289,472,225,
         224,228,164,108,319,483,312,296,423,250,144,172,160)( 98,291,397,404,
         417,440,247,146,181,188,104,281,406,358,341,452,166,142,205,141)
        (102,388,412,349,413,456,263,157,150,137,114,307,408,373,366,450,273,
         148,196,213)(134,420) ] ), 
  Group( [ ( 2,11)( 3,18)( 4,30)( 7,15)( 8,21)( 9,12)(10,19)(13,20)(16,25)
        (17,23)(22,24)(26,28), ( 2,18,10)( 3,11,19)( 4,30,31)( 7,15,14)
        ( 8,12,20)( 9,21,13)(16,23,24)(17,25,22)(26,28,29), 
      ( 1, 2,25,31, 4,21,10)( 3,14, 9,30,22,26,19)( 7,12,23,29,17,18,13)
        ( 8,15,11,28,24,16,20) ] ), 
  Group( [ ( 2,25, 3)( 5,22,27)( 6,30,36)( 7, 9,31)( 8,26,15)(10,11,35)
        (12,37,32)(13,20,33)(14,29,17)(18,28,38), 
      ( 3,25)( 6,36)( 7, 9)( 8,17)(10,37)(11,12)(13,38)(14,15)(18,33)(20,28)
        (22,27)(23,24)(26,29)(32,35), ( 2,38)( 3,18)( 4,23)( 6,10)( 7,14)
        ( 8,15)( 9,17)(11,36)(12,37)(20,33)(22,27)(25,28)(29,31)(30,35), 
      ( 2,38,13, 5)( 3,18,33,22)( 4,23,24,34)( 6,15, 9,12)( 7,37,36, 8)(10,14)
        (11,17)(20,27,25,28)(26,31,32,30)(29,35), 
      ( 1, 2,36,30,22)( 3, 6,27,25, 5)( 4,31, 9, 7,34)( 8,10,26,11,28)
        (12,29,37,33,14)(13,17,23,32,20)(15,24,35,18,38) ] ), 
  Group( [ ( 2, 3)( 7, 8)( 9,10)(11,12)(13,14)(15,16)(17,18)(19,20)(21,22)
        (25,26)(27,28), ( 1, 2, 3)( 7,11, 9)( 8,10,12)(13,23,14)(15,25,21)
        (16,22,26)(17,27,19)(18,20,28), 
      ( 1, 7,23, 8)( 2,12,10,13)( 3,14, 9,11)(15,16,18,17)(19,25)(20,26)
        (21,27,28,22) ] ), 
  Group( [ ( 5, 6)( 7, 8)( 9,10)(11,12)(13,14)(15,16)(17,18)(19,20)(23,24)
        (25,26), ( 5, 9, 7)( 6, 8,10)(11,21,12)(13,23,19)(14,20,24)(15,25,17)
        (16,18,26) ] ), Group( [ () ] ), Group( [ () ] ), 
  Group( [ ( 1, 3)( 5, 6)( 7,17)( 9,12)(10,15)(11,13)(19,25)(20,24)(22,23) ] )
    , Group( [ () ] ), Group( [ () ] ), Group( [ () ] ), 
  Group( [ ( 2, 8)( 3,15)( 4,16)( 5,19)( 6,14)( 7,20)(10,17)(21,22) ] ), 
  Group( [ ( 2,11)( 3,10)( 4,19)( 5,12)( 6, 7)( 8,16)(17,18)(21,22)(24,26), 
      ( 1, 2)( 4, 5)( 6, 8)( 7,22)( 9,10)(12,17)(16,21)(18,19)(23,26) ] ), 
  Group( [ (  2, 99)(  3, 37)(  4, 49)(  5, 44)(  6, 59)(  8, 17)(  9, 90)
        ( 10, 41)( 11, 94)( 12, 62)( 13, 25)( 15, 21)( 16, 51)( 19, 33)
        ( 20, 93)( 23, 40)( 24, 69)( 26, 71)( 27, 72)( 28, 75)( 29, 74)
        ( 32, 91)( 35, 56)( 36, 58)( 38, 55)( 42, 96)( 43, 47)( 45, 82)
        ( 48, 86)( 50, 76)( 52, 98)( 53, 97)( 54, 67)( 57, 68)( 61, 70)
        ( 65, 92)( 66, 89)( 77,100)( 79, 84)( 85, 95), 
      (  2, 47)(  3, 37)(  4, 69)(  5, 12)(  6, 25)(  9, 67)( 10, 51)( 11, 94)
        ( 13, 59)( 15, 71)( 16, 41)( 19, 28)( 21, 26)( 22, 34)( 23, 35)
        ( 24, 49)( 27, 53)( 29, 98)( 31, 63)( 32, 57)( 33, 75)( 36, 58)
        ( 40, 56)( 42, 84)( 43, 99)( 44, 62)( 45, 70)( 46, 60)( 48,100)
        ( 50, 85)( 52, 74)( 54, 90)( 61, 82)( 64, 73)( 66, 89)( 68, 91)
        ( 72, 97)( 76, 95)( 77, 86)( 79, 96), 
      (  2, 42)(  3, 11)(  4, 24)(  5, 12)(  6, 53)(  7, 14)( 10, 16)( 13, 72)
        ( 15, 21)( 18, 81)( 22, 46)( 23, 40)( 25, 27)( 26, 71)( 29, 61)
        ( 31, 64)( 32, 57)( 34, 60)( 35, 56)( 36, 66)( 37, 94)( 38, 55)
        ( 41, 51)( 43, 79)( 44, 62)( 45, 52)( 47, 84)( 48, 76)( 49, 69)
        ( 50, 86)( 58, 89)( 59, 97)( 63, 73)( 65, 92)( 68, 91)( 70, 74)
        ( 77, 85)( 82, 98)( 95,100)( 96, 99), 
      (  2, 86)(  3, 37)(  4, 69)(  5, 62)(  6, 98)(  7, 18)(  8, 93)(  9, 67)
        ( 11, 94)( 12, 44)( 13, 74)( 14, 81)( 15, 21)( 17, 20)( 22, 60)
        ( 23, 56)( 24, 49)( 25, 29)( 26, 71)( 27, 61)( 31, 64)( 32, 91)
        ( 34, 46)( 35, 40)( 38, 92)( 42, 50)( 43,100)( 45, 97)( 47, 77)
        ( 48, 99)( 52, 59)( 53, 82)( 54, 90)( 55, 65)( 57, 68)( 63, 73)
        ( 70, 72)( 76, 96)( 79, 95)( 84, 85), 
      (  2, 77, 42)(  3, 34, 19)(  4, 56, 17)(  5, 62, 44)(  6, 53, 61)
        (  7, 10, 15)(  8, 69, 40)(  9, 54, 67)( 11, 60, 28)( 13, 74, 25)
        ( 14, 51, 71)( 16, 26, 81)( 18, 41, 21)( 20, 24, 35)( 22, 75, 94)
        ( 23, 93, 49)( 27, 52, 97)( 31, 58, 91)( 32, 64, 36)( 33, 37, 46)
        ( 38, 65, 92)( 43, 96, 86)( 45, 70, 98)( 47, 76, 99)( 48,100, 50)
        ( 57, 63, 89)( 59, 82, 72)( 66, 68, 73)( 78, 80, 88)( 79, 95, 84), 
      (  2, 84, 77, 50)(  3, 49)(  4, 94)(  5, 71, 44, 21)(  6, 98, 29, 25)
        (  7, 41, 18, 16)(  8, 75, 93, 33)(  9, 67)( 10, 14, 51, 81)( 11, 69)
        ( 12, 26, 62, 15)( 13, 70, 52, 97)( 17, 19, 20, 28)( 22, 60, 46, 34)
        ( 23, 56, 40, 35)( 24, 37)( 27, 53, 82, 61)( 31, 57, 73, 91)
        ( 32, 63, 68, 64)( 36, 38, 58, 92)( 42, 47, 85, 86)( 43, 99, 48,100)
        ( 45, 59, 72, 74)( 54, 90)( 55, 89, 65, 66)( 76, 95, 79, 96)( 78, 83)
        ( 80, 88), (  2, 86, 43, 78,100)(  3, 25, 33, 29, 37)(  4, 82, 75, 53,
         69)(  5, 62,  7, 10, 18)(  6, 94, 24, 27, 93)(  8, 61, 49, 11, 98)
        (  9, 90, 54, 67, 30)( 12, 21, 15, 44, 41)( 13, 74, 34, 19, 46)
        ( 14, 81, 26, 51, 71)( 17, 40, 45, 70, 60)( 20, 22, 72, 97, 35)
        ( 23, 52, 59, 56, 28)( 31, 92, 38, 64, 36)( 32, 65, 58, 55, 91)
        ( 42, 50, 48, 80, 99)( 47, 76, 88, 96, 77)( 57, 66, 68, 73, 63)
        ( 79, 83, 95, 85, 84), 
      (  2, 78, 88, 86, 42, 50, 39)(  3, 32, 98,  4, 64, 45, 69)
        (  5, 67, 44, 15, 16, 14, 62)(  6, 68, 72, 66, 94, 34, 37)
        (  7,  9, 81, 21, 10, 12, 18)(  8, 63, 75, 58, 73, 89, 93)
        ( 11, 70, 59, 55, 92, 49, 17)( 13, 52, 57, 91, 46, 20, 35)
        ( 19, 29, 27, 61, 33, 25, 28)( 22, 56, 38, 82, 60, 31, 97)
        ( 23, 53, 65, 74, 36, 40, 24)( 26, 51, 54, 90, 71, 30, 41)
        ( 43, 84, 85, 96, 80, 95, 99)( 47, 77, 48, 83, 79, 76,100), 
      (  2, 86, 96,101)(  3,  5, 74, 34)(  4, 37)(  6, 18, 44, 75)
        (  7, 49, 35, 28)(  8, 20, 10, 46)(  9, 90, 89, 63)( 11, 52, 15, 93)
        ( 12, 71, 41, 45)( 13, 22, 51, 82)( 14, 98)( 16, 81, 97, 24)
        ( 17, 23, 27, 69)( 19, 59)( 21, 94, 53, 25)( 26, 40)( 29, 33, 60, 56)
        ( 30, 73, 32, 36)( 31, 65, 55, 58)( 38, 57, 67, 91)( 42,100)
        ( 43, 48, 95, 77)( 50, 79, 84, 83)( 54, 92)( 61, 62, 72, 70)( 64, 66)
        ( 76, 80)( 78, 88, 99, 85), 
      (  1,  2, 94, 52, 14, 86, 97, 18, 42, 93,  6, 30, 80, 75,  9, 96, 98,
          32, 21,101)(  3, 11, 51, 84, 90, 88, 91, 29, 35, 20,  8, 22, 55, 62,
         78, 81, 83, 49, 36, 34)(  4, 17, 37, 12, 76, 72, 68, 67,100, 45)
        (  5, 79, 82,  7, 50, 74, 24, 31, 60, 63)( 10, 39, 40, 15, 99, 92, 54,
         85, 73, 26, 47, 46, 13, 19, 64, 70, 57, 66, 59, 28)( 16, 95, 71, 43,
          44, 77, 41, 48, 89, 58, 38, 65, 53, 23, 27, 69, 25, 33, 61, 56) ] ),
  Group( [ () ] ), Group( [ () ] ), Group( [ () ] ), Group( [ () ] ), 
  Group( [ () ] ), 
  Group( [ ( 2,13)( 3,14)( 4, 7)( 5,15)( 6,21)( 8,18)( 9,10)(11,12)(16,22)
        (26,29), ( 2, 4)( 5, 6)( 7,13)( 8,10)( 9,18)(11,12)(15,21)(16,22)
        (19,20)(23,24), ( 2,18)( 3,23)( 4, 8)( 5,21)( 7,10)( 9,13)(14,24)
        (19,29)(20,26)(25,28), 
      ( 1, 2,12,14,11, 4)( 3,18, 9)( 5,26, 6,20,25,19)( 7,24,23,13, 8,10)
        (15,21,28)(16,22) ] ), 
  Group( [ ( 2,26)( 3,35)( 4,17)( 6,15)( 7,31)( 9,36)(10,34)(11,52)(12,25)
        (14,24)(16,19)(21,33)(22,23)(27,37)(30,32)(38,46)(39,45)(40,49)(41,48)
        (43,50), ( 2,30)( 3,33)( 4,10)( 5,44)( 6, 9)( 7,31)(11,16)(12,40)
        (14,24)(15,36)(17,34)(18,47)(19,52)(21,35)(25,49)(26,32)(28,42)(38,41)
        (43,50)(46,48), ( 2,52,49)( 3,36,17)( 4,33, 6)( 5,22, 7)( 9,34,21)
        (10,35,15)(11,25,32)(12,26,19)(14,47,45)(16,40,30)(18,39,24)(23,31,44)
        (27,43,28)(37,50,42)(38,41,46), ( 2,19)( 3,32)( 4,16)( 6,30)( 7,44)
        ( 9,17)(10,49)(11,21)(12,15)(14,25)(18,52)(22,31)(24,35)(26,39)(28,50)
        (29,38)(34,47)(36,45)(37,43)(41,46), 
      ( 2,49)( 3,17)( 4,33)( 5,22)( 9,15)(10,21)(11,19)(12,32)(14,50)(18,27)
        (20,29)(23,44)(24,43)(25,26)(28,39)(30,40)(34,35)(37,47)(41,46)(42,45)
        , ( 2,31,37,14,34,40,15)( 3,44,42,45,26,16,32)( 4,21,10,23,28,18,52)
        ( 5,27,47,36, 6,49,12)( 7,50,24,25,33,19, 9)(11,22,43,39,35,30,17)
        (20,29,38,48,41,46,51), ( 1, 2,32,38,46,50,35)( 3, 7,40,29,33, 6,26)
        ( 4,28,51,17,18,25,12)( 5,39,42,37,21,49,16)( 9,24,14,48,47,23,52)
        (10,34,11,20,22,41,36)(15,27,45,19,31,43,30) ] ), 
  Group( [ ( 2, 3)( 4, 6)( 5,19)( 7, 8)( 9,14)(13,18)(15,16)(20,24), 
      ( 1, 7, 8)( 2,15, 9)( 3,14,16)( 4,19,13)( 5, 6,18)(20,24,21) ] ), 
  Group( [ ( 1,20)( 2,11)( 4,19)( 6, 8)(10,13)(12,18)(15,21)(16,17)(24,25) ] )
    , 
  Group( [ ( 2, 5)( 3, 4)( 7,18)( 9,23)(11,25)(12,13)(16,22)(17,19)(20,21)(27,
         28), ( 2,27,12)( 3,23,17)( 4,19, 9)( 5,13,28)( 7,18,14)(11,15,25)
        (20,21,26), ( 1,11,16,25)( 2, 9,26, 4)( 3,20,18,12)( 5,19)
        ( 7,21,23,27)(13,14,28,17)(15,22) ] ), 
  Group( [ ( 1,18)( 2,11)( 4,17)( 6, 8)(10,12)(14,19)(15,16)(23,24) ] ), 
  Group( [ () ] ), Group( [ () ] ), Group( [ () ] ), Group( [ () ] ), 
  Group( [ ( 2,33)( 3,22)( 4,20)( 5,32)( 8,10)( 9,27)(11,18)(12,14)(13,30)
        (17,29)(19,25), ( 2,30)( 3,20)( 4,22)( 5,11)( 7,26)( 9,19)(12,14)
        (13,33)(16,21)(17,29)(18,32)(25,27), 
      ( 3, 9)( 4,25)( 5,11)( 6,15)( 8,10)(12,17)(14,29)(16,21)(18,32)(19,20)
        (22,27), ( 2,11,30, 5)( 3,25,20,27)( 4, 9,22,19)( 6,15)( 7,16,26,21)
        ( 8,10)(12,29,14,17)(13,32,33,18)(23,24), 
      ( 2, 5,12,33,32,14)( 3, 9,20,22,27, 4)( 6,26,16)( 7,21,15)( 8,10)
        (11,29,30,18,17,13)(19,25)(23,24,31), 
      ( 1, 2,21,33, 9,29, 6,32)( 3,31,19,24,26,18, 4,14)( 5, 7,17,27)( 8,10)
        (11,25,30,15,12,16,23,20)(13,22) ] ), 
  Group( [ ( 2, 3)( 5,15)( 7,20)( 9,23)(10,11)(13,19)(14,16)(17,18)(25,26), 
      ( 1,13)( 2,17)( 3,11)( 5,14)( 7,16)(10,18)(12,23)(15,20)(24,25) ] ), 
  Group( [ () ] ), Group( [ () ] ), Group( [ () ] ), Group( [ () ] ), 
  Group( [ () ] ), Group( [ () ] ), Group( [ () ] ), Group( [ () ] ), 
  Group( [ ( 1, 9)( 2,19)( 3, 8)( 4,23)( 5,15)( 6,11)( 7,22)(10,20)(12,14)
        (13,16)(17,18)(21,24) ] ), Group( [ () ] ), Group( [ () ] ), 
  Group( [ () ] ), Group( [ () ] ), Group( [ () ] ), Group( [ () ] ), 
  Group( [ ( 3,16)( 4,11)( 5,20)( 6,21)( 7,15)(13,19)(17,18)(22,25), 
      ( 1,10)( 2, 9)( 3,18)( 4,11)( 5, 6)( 7,15)(16,17)(20,21), 
      ( 1,13)( 2,22)( 3, 5)( 4,11)( 6,16)( 7,15)( 9,25)(10,19)(12,14)(17,21)
        (18,20)(23,24) ] ), Group( [ () ] ), 
  Group( [ ( 3,14)( 4, 9)( 5,18)( 6,19)( 7,13)(11,17)(15,16)(20,25)(21,22), 
      ( 2, 8)( 4,16)( 6, 7)( 9,15)(11,17)(13,19)(20,21)(22,25) ] ), 
  Group( [ () ] ), Group( [ () ] ), Group( [ () ] ), 
  Group( [ ( 1,10)( 2,14)( 3,15)( 6,21)( 7,11)( 9,20)(12,19)(16,22) ] ), 
  Group( [ () ] ), 
  Group( [ ( 1,13)( 3, 9)( 4,16)( 5,17)( 6,18)( 7,15)( 8,19)(20,21) ] ), 
  Group( [ ( 2,17)( 3,16)( 5,24)( 7,10)( 8,13)(12,19)(14,26)(15,23)(20,21), 
      ( 1,11)( 2,15)( 3,16)( 6,22)( 7,21)( 8,12)(10,20)(13,19)(17,23), 
      ( 1,14)( 5, 6)( 7,12)( 8,10)(11,26)(13,20)(15,17)(19,21)(22,24) ] ), 
  Group( [ ( 1,18)( 2, 6)( 3, 9)( 4,23)( 5,15)( 7, 8)(10,13)(11,14)(12,20)
        (16,19)(17,22)(21,24) ] ), 
  Group( [ ( 1,21)( 4,20)( 5,22)( 6,12)( 7,19)( 9,17)(10,13)(11,18) ] ), 
  Group( [ () ] ), 
  Group( [ ( 1, 5)( 2, 8)( 3,23)( 4,16)( 6, 7)( 9,13)(10,15)(11,14)(12,20)
        (17,19)(18,22)(21,24) ] ), Group( [ () ] ), 
  Group( [ ( 1, 2)(10,19)(11,20)(12,18)(13,16)(14,23)(15,24)(17,22) ] ), 
  Group( [ () ] ), Group( [ () ] ), 
  Group( [ ( 1,18)( 2,11)( 4,17)( 6, 8)(10,12)(14,19)(15,16)(23,24) ] ), 
  Group( [ () ] ), Group( [ () ] ), 
  Group( [ ( 1,19)( 2,11)( 4,18)( 5,12)( 7, 9)(10,13)(15,20)(16,17)(24,25) ] )
    , Group( [ () ] ), Group( [ () ] ), Group( [ () ] ), Group( [ () ] ), 
  Group( [ () ] ), 
  Group( [ ( 1, 3)( 5,14)( 6, 9)( 7,12)( 8,10)(16,22)(17,21)(19,20)(23,24) ] )
    , 
  Group( [ ( 7,39)( 8,36)( 9,26)(10,25)(11,30)(12,40)(13,41)(14,35)(15,17)(16,
         34)(18,42)(19,28)(20,32)(22,29)(23,38)(24,33), 
      ( 2, 4)( 3, 5)( 7, 9)( 8,36)(11,19)(12,40)(13,33)(14,34)(16,35)(18,22)
        (20,23)(24,41)(26,39)(28,30)(29,42)(32,38), 
      ( 2, 5)( 3, 4)( 7, 9)( 8,40)(10,25)(12,36)(13,34)(14,33)(15,17)(16,41)
        (18,20)(22,23)(24,35)(26,39)(29,38)(32,42), 
      ( 2, 3)( 4, 5)( 7,26)( 8,36)( 9,39)(10,15)(12,40)(13,38)(14,42)(16,22)
        (17,25)(18,35)(20,24)(23,41)(29,34)(32,33), 
      ( 2, 4, 3, 5)( 7,30,39,19)( 8,36,40,12)( 9,11,26,28)(13,29,35,20)
        (14,34,41,24)(15,25)(16,42,33,23)(18,22,38,32)(27,31)(43,44), 
      ( 3, 5)( 7,26, 9,39)( 8,30,12,19)(10,17,15,25)(11,36,28,40)(13,41,18,42)
        (14,32,23,16)(20,35,34,38)(21,27)(22,29,33,24)(43,44), 
      ( 2,40, 5,12)( 3, 8, 4,36)( 6,21)( 9,26)(10,15,17,25)(11,30,28,19)
        (13,14,20,22)(16,34,42,18)(23,38,33,24)(29,32,35,41)(43,44), 
      ( 2,12,30,39,10)( 3, 8,11, 7,15)( 4,36,19,26,17)( 5,40,28, 9,25)
        ( 6,21,27,31,37)(13,34,18,22,24)(14,41,42,35,20)(23,38,33,32,29), 
      ( 1, 2,19,28,10, 5,25)( 3,36,30, 8,26, 9,15, 4,39,11, 7,12,40,17)
        ( 6,13,27,41,34,16,37)(14,32,35,21,18,38,23,24,20,33,31,42,29,22)
        (43,44), ( 1, 6, 2,42,12,35,25,37)( 3,13,15,21)( 4,18,11,22,30,33,17,
         27)( 5,41, 9,34, 7,16,10,31)( 8,38,19,29,40,14,39,20)(23,36)
        (24,26,32,28)(43,44) ] ), 
  Group( [ ( 5, 7)( 6, 9)( 8,13)(10,19)(11,14)(12,17)(15,24)(20,23)(21,25)
        (26,27), ( 5, 6)( 7, 9)( 8,23)(10,19)(11,25)(12,24)(13,20)(14,21)
        (15,17)(16,18), ( 1, 2, 4)( 5,21,24)( 6,11,15)( 7,14,17)( 8,23,13)
        ( 9,25,12)(10,16,27)(18,26,19), 
      ( 1, 5, 9)( 2,15,12)( 4,14,25)( 6,21,17)( 7,24,11)( 8,19,20)(13,16,26)
        (18,23,27) ] ), 
  Group( [ ( 1, 8)( 2,11)( 4,22)( 5,10)( 6,14)( 7,15)(13,24)(18,21)(20,23), 
      ( 1,18)( 2, 5)( 4,14)( 6,22)( 7,24)( 8,21)( 9,17)(10,11)(13,15) ] ), 
  Group( [ () ] ), 
  Group( [ ( 1, 2, 4)( 5,23,22)( 6,19,11)( 8,10,14)( 9,15,24)(12,21,18)
        (13,25,16), ( 1, 5, 6)( 2,14,22)( 4,19,10)( 7,25,13)( 8,11,23)
        ( 9,12,21)(15,24,18) ] ), Group( [ () ] ), 
  Group( [ ( 2, 3)( 5,29)( 6,16)( 7,25)( 8,23)( 9,11)(10,30)(13,14)(15,24)
        (17,28)(19,27)(22,31), ( 2, 3)( 5,25)( 6,11)( 7,29)( 8,13)( 9,16)
        (10,31)(12,20)(14,23)(15,27)(19,24)(22,30), 
      ( 2,20)( 3,12)( 4,18)( 5,16)( 6, 7)( 8,13)( 9,25)(10,27)(11,29)(15,31)
        (19,22)(24,30), ( 2,20,17)( 3,12,28)( 4,18,21)( 5, 7,25)( 6,16, 9)
        ( 8,10,19)(13,22,27)(14,30,24)(15,23,31), 
      ( 1, 2, 5,17)( 3, 6,16,28)( 4,30,23,21)( 7,11,25,20)( 8,10)( 9,12)
        (13,22,15,24)(14,18,31,27), 
      ( 1, 4, 2,31, 9,14,17,21)( 3,30, 7,19,25,23,28,18)( 5,13,12,22)
        ( 6,24,29,15,16, 8,20,10)(11,27) ] ), 
  Group( [ ( 1, 9)( 3, 5)( 4,10)( 6,12)( 7,18)( 8,17)(13,21)(15,23)(20,22) ] )
    , Group( [ ( 1,12)( 2, 9)( 4,10)( 5,17)( 6,24)( 7,23)( 8,13)(11,22) ] ), 
  Group( [ () ] ), Group( [ () ] ), Group( [ () ] ), Group( [ () ] ), 
  Group( [ () ] ), Group( [ () ] ), Group( [ () ] ), Group( [ () ] ), 
  Group( [ () ] ), Group( [ () ] ), 
  Group( [ ( 1,17,24,18)( 2, 4, 9, 8)( 3,20,19,10)( 5,23,15,21)( 6,16,11,13)
        ( 7,12,22,14) ] ), Group( [ () ] ), 
  Group( [ ( 1,11)( 2, 4)( 6,26)(12,13)(14,23)(15,20)(16,25)(17,24)(21,22), 
      ( 1,17,22)( 2, 6,20)( 3,12,13)( 4,15,26)( 8,16,25)(11,21,24)(14,23,19) 
     ] ), Group( [ () ] ), 
  Group( [ ( 3,10)( 4,20)( 5, 9)( 6,23)( 7,18)(12,22)(13,15)(17,21)(19,24), 
      ( 2,25)( 4,13)( 5, 9)( 7,18)(11,26)(12,17)(15,20)(16,27)(21,22), 
      ( 1, 2,22,20,17, 6)( 3,25,12,23,11,13)( 4,10,28,26,15,21)( 5, 9)( 7,18)
        ( 8,14,27,19,16,24) ] ), 
  Group( [ ( 1, 9)( 2, 3)( 5,25)(10,11)(12,22)(13,18)(14,24)(15,23)(19,20) ] )
    , Group( [ ( 1, 9)( 2, 3)(10,11)(12,22)(13,18)(14,24)(15,23)(19,20) ] ), 
  Group( [ () ] ), Group( [ () ] ), 
  Group( [ ( 1,22)( 2,24)( 3,17)( 5,12)( 7,23)(10,19)(14,18)(16,20) ] ), 
  Group( [ () ] ), 
  Group( [ ( 1,24)( 2, 9)( 3,18)( 4, 8)( 5,22)( 6,14)( 7,21)(10,19)(11,13)
        (12,15)(16,17)(20,23) ] ), 
  Group( [ ( 1, 2,19,17,14, 5)( 3,10,24,22,12,18)( 4, 9)( 6,15)
        ( 7,11,23,16,13,20)( 8,21), ( 1, 3)( 2,18)( 4, 9)( 5,10)( 6,15)( 7,20)
        ( 8,21)(11,13)(12,19)(14,24)(16,23)(17,22) ] ), 
  Group( [ ( 1,23)( 2,17)( 4,12)( 6,24)( 8,19)(10,20)(14,18)(16,21) ] ), 
  Group( [ ( 2,10)( 4,16)( 5,18)( 6,13)( 8,19)(12,21)(14,24)(17,20), 
      ( 1,23)( 2,17)( 4,12)( 5,24)( 8,19)(10,20)(14,18)(16,21) ] ), 
  Group( [ () ] ), Group( [ () ] ), Group( [ () ] ), Group( [ () ] ), 
  Group( [ () ] ), Group( [ () ] ), Group( [ () ] ), 
  Group( [ ( 3,14)( 4, 9)( 5,18)( 6,13)(11,17)(15,16)(19,24)(20,21), 
      ( 2, 7)( 4,16)( 5, 6)( 9,15)(11,17)(13,18)(19,20)(21,24) ] ), 
  Group( [ () ] ), Group( [ () ] ), Group( [ () ] ), 
  Group( [ ( 1, 5)( 3,12)( 4,10)( 6,22)( 7,17)( 8,20)(11,13)(18,24) ] ), 
  Group( [ () ] ), Group( [ () ] ), Group( [ () ] ), Group( [ () ] ), 
  Group( [ () ] ), 
  Group( [ ( 1, 9)( 2,13)( 3,14)( 5,20)( 6,10)( 8,19)(11,18)(15,21) ] ), 
  Group( 
    [ ( 2, 3,15)( 5, 8,14)( 6,24,18)( 7,16,17)( 9,23,25)(10,13,27)(11,26,22), 
      ( 2, 6,17)( 3,25,18)( 5,26,14)( 7,23,15)( 8,22,11)( 9,16,24)(12,27,13), 
      ( 1,21)( 3,24)( 6,17)( 8,22)( 9,18)(12,27)(14,26)(15,23)(16,25) ] ), 
  Group( [ ( 2,21)( 4,10)( 5,15)( 6, 8)( 7,24)( 9,25)(11,12)(14,16)(22,23) ] )
    , Group( [ ( 1,12)( 3, 9)( 4,15)( 5,16)( 6,17)( 7,14)( 8,18)(19,20) ] ), 
  Group( [ ( 1,21)( 5,20)( 6,22)( 7,13)( 8,19)(10,17)(11,14)(12,18) ] ), 
  Group( [ ( 1, 2)( 4, 5)( 6, 8)( 7,19)( 9,10)(11,15)(16,17)(20,24) ] ), 
  Group( [ ( 2, 9)( 3,19)( 4, 8)( 6,12)( 7,11)(15,22)(16,25)(20,24), 
      ( 1, 2,19,11)( 3,10, 4, 7)( 5,24,12,16)( 6,17,22,25)( 8, 9)(13,18)
        (15,20) ] ), 
  Group( [ ( 2, 7)( 3,12)( 4,13)( 5,16)( 6,17)( 8,14)(18,20)(19,24), 
      ( 1, 2)( 9,18)(10,19)(11,17)(12,15)(13,22)(14,23)(16,21) ] ), 
  Group( [ () ] ), Group( [ () ] ), 
  Group( [ ( 2,12)( 3,21)( 5, 9)( 7,13)( 8,22)(10,23)(11,14)(17,20), 
      ( 1,19)( 3,21)( 4,18)( 5, 7)( 8,22)( 9,13)(10,23)(24,25) ] ), 
  Group( [ () ] ), Group( [ () ] ), Group( [ () ] ), Group( [ () ] ), 
  Group( [ ( 2, 9)( 3,18)( 4,21)( 5,16)( 6,13)( 7,12)(14,20)(23,24), 
      ( 1, 3)( 5,15)( 7,10)( 8,13)( 9,11)(17,21)(19,20)(22,23) ] ), 
  Group( [ ( 1,18)( 2,11)( 4,17)( 6, 8)(10,12)(14,19)(15,16)(22,24) ] ), 
  Group( [ () ] ), 
  Group( [ ( 1,19)( 2,11)( 4,18)( 5,12)( 7, 9)(10,13)(15,20)(16,17)(24,25) ] )
    , Group( [ ( 2,26)( 4,12)( 5,15)( 7, 9)(10,11)(14,18)(17,24)(22,25), 
      ( 1, 2,20, 4)( 3,23)( 5,12,15,26)( 6,25)( 8,22)(10,18,24,14)
        (11,16,17,19), ( 1,10, 5,17,20,24,15,11)( 2,19,26,18, 4,16,12,14)
        ( 3,23)( 6,22, 8,25) ] ), 
  Group( [ ( 1,17)( 2,10)( 3,16)( 5, 7)( 9,11)(13,18)(14,15)(22,24) ] ), 
  Group( [ () ] ), Group( [ () ] ), Group( [ () ] ), Group( [ () ] ), 
  Group( [ () ] ), Group( [ () ] ), Group( [ () ] ), Group( [ () ] ), 
  Group( [ () ] ), 
  Group( [ ( 2,10)( 3,20)( 4, 7)( 6,21)( 8,22)( 9,12)(11,15)(14,19), 
      ( 2,21,10, 6)( 3,19,20,14)( 4,15, 7,11)( 5,13)( 8,12,22, 9)(16,17) ] ), 
  Group( [ () ] ), 
  Group( [ ( 1, 7)( 2,11)( 3, 6)( 5,18)( 8,20)(12,16)(13,23)(15,22)(24,25) ] )
    , Group( [ () ] ), 
  Group( [ ( 1,23)( 2,24)( 3,18)( 5,13)( 9,20)(11,21)(15,19)(17,22) ] ), 
  Group( [ ( 2,23)( 3,22)( 5,18)( 9,19)(10,15)(11,24)(12,21)(14,17), 
      ( 1,11)( 3,14)( 5,22)( 9,16)(12,21)(15,20)(17,18)(23,25) ] ), 
  Group( [ ( 1,23)( 2,24)( 3,17)( 5,12)( 9,19)(11,20)(14,18)(16,21) ] ), 
  Group( [ ( 1,23)( 2,24)( 3,17)( 5,12)( 9,19)(10,20)(14,18)(16,21) ] ), 
  Group( [ () ] ), Group( [ () ] ), Group( [ () ] ), 
  Group( [ ( 1,10)( 3,11)( 6,24)( 7,20)( 8,15)( 9,19)(16,17)(21,22) ] ), 
  Group( [ () ] ), Group( [ () ] ), 
  Group( [ ( 2, 9)( 5,23)( 6,19)( 7,13)( 8,17)(14,15)(18,24)(20,21) ] ), 
  Group( [ () ] ), Group( [ () ] ), 
  Group( [ ( 1,10,11,16)( 2,12)( 3, 8, 5,23)( 4,19, 9,21)( 6, 7,17,15)(13,22) 
     ] ), Group( [ ( 1,10)( 2, 4)(11,12)(13,22)(14,18)(15,24)(16,23)(19,20) 
     ] ), Group( [ ( 2,14)( 4,22)( 6,17)( 8,15)( 9,16)(11,12)(18,21)(20,23), 
      ( 1, 3)( 2, 6)( 4,16)( 5,10)( 7,19)( 8,23)( 9,22)(11,18)(12,21)(13,24)
        (14,17)(15,20), ( 1, 4)( 3, 9)( 5,11)( 6,13)( 7,20)( 8,19)(10,21)
        (14,24) ] ), 
  Group( [ ( 2,14)( 4,23)( 5,19)( 7,17)( 8,15)( 9,16)(11,12)(18,22)(21,24) ] )
    , Group( [ () ] ), Group( [ () ] ), Group( [ () ] ), 
  Group( [ ( 1, 9)( 3, 5)( 6,11)( 7,17)( 8,16)(12,20)(14,22)(19,21) ] ), 
  Group( [ () ] ), 
  Group( [ ( 4,14)( 5,10)( 6,18)( 7,13)(12,17)(15,16)(19,24)(20,21), 
      ( 3, 8)( 5,16)( 6, 7)(10,15)(12,17)(13,18)(19,20)(21,24) ] ), 
  Group( [ ( 4,14)( 5,10)( 6,18)( 7,13)(11,17)(15,16)(19,24)(20,21), 
      ( 3, 8)( 4,14)( 5,15)( 6,13)( 7,18)(10,16)(19,21)(20,24) ] ), 
  Group( [ ( 4,15)( 5,10)( 6,19)( 7,14)(12,18)(16,17)(20,24)(21,22), 
      ( 3, 8)( 4,15)( 5,16)( 6,14)( 7,19)(10,17)(20,22)(21,24) ] ), 
  Group( [ () ] ), Group( [ () ] ), 
  Group( [ ( 3,20)( 5,14)( 7,13)( 8,12)(10,19)(16,22)(17,23)(18,21), 
      ( 2, 6)( 3,14)( 5,20)( 7,10)( 8,21)(12,18)(13,19)(16,23)(17,22) ] ), 
  Group( [ ( 1,10)( 4, 9)( 6,23)( 7,14)( 8,19)(11,18)(12,13)(21,24) ] ), 
  Group( [ () ] ), Group( [ () ] ), Group( [ () ] ), 
  Group( [ ( 1, 9)( 2, 8)( 4,17)( 5,12)( 7,21)(10,20)(11,23)(14,19) ] ), 
  Group( [ ( 2, 3)( 5,13)( 6,14)( 7,26)( 8,24)( 9,10)(12,23)(17,18)(19,25), 
      ( 2, 6)( 3,14)( 5,13)( 8,24)( 9,10)(11,15)(12,25)(16,22)(19,23), 
      ( 1, 2)( 3, 9)( 5,25)(10,11)(12,22)(13,16)(14,15)(19,21)(20,24) ] ), 
  Group( [ ( 1, 2)( 4, 5)( 6, 8)( 7,20)( 9,10)(12,16)(17,18)(21,24) ] ), 
  Group( [ ( 2, 3)( 4, 5)( 6,13)( 7,11)( 8,15)(12,20)(14,22)(16,21) ] ), 
  Group( [ () ] ), 
  Group( [ ( 1,18)( 3,20)( 4,17)( 6,21)( 7,11)( 8,22)(10,16)(23,24) ] ), 
  Group( [ () ] ), 
  Group( [ ( 3,13)( 5, 8)( 6,11)( 7, 9)(15,21)(16,20)(18,19)(22,23) ] ), 
  Group( [ ( 1,18)( 3,17)( 4,10)( 6, 8)( 9,11)(14,19)(15,16)(23,24) ] ), 
  Group( [ ( 2, 6)( 3,12)( 4, 7)( 8,13)( 9,11)(14,20)(15,21)(17,22) ] ), 
  Group( [ ( 1,12)( 2, 8)( 4, 9)( 5,17)( 6,23)( 7,13)(10,22)(11,24) ] ), 
  Group( [ ( 2,23)( 3,13)( 4, 9)( 5, 7)( 6,11)( 8,16)(12,24)(21,22), 
      ( 1, 3,13)( 2, 4, 6)( 5,12,22)( 7,21,24)( 8,14,16)( 9,23,11) ] ), 
  Group( [ ( 1, 9)( 3,10)( 6,23)( 7,14)( 8,18)(15,16)(19,24)(20,21) ] ), 
  Group( [ ( 1,19,20)( 2,23,21)( 4,10,17)( 7,22,24)( 8,13, 9)(11,14,15) ] ), 
  Group( [ ( 1, 9)( 3, 8)( 5,23)( 6,14)( 7,19)(11,18)(12,13)(21,24) ] ), 
  Group( [ ( 1,10)( 4, 9)( 6,23)( 7,15)( 8,20)(12,19)(13,14)(22,24) ] ), 
  Group( [ ( 2, 6)( 7,13)( 8,15)( 9,18)(10,11)(12,19)(14,20)(21,22), 
      ( 1,10)( 4, 9)( 6,23)( 7,15)( 8,20)(12,19)(13,14)(21,24) ] ), 
  Group( [ ( 2, 6)( 7,21)( 8,14)( 9,16)(10,18)(11,12)(13,19)(15,20)(22,23), 
      ( 1, 7,16,20)( 2,23)( 4,10)( 6,25,22,24)( 8,26,11, 9)(12,14,21,15)
        (13,19) ] ), 
  Group( [ ( 3,13)( 5, 8)( 6,11)( 7, 9)(15,21)(16,20)(18,19)(22,23), 
      ( 1, 3,21,13,10,19,15,18)( 2,20, 6,16,14, 7,11, 9)( 4, 8,12, 5)(22,23) 
     ] ), 
  Group( [ ( 4,14,22)( 5, 8,15)( 6,17,21)( 7,23, 9)(10,11,20)(12,19,24), 
      ( 4, 5)( 6,21)( 7,24)( 8,22)( 9,12)(10,20)(14,15)(19,23)(25,27), 
      ( 4, 5,17)( 6,22,15)( 7,19,20)( 8,21,14)( 9,12,11)(10,23,24)(25,27,26), 
      ( 2,13)( 3,16)( 4, 8)( 5,22)( 7,24)( 9,19)(12,23)(14,15)(25,27), 
      ( 1, 2,13)( 3,18,16)( 4, 8,22,15,14, 5)( 6,17)( 7,12, 9,19,23,24)(10,11)
        (25,27), ( 1, 3, 2,18,13,16)( 4,23)( 5,11, 8,10,15,20)( 6,24,21,12,17,
         19)( 7,14)( 9,22)(26,27), ( 1, 4,20, 3,23,17)( 2,14,10,16, 7, 6)
        ( 5,12)( 8,24)( 9,21,13,22,11,18)(15,19)(25,27,26) ] ), 
  Group( [ ( 5,20)( 6,12)( 7,14)( 8,17)( 9,10)(11,18)(13,19)(21,22), 
      ( 2, 4)( 5,18)( 6,17)( 8,12)(11,20)(13,19)(15,16)(21,22), 
      ( 2,13)( 4,19)( 5, 8)( 6,20)(11,17)(12,18)(15,22)(16,21) ] ), 
  Group( [ ( 4,19)( 5,11)( 6,13)( 7,16)( 8, 9)(10,17)(12,18)(20,21), 
      ( 3, 5,24,11)( 4, 7,13,12)( 6,16,19,18)( 8, 9)(10,17)(15,20,23,21), 
      ( 2, 3)( 4,17)( 5,16)( 7,11)(10,19)(12,18)(14,15)(20,21) ] ), 
  Group( [ ( 5,20)( 6,12)( 7,14)( 8,17)( 9,10)(11,18)(13,19)(21,22), 
      ( 2, 4)( 5,18)( 6,17)( 8,12)(11,20)(13,19)(15,16)(21,22), 
      ( 2, 5,17)( 4,12,11)( 6,19, 8)( 7,14,24)(13,18,20)(15,16,22) ] ), 
  Group( [ ( 3, 8)( 4, 5)( 6,15)( 7,21)(10,11)(14,22)(18,24)(19,26)(20,27), 
      ( 3, 8,16)( 4, 5,13)( 6,14,21)( 7,22,15)( 9,26,19)(12,27,20)(18,24,23), 
      ( 2, 4, 5,13)( 3,16)( 6,19, 7,20)( 9,27,22,15)(10,11)(12,26,14,21)
        (17,18,24,23), ( 2, 6, 5, 7)( 3,16)( 4,19,13,20)( 9,12,22,14)(10,11)
        (15,21,27,26)(17,18,24,23), ( 2, 3,27,28)( 4,26)( 5,14,19,15)
        ( 7, 9,21,13)( 8,20,16,12)(10,11)(17,25), 
      ( 1,10)( 2, 3,27, 8,20,28)( 4,14, 9, 6, 5, 7)(12,16)(13,26,19)(15,21,22)
        (17,25)(18,24,23) ] ), 
  Group( [ ( 3, 5)( 4, 7)( 6,20)( 8,14)( 9,21)(13,24)(15,18)(17,22), 
      ( 2, 4, 9,19,21, 7)( 3, 5)( 6,20,12)( 8,14,15,13,24,18)(10,11)(16,17,22)
        , ( 1, 6)( 3,21)( 4, 5)( 7, 9)( 8,11)(10,13)(15,18)(17,23) ] ), 
  Group( [ ( 2, 8)( 3,13)( 4,14)( 5,16)( 6,12)( 7,17)(18,20)(19,24), 
      ( 1, 2)( 9,18)(10,19)(11,17)(12,21)(13,15)(14,23)(16,22) ] ), 
  Group( [ ( 2,12)( 4,11)( 5,18)( 6,22)( 9,13)(14,16)(15,19)(17,24), 
      ( 2, 6)( 4,14)( 5,24)( 8,21)( 9,13)(11,16)(12,22)(17,18), 
      ( 1, 7)( 2, 6)( 3,23)( 4,14)( 5,24)( 8,13)( 9,21)(10,20) ] ), 
  Group( [ ( 3, 7)( 4,13)( 5,18)( 6,14)( 8,11)( 9,12)(10,17)(22,23), 
      ( 3,13)( 4, 7)( 5,11)( 8,18)( 9,12)(15,16)(19,20)(22,23), 
      ( 2, 9)( 3,17)( 4,10)( 5, 6)( 8,14)(15,16)(19,20)(22,24), 
      ( 1, 2)( 3, 7, 4,13)( 5,18, 8,11)( 6,19,14,20)( 9,12)(10,16,17,15)
        (21,24)(22,23) ] ), 
  Group( [ ( 2,20,10)( 3, 9, 6)( 4,17,13)( 7,11, 8)(12,24,23)(14,18,19), 
      ( 2,23)( 3, 6)( 4,17)( 7,11)(10,12)(14,19)(16,22)(20,24), 
      ( 1, 4,17)( 3,15, 6)( 5,19,14)( 7,11,21)(10,16,20)(12,24,22) ] ), 
  Group( [ ( 2, 5,12)( 3,10,20)( 4,21, 9)( 7,16,19)(13,17,15)(18,22,23), 
      ( 1, 4,13)( 5,11,20)( 6,12,10)( 7, 8,22)( 9,24,17)(14,16,18) ] ), 
  Group( [ ( 2,14,12)( 3, 7,15)( 4,20, 9)( 5, 6,18)( 8,21,17)(10,19,16), 
      ( 3,10)( 4,18)( 5, 9)( 6,20)( 7,16)(12,14)(15,19)(17,21), 
      ( 1, 3)( 2,14)( 5, 9)( 7,16)(11,19)(13,17)(18,22)(20,24) ] ), 
  Group( [ ( 3, 4,22)( 5, 9,18)( 6,11,12)( 7,15,13)( 8,16,20)(10,14,21), 
      ( 2,19)( 3,16)( 4, 8)( 5,18)( 7,13)(10,21)(11,12)(20,22), 
      ( 2,19,23)( 3, 5,20)( 4, 9, 8)( 6,12,11)(10,14,21)(16,22,18), 
      ( 2,19,23)( 3,15,21, 7, 8,24)( 4,14, 5, 9,10,20)( 6,11,12)(13,18)(16,22)
        , ( 1, 3,14, 6,20,24)( 2,19,23)( 4,15, 8)( 5,10,11, 7,21,12)(13,18)
        (16,22) ] ), 
  Group( [ ( 3,38)( 5,30)( 6,31)( 7,28)( 9,42)(11,14)(12,25)(16,45)(17,44)
        (18,27)(19,46)(20,29)(21,23)(22,35)(24,26)(33,36), 
      ( 5,44)( 6,45)(16,31)(17,30)(18,29)(20,27)(21,26)(23,24), 
      ( 3,19)( 5,31)( 6,30)( 7, 9)(11,35)(12,36)(14,22)(16,44)(17,45)(18,26)
        (20,23)(21,29)(24,27)(25,33)(28,42)(38,46), 
      ( 3, 9)( 5,17)( 6,16)( 7,19)(11,14)(12,25)(18,27)(20,29)(21,23)(22,35)
        (24,26)(28,46)(30,44)(31,45)(33,36)(38,42), 
      ( 3,25)( 5,29)( 6,24)( 7,36)( 9,12)(11,46)(14,28)(16,26)(17,20)(18,44)
        (19,33)(21,31)(22,42)(23,45)(27,30)(35,38), 
      ( 3,29)( 5,25)( 6,36)( 7,24)( 9,20)(11,45)(12,17)(14,31)(16,33)(18,42)
        (19,26)(21,28)(22,44)(23,46)(27,38)(30,35), 
      ( 3,22,42,25)( 5,18,44,29)( 6,23,45,24)( 7,11,46,36)( 9,12,38,35)
        (14,19,33,28)(16,26,31,21)(17,20,30,27), 
      ( 3,46,42, 7)( 5,45,44, 6)( 9,28,38,19)(11,22,36,25)(12,14,35,33)
        (16,17,31,30)(18,24,29,23)(20,21,27,26), 
      ( 3,17, 7,42,30,46)( 4,39,34)( 5,12,36,44,35,11)( 6,18,20,45,29,27)
        ( 8,13,43)( 9,23,25,38,24,22)(14,21,19,33,26,28)(16,31), 
      ( 3,38,11)( 4, 8,34)( 5,20,46)( 6,22,17)( 7,44,27)( 9,36,42)(12,23,29)
        (13,43,39)(16,19,21)(18,35,24)(25,30,45)(26,31,28), 
      ( 3,31,17,46,10)( 4,11,29,24,25)( 5,12, 8,33, 6)( 7,37,42,16,30)
        ( 9,20,21,19,34)(13,38,27,26,28)(14,45,44,35,39)(18,23,22,43,36), 
      ( 3,13, 6,19,15,42,34,45,28,32)( 4,44,29,20,37,43, 5,18,27,10)
        ( 7,33,31,24, 8)( 9,21,35,11,25,38,26,12,36,22)(14,16,23,39,46)(17,30)
        , ( 2, 3,26,27, 8, 7,32)( 4,45,35,14,13, 5,10)( 6,12,33,34,44,37,43)
        ( 9,22,11,16,29,30,19)(15,41,42,21,20,39,46)(17,28,38,25,36,31,18), 
      ( 1, 2)( 3,25,39,46,17,15,42,22, 8, 7,30,32)( 4,45,10)( 5,33,34,44,14,13
         )( 6,37,43)( 9,16,20,23,36,26)(11,21,38,31,27,24)(12,35)(18,28,29,19)
        (40,41) ] ), 
  Group( [ ( 2,21, 3)( 4,17, 8)( 5,11,10)( 6,12,14)( 7,19,15)( 9,20,13), 
      ( 2, 8)( 3, 4)( 6,14)( 7,19)(10,11)(13,20)(17,21)(18,22), 
      ( 2,15, 8,23)( 3,13, 6,17)( 4,21,14,20)( 7, 9,19,12)(10,11)(18,22), 
      ( 2,11, 9,10, 8,24)( 3, 4,23)( 5,12)( 6,14,19,17,21, 7)(13,20,15)(18,22)
        , ( 1, 2, 7,20,17,24)( 3, 4,23)( 5,12)( 6,19,15,10, 9,13)( 8,21,11)
        (18,22) ] ), 
  Group( [ ( 2, 3, 4)( 5, 8,12)( 6,20,15)( 7, 9,11)(10,21,14)(13,16,18), 
      ( 2,22)( 3, 4)( 5,15)( 6,18)( 7, 8)( 9,20)(11,16)(12,13), 
      ( 2,15)( 3,16)( 4,11)( 5,22)( 6, 9)( 7,13)( 8,12)(18,20), 
      ( 2,23)( 3,22)( 5,18)( 6,14)( 7,13)(10,11)(12,21)(16,20), 
      ( 2,23, 3,24)( 4,22)( 5, 6, 8,15)( 7,11,16,18)( 9,21,13,14)(12,20), 
      ( 1, 2,24)( 3,23)( 4,22)( 5,20,16,14,10, 9)( 6,11,12)( 7, 8,15,21,13,18
         ) ] ), 
  Group( [ ( 5,21)( 6,16)( 7, 8)( 9,19)(10,13)(11,15)(12,17)(14,20), 
      ( 5,16)( 6,21)( 7,20)( 8,14)( 9,10)(11,12)(13,19)(15,17), 
      ( 5, 8)( 6,20)( 7,21)( 9,11)(10,12)(13,17)(14,16)(15,19), 
      ( 5,19)( 6,10)( 7,11)( 8,15)( 9,21)(12,20)(13,16)(14,17), 
      ( 2, 3, 4)( 5,15,21)( 6, 7,10)( 8,20,17)( 9,14,16)(12,19,13), 
      ( 2,22)( 3, 4)( 5,21)( 7, 9)( 8,19)(10,14)(11,15)(13,20), 
      ( 2,15, 3,21)( 4,11,22, 5)( 6,19,16, 8)( 7,17, 9,12)(10,14)(13,20), 
      ( 2,23)( 3,22)( 5,13,10,21)( 6,16,19, 9)( 7,14,17,11)( 8,15,12,20), 
      ( 2,23, 3,24)( 4,22)( 5,14,13,21)( 7,12,19,16)( 8, 9)(10,20,15,11), 
      ( 1, 2,24)( 3,23)( 4,22)( 5,14,17,13, 6,21)( 7, 9, 8,12,15,10)
        (16,20,19) ] ), 
  Group( [ ( 3,19)( 5,17)( 6,14)( 7, 8)( 9,23)(12,20)(15,24)(16,18), 
      ( 3,15)( 5, 6)( 7,18)( 8,16)( 9,20)(12,23)(14,17)(19,24), 
      ( 3, 5,15, 6)( 4,10)( 7, 8,18,16)( 9,12,20,23)(11,13)(14,24,17,19), 
      ( 2, 3,15, 6)( 4,10)( 7, 8,11,17)(12,20,22,23)(13,18,14,24)(16,19), 
      ( 1, 2)( 3,24,15,19)( 4,13)( 5,17, 6,14)( 7,16,18, 8)( 9,23,20,12)
        (10,11)(21,22) ] ), 
  Group( [ ( 2, 4)( 5,21)( 6,11)( 7,18)( 8,17)( 9,10)(13,20)(16,22), 
      ( 2, 9)( 3, 5, 8,16)( 4,23,20, 6)( 7,22)(10,24,11,13)(17,21,18,19), 
      ( 1, 3)( 5, 8)( 6,20)(11,13)(12,19)(14,24)(15,23)(17,21) ] ), 
  Group( [ ( 6, 7)( 9,16)(10,18)(11,17)(12,13)(14,15)(19,21)(20,22), 
      ( 4, 5)( 6, 7)( 9,10)(12,21)(13,19)(14,22)(15,20)(16,18), 
      ( 4,17, 6)( 5,11, 7)( 9,12,14)(10,19,15)(13,22,18)(16,21,20), 
      ( 4,11, 5,17)( 6, 7)( 9,16,18,10)(12,15,19,22)(13,20,21,14)(23,24), 
      ( 3, 4,11)( 5, 6,17)(10,15,13)(12,16,20)(14,24,21)(19,22,23), 
      ( 2, 8)( 4,11)( 5,17)(10,16)(12,15)(13,20)(14,21)(19,22), 
      ( 1, 3)( 2,24, 8,23)( 4,11)( 5,17)( 6, 7)( 9,16,18,10)(12,20,13,15)
        (14,21,22,19) ] ), 
  Group( [ ( 4,17, 5)( 6, 7, 8)( 9,18,24)(10,11,20)(12,14,16)(13,19,22), 
      ( 4,13)( 5,19)( 6, 8)( 9,14)(11,20)(12,18)(16,24)(17,22), 
      ( 4, 6)( 5, 7)( 8,17)( 9,10)(11,24)(12,16)(13,22)(18,20), 
      ( 3, 4,19, 6)( 5,11,24, 7)( 8,17,10, 9)(12,13)(14,20,23,18)(16,22), 
      ( 2, 3)( 4, 6, 5, 8,17, 7)( 9,11,24,10,18,20)(12,14,16)(13,19,22)(21,23)
        , ( 1, 2)( 4, 8,17, 6, 5, 7)( 9,10,18,11,24,20)(12,16,14)(13,22,19)
        (15,21) ] ), 
  Group( [ ( 2,13)( 3, 8)( 4,18)( 5, 6)( 7,14)( 9,17)(12,21)(15,19), 
      ( 2,14)( 3, 4)( 5,19)( 6,15)( 7,13)( 8,18)( 9,12)(17,21), 
      ( 2,14)( 5,15)( 6,19)( 7,13)( 9,17)(10,20)(11,16)(12,21), 
      ( 2,13)( 5,19)( 6,15)( 7,14)( 9,21)(10,16)(11,20)(12,17), 
      ( 2,15, 4)( 3, 7,19)( 5,18,14)( 6, 8,13)(10,16,20)(12,21,17), 
      ( 2, 7,14)( 3,16, 6)( 4,10,15)( 5, 8,20)( 9,12,21)(11,19,18), 
      ( 2,20, 9, 3, 6)( 4,15, 7,16,21)( 5,14,10,12, 8)(11,17,18,19,13), 
      ( 2,14,13, 7,22)( 3,11,20, 4, 6)( 5,12, 8,18,21)( 9,16,19,10,17), 
      ( 2, 8,17, 5,10,19,23)( 3,18,14,13,20,16,22)( 4, 9, 6,12, 7,11,21), 
      ( 2,11, 6,19, 9,20, 5, 8,13,16,24)( 3,22, 4,12,18,17,21,15,10, 7,23), 
      ( 1, 2,12,15,10,24)( 3,23)( 4,11, 6, 8,14,13,17,21,18,16, 7,22)
        ( 5,19, 9,20) ] ) ];
