return [ [ 12 ], [ 19 ], [ 22, 106 ], [ 25 ], [ 29 ], [ 33 ], [ 34 ], [ 35 ], 
  [ 37 ], [ 38 ], [ 39 ], [ 40 ], [ 47, 161 ], [ 48 ], [ 53 ], 
  [ 58, 62, 73, 100, 151 ], [ 59 ], [ 60 ], [ 61, 150 ], [ 63 ], [ 64 ], 
  [ 65 ], [ 66 ], [ 67 ], [ 69, 102 ], [ 70 ], [ 74, 158, 176 ], [ 83 ], 
  [ 84 ], [ 85 ], [ 86 ], [ 87, 179 ], [ 88 ], [ 89 ], [ 90 ], [ 91 ], 
  [ 92 ], [ 93 ], [ 94 ], [ 95, 143 ], [ 97 ], [ 101 ], [ 103 ], [ 105 ], 
  [ 107 ], [ 108 ], [ 114 ], [ 116 ], [ 117 ], [ 118 ], [ 119 ], 
  [ 120, 136, 144 ], [ 121 ], [ 122 ], [ 123 ], [ 124 ], [ 125 ], [ 126 ], 
  [ 129 ], [ 130, 201 ], [ 131 ], [ 132 ], [ 133 ], [ 134 ], [ 135 ], 
  [ 137 ], [ 138 ], [ 139 ], [ 140 ], [ 141 ], [ 142 ], [ 145 ], 
  [ 146, 184 ], [ 147 ], [ 148 ], [ 149 ], [ 152 ], [ 153 ], [ 155 ], 
  [ 156 ], [ 160 ], [ 162 ], [ 163 ], [ 164 ], [ 165 ], [ 166, 198 ], 
  [ 167 ], [ 168 ], [ 169 ], [ 170 ], [ 171 ], [ 172 ], [ 173 ], [ 174 ], 
  [ 175 ], [ 177 ], [ 178 ], [ 180 ], [ 181 ], [ 182 ], [ 183 ], [ 185 ], 
  [ 186 ], [ 187 ], [ 188 ], [ 189 ], [ 190, 196 ], [ 191 ], [ 192 ], 
  [ 193 ], [ 194 ], [ 195 ], [ 197 ], [ 199 ], [ 200 ], [ 202 ], [ 203 ], 
  [ 204 ], [ 205 ], [ 206 ], [ 207 ], [ 208 ], [ 209 ], [ 210 ], [ 211 ], 
  [ 212 ], [ 213 ], [ 214 ], [ 215 ], [ 216 ], [ 217 ], [ 218 ], [ 219 ], 
  [ 220 ], [ 221 ], [ 222 ], [ 223 ], [ 224 ], [ 225 ], [ 226 ], 
  [ 227, 232 ], [ 228 ], [ 229 ], [ 230 ], [ 231 ] ];
