return [ "irrelevant", "irrelevant", "irrelevant", "irrelevant", 
  "irrelevant", "irrelevant", "irrelevant", "irrelevant", "irrelevant", 
  "irrelevant", "irrelevant", 
  Group( [ ( 1,24)( 2,14)( 3,16)( 6,23)(12,17)(13,19)(15,18)(20,25) ] ), 
  "irrelevant", "irrelevant", "irrelevant", "irrelevant", "irrelevant", 
  "irrelevant", Group( [ () ] ), "irrelevant", "irrelevant", 
  Group( [ ( 1,13,19)( 2,25,12)( 3,15, 8)( 5,16,14)(11,24,17)(20,21,26), 
      ( 1,12)( 2,19)( 3, 8)( 5,17)(11,14)(13,25)(16,24)(21,26), 
      ( 1, 5)( 2,11)( 3,26)( 4, 6)( 8,20)( 9,23)(12,24)(13,14)(15,21)(16,19)
        (17,25)(18,22) ] ), "irrelevant", "irrelevant", 
  Group( [ ( 1,24)( 2, 5)( 4,23)( 9,12)(10,14)(11,20)(15,21)(17,18) ] ), 
  "irrelevant", "irrelevant", "irrelevant", Group( [ () ] ), "irrelevant", 
  "irrelevant", "irrelevant", Group( [ () ] ), Group( [ () ] ), 
  Group( [ () ] ), "irrelevant", 
  Group( [ ( 1, 5)( 2,18)( 3,14)( 6,16)( 7,15)( 8,11)( 9,20)(10,22)(12,13)
        (17,21)(19,24)(23,25) ] ), Group( [ () ] ), Group( [ () ] ), 
  Group( [ ( 1, 8)( 2, 4)( 3, 7)( 5, 9)(10,25)(11,16)(12,20)(13,19)(14,24)
        (15,22)(17,21)(18,23) ] ), "irrelevant", "irrelevant", "irrelevant", 
  "irrelevant", "irrelevant", "irrelevant", 
  Group( [ ( 2, 6,27,16)( 3,22, 9,20)( 4,25,11, 8)( 7,12)(10,24)(13,15,19,21),
      ( 1,14,23)( 2,22,21)( 3,19,16)( 5,18,26)( 6, 9,13)(15,27,20), 
      ( 2,20)( 3,16)( 5,26)( 6, 9)( 8,25)(14,23)(15,21)(22,27) ] ), 
  Group( [ () ] ), "irrelevant", "irrelevant", "irrelevant", "irrelevant", 
  Group( [ ( 1,19)( 4,21)( 5,23)( 8,10)( 9,17)(12,25)(13,15)(14,16) ] ), 
  "irrelevant", "irrelevant", "irrelevant", "irrelevant", 
  Group( [ ( 1,13)( 2,21)( 4,26)( 9,18)(10,16)(11,12)(14,19)(17,24) ] ), 
  Group( [ () ] ), 
  Group( [ ( 1,19)( 2,23)( 3, 8)( 4,16)( 5,18)( 7,17)( 9,20)(10,22)(11,14)
        (12,15)(13,24)(21,25) ] ), Group( [ () ] ), 
  Group( [ ( 2,24)( 4, 5)( 8,25)( 9,14)(10,20)(11,15)(12,23)(19,22) ] ), 
  Group( [ () ] ), Group( [ () ] ), 
  Group( [ ( 1,24)( 2, 5)( 4,23)( 8,12)(10,14)(11,20)(15,21)(17,18), 
      ( 1,23)( 2, 5)( 3, 9)( 4,24)( 8,21)(10,11)(12,15)(14,20) ] ), 
  Group( [ () ] ), Group( [ () ] ), "irrelevant", Group( [ () ] ), 
  Group( [ () ] ), "irrelevant", "irrelevant", 
  Group( [ ( 1, 4)( 2,12)( 5,14)( 7,18)(10,15)(11,26)(17,19)(21,24) ] ), 
  Group( [ ( 1,23)( 2, 4)( 5,10)( 6, 9)( 7,12)(15,20)(17,21)(18,27)(22,26), 
      ( 3,23)( 4, 8)( 5,13)( 6,19)(11,15)(12,14)(16,21)(18,24)(25,26) ] ), 
  "irrelevant", "irrelevant", "irrelevant", "irrelevant", "irrelevant", 
  "irrelevant", "irrelevant", "irrelevant", 
  Group( [ ( 1, 7)( 3, 9)( 5,15)( 8,16)(10,22)(11,25)(12,18)(17,21) ] ), 
  Group( [ () ] ), Group( [ () ] ), Group( [ () ] ), Group( [ () ] ), 
  Group( [ () ] ), 
  Group( [ ( 1,17)( 2,13)( 3,12)( 5,15)( 7,23)( 9,24)(14,25)(18,20) ] ), 
  Group( [ () ] ), Group( [ () ] ), Group( [ () ] ), Group( [ () ] ), 
  Group( [ ( 1,10, 6,20)( 2,25, 3, 8)( 4,13, 7,22)( 9,23,15,18)(11,14,19,17)
        (12,16,24,21) ] ), Group( [ () ] ), "irrelevant", Group( [ () ] ), 
  "irrelevant", "irrelevant", 
  Group( [ ( 2,18)( 3, 4)( 6,17)( 8,14)( 9,22)(10,21)(11,24)(20,25) ] ), 
  Group( [ () ] ), Group( [ () ] ), 
  Group( [ ( 2, 9)( 3,24)( 4,13)( 5,19)( 7,16)(12,14)(18,22)(20,21) ] ), 
  "irrelevant", 
  Group( [ ( 1, 8)( 2, 4)( 3, 7)( 5, 9)(10,25)(11,17)(12,21)(13,20)(14,24)
        (15,22)(16,18)(19,23) ] ), 
  Group( [ ( 2,19,15)( 3, 5,12)( 4,18,25)( 7,20, 9)(11,23,13)(17,22,26), 
      ( 2,20)( 3,18)( 4, 5)( 7,19)( 9,15)(11,23)(12,25)(22,26), 
      ( 1, 8)( 2, 4)( 3, 7)( 5, 9)(10,16)(11,22)(12,20)(13,26)(14,24)(15,18)
        (17,23)(19,25) ] ), 
  Group( [ ( 2, 9)( 3,23)( 4,13)( 6,16)( 7,25)(12,14)(17,20)(18,19) ] ), 
  Group( [ ( 1, 8)( 2,13)( 3, 6)(11,24)(12,26)(16,25)(17,19)(18,21), 
      ( 1,25, 8,16)( 2, 6,13, 3)( 4,14)( 5,15)(11,26,24,12)(17,21,19,18), 
      ( 1,19)( 3, 6)( 4,15)( 5,14)( 7,10)( 8,17)( 9,23)(11,26)(12,24)(16,18)
        (20,22)(21,25), ( 2,11)( 3,26)( 5,15)( 6,12)(13,24)(16,25)(17,18)
        (19,21) ] ), "irrelevant", "irrelevant", "irrelevant", "irrelevant", 
  "irrelevant", Group( [ () ] ), "irrelevant", 
  Group( [ ( 1,19)( 2,20)( 4,16)( 7,17)( 9,22)(13,23)(14,24)(18,25), 
      ( 1,14)( 2,25)( 3,15)( 7,13)( 9,22)(17,23)(18,20)(19,24) ] ), 
  Group( [ ( 1,20, 2, 4)( 3,19,12,17)( 5,14,10, 6)( 7, 9, 8,15)(11,21,22,13)
        (16,23,18,24)(25,26), ( 3,12)( 4,20)( 5,23)( 6,18)( 7, 8)(10,24)
        (11,22)(14,16) ] ), 
  Group( [ ( 1,21)( 2, 4)( 3,18)( 5,19)( 6,23)( 7,16)( 9,10)(11,17)(12,14)
        (13,20)(15,22)(24,25) ] ), Group( [ () ] ), 
  Group( [ ( 1,15)( 2,27)( 4,22)( 6,14)( 9,25)(10,19)(12,18)(16,17), 
      ( 3, 6)( 4, 8)( 5, 9)( 7,25)(11,26)(12,17)(13,24)(14,20)(22,23) ] ), 
  Group( [ () ] ), Group( [ () ] ), Group( [ () ] ), Group( [ () ] ), 
  Group( [ () ] ), 
  Group( [ ( 1,19)( 3,21)( 4,23)( 7, 9)( 8,16)(11,25)(12,14)(13,15) ] ), 
  "irrelevant", "irrelevant", 
  Group( [ ( 1,24)( 2,13)( 3,16)( 4,15)( 7,23)(12,17)(14,18)(19,25) ] ), 
  Group( [ ( 1,13)( 2,21)( 4,25)( 9,18)(10,15)(11,12)(14,19)(16,23) ] ), 
  Group( [ ( 1, 7, 3,12)( 2, 6)( 4,25)( 5,14,17,13)( 9,20,15,21)(16,19,18,24) 
     ] ), Group( [ ( 2, 9)( 4, 8)( 5,26)( 6,11)( 7,23)(12,21)(13,24)(19,22), 
      ( 1,15,27,14, 3)( 4,13,19, 5, 7)( 8,24,22,26,23)(10,18,17,20,16), 
      ( 1,10)( 2,11)( 3,16)( 6, 9)(12,21)(14,20)(15,18)(17,27), 
      ( 1, 4,15,19)( 2, 6)( 3, 5,27, 7)( 8,18,22,10)(13,14)(16,26,17,23)
        (20,24) ] ), 
  Group( [ ( 1, 7,24)( 2,18,23)( 3, 8,13)( 4,15, 5)( 9,20,25)(10,14,17)
        (11,16,22)(12,21,19), ( 1, 7)( 3, 8)( 5,15)( 9,25)(10,17)(12,21)
        (16,22)(18,23) ] ), Group( [ () ] ), Group( [ () ] ), 
  Group( [ ( 1, 3)( 5,25)( 6, 7)( 9,10)(11,15)(13,17)(16,19)(21,27), 
      ( 1, 7)( 2, 5)( 4,12)( 8,20)(11,18)(13,22)(14,17)(15,23)(25,26) ] ), 
  Group( [ ( 1,23)( 2, 5)( 3,10)( 4,24)( 9,21)(11,12)(13,16)(15,20) ] ), 
  Group( [ () ] ), Group( [ () ] ), Group( [ () ] ), 
  Group( [ ( 1,24,25)( 2, 5, 9)( 4,23,22)( 6,10,14)( 7,11,19)( 8,12,16)
        (13,20,15)(17,21,18), ( 1,22)( 2, 5)( 3, 9)( 4,24)( 8,20)(10,11)
        (12,15)(14,19), ( 1,25)( 2, 9)( 6,10)( 7,11)( 8,16)(13,20)(18,21)
        (22,23) ] ), 
  Group( [ ( 1,24)( 2, 5)( 4,22)( 7,11)( 9,13)(10,19)(14,20)(16,17), 
      ( 1,22)( 2, 5)( 3, 8)( 4,24)( 7,20)( 9,10)(11,14)(13,19) ] ), 
  Group( [ () ] ), 
  Group( [ ( 3, 4)( 5,27)( 6,11)( 8, 9)(14,17)(15,18)(16,23)(21,22), 
      ( 1, 7)( 2,27)( 3, 6)( 5,26)(10,14)(12,16)(13,23)(17,24)(19,20) ] ), 
  Group( [ ( 2,18)( 3, 6)( 4,10)( 5,23)( 7,26)( 8,28)(13,16)(15,27), 
      ( 2,13)( 3, 8)( 4,26)( 6,28)( 7,10)(14,22)(15,27)(16,18)(17,20), 
      ( 1, 2)( 3, 6)( 4,28)( 5,24)( 7,26)( 8,10)( 9,23)(11,18)(12,13)(14,20)
        (15,19)(16,25)(21,27), 
      ( 1,21,25, 9,11,19,12,24)( 2,27,16,23,18,15,13, 5)( 3,26, 6, 7)( 4,10)
        ( 8,28)(17,22) ] ), 
  Group( [ ( 1,24)( 2, 5)( 4,22)( 8,12)(10,14)(11,19)(15,20)(16,17), 
      ( 1,22)( 2, 5)( 3, 9)( 4,24)( 8,20)(10,11)(12,15)(14,19) ] ), 
  Group( [ () ] ), Group( [ () ] ), Group( [ () ] ), Group( [ () ] ), 
  Group( [ ( 2, 3)( 4, 5)( 6,13)( 8,10)( 9,18)(12,23)(16,24)(19,20) ] ), 
  Group( [ () ] ), Group( [ () ] ), "irrelevant", Group( [ () ] ), 
  Group( [ ( 1,17, 5,11)( 2, 7,24, 8)( 6,21)(10,18,19,25)(13,20,16,15)(14,23) 
     ] ), "irrelevant", 
  Group( [ ( 2, 4)( 3,10)( 6,25)( 7,13)( 8,26)( 9,19)(11,24)(12,17)(21,23), 
      ( 1,17)( 3,20)( 4,22)( 5, 6)( 7,15)( 9,27)(14,24)(16,26)(18,21) ] ), 
  "irrelevant", 
  Group( [ ( 2,10)( 3,23)( 4,13)( 5,18)( 7,16)( 8,25)(12,14)(19,20) ] ), 
  Group( [ ( 1,15)( 2,13,19, 3)( 4, 9,25,20)( 6, 8,24,27)(12,22,14,26)(17,21),
      ( 2, 9,26)( 3, 4,14)( 5,11,18)( 7,10,16)(12,13,25)(19,20,22), 
      ( 2,22)( 3,14)( 6,24)( 9,20)(10,16)(11,18)(12,13)(19,26) ] ), 
  Group( [ ( 2,10)( 3,23)( 4,14)( 5,19)( 7,17)( 8,25)(13,15)(20,21) ] ), 
  Group( [ ( 2,10)( 3,23)( 4,13)( 5,18)( 7,16)( 8,25)(12,14)(19,20) ] ), 
  Group( [ () ] ), 
  Group( [ ( 2,18)( 3,13)( 4,10)( 5,22)( 6, 9)( 8,20)(11,23)(19,24) ] ), 
  Group( [ () ] ), 
  Group( [ ( 1,18)( 2,25)( 3,19)( 5, 8)(11,14)(12,15)(16,23)(17,24) ] ), 
  Group( [ () ] ), Group( [ () ] ), 
  Group( [ ( 1,17)( 2,24)( 3,18)( 5, 8)(11,25)(12,14)(15,22)(16,23) ] ), 
  Group( [ () ] ), 
  Group( [ ( 1,23)( 2,24)( 3,22)( 4,25)( 5,12)( 7,14)(10,11)(16,18) ] ), 
  Group( [ ( 1,24, 8,18)( 3,11, 4,12)( 5, 7)( 9,17,19,10)(13,21)(14,22,25,16) 
     ] ), Group( [ ( 2,18)( 4, 5)( 7,17)( 9,14)(10,21)(11,20)(12,23)(19,24) 
     ] ), 
  Group( [ ( 1, 5,21, 9,22,20)( 2, 3, 6,25,10,11)( 4,24,14,17,16, 8)(12,15,19,
         18,23,13), ( 1,20)( 2,25)( 3, 6)( 4,24)( 5,22)( 8,14)( 9,21)(10,11)
        (12,13)(15,23)(16,17)(18,19) ] ), 
  Group( [ ( 2,18)( 4,25)( 5, 7)( 8,27)(10,11)(12,21)(13,14)(17,20)(19,23), 
      ( 1,27)( 2,22)( 3, 7)( 6,10)( 9,25)(12,26)(13,24)(15,17)(16,19) ] ), 
  Group( [ () ] ), 
  Group( [ ( 2,14)( 3, 9)( 4,23)( 5, 7)( 6,18)( 8,20)(11,24)(12,13) ] ), 
  Group( [ () ] ), 
  Group( [ ( 1, 3)( 6,15)( 7, 9)( 8,16)(11,14)(17,21)(18,20)(24,25) ] ), 
  Group( [ () ] ), 
  Group( [ ( 1,20)( 2,21)( 4,17)( 7,18)( 9,22)(14,23)(15,24)(19,25), 
      ( 1,15)( 2,25)( 3,16)( 7,14)( 9,22)(18,23)(19,21)(20,24) ] ), 
  Group( [ ( 3, 9)( 5,21)( 6,11)( 7,13)(10,12)(15,22)(18,20)(19,24), 
      ( 1,19)( 2,20)( 4,16)( 7,17)( 9,22)(13,23)(14,24)(18,25) ] ), 
  Group( [ ( 1,19)( 2,20)( 4,16)( 7,17)( 9,22)(13,23)(14,24)(18,25), 
      ( 1,14)( 2,25)( 3,15)( 7,13)( 9,22)(17,23)(18,20)(19,24) ] ), 
  Group( [ () ] ), Group( [ () ] ), 
  Group( [ ( 1, 3, 6)( 2, 4, 8)( 5,10, 9)( 7,18,24)(11,25,16)(12,17,19)
        (13,23,15)(14,20,21)(22,27,26), ( 1, 3)( 2, 4)( 9,10)(11,16)(12,19)
        (13,15)(14,21)(18,24)(26,27), 
      ( 1,25, 3,16, 6,11)( 2, 8, 4)( 5,14,10,20, 9,21)( 7,12,18,17,24,19)
        (13,27,23,26,15,22), ( 1,18)( 5,20)( 6, 7)(10,21)(15,27)(16,19)(17,25)
        (22,23) ] ), 
  Group( [ ( 1, 7)( 2, 8)( 5,18)(10,15)(11,22)(16,19)(20,23)(21,25) ] ), 
  Group( [ ( 1, 7)( 3, 9)( 6,11)( 8,18)(15,22)(16,24)(17,19)(20,21) ] ), 
  Group( [ () ] ), Group( [ () ] ), 
  Group( [ ( 1, 7)( 3,13)( 6,22)( 8,15)( 9,25)(10,14)(11,19)(16,21) ] ), 
  Group( 
    [ ( 1, 2,23)( 3,17,15)( 4,24, 8)( 5,11, 7)( 6,16,26)( 9,14,21)(10,12,25)
        (18,20,19)(22,27,28), ( 2,22,14)( 4, 8,24)( 6, 7,20)(10,25,12)
        (11,26,18)(21,27,23), ( 1, 2)( 5,11)( 8,24)( 9,14)(12,25)(15,17)
        (16,26)(18,19)(22,28), ( 1,10, 9,12)( 2,23,22,21)( 3,15)( 4, 5,24,16)
        ( 6,18, 7,26)( 8,19)(11,20)(13,17)(14,27)(25,28) ] ), 
  Group( [ ( 1, 3)( 5,18)( 7,13)( 9,16)(14,15)(17,19)(20,25)(21,22) ] ), 
  Group( [ ( 1,12)( 2,17)( 3,24)( 6,11)( 7,15)( 8,19)( 9,21)(13,22) ] ), 
  Group( [ () ] ), 
  Group( [ ( 3,23)( 4, 5)( 7, 8)( 9,14)(11,16)(13,19)(15,18)(20,25) ] ), 
  Group( [ () ] ), 
  Group( [ ( 2,18, 7)( 3, 4,22)( 5,24, 6)( 9,13,25)(12,23,15)(14,20,17), 
      ( 2,18)( 3, 4)( 5,13)( 6,25)( 9,24)(12,20)(14,23)(15,17) ] ), 
  Group( [ ( 1, 6)( 2, 5)( 4,25)(10,14)(12,16)(13,22)(17,23)(19,20) ] ), 
  Group( [ ( 2,24)( 3,12)( 6, 7)( 8,10)( 9,23)(11,15)(13,18)(20,21) ] ), 
  Group( [ ( 1, 7)( 3, 9)( 5,14)( 8,15)(10,22)(11,25)(16,20)(17,21) ] ), 
  Group( [ ( 1,10,12)( 3, 8,16)( 4,23,18)( 6,25, 7)( 9,15,11)(17,22,19), 
      ( 1,25)( 3,16)( 4, 9)( 6,10)( 7,12)(11,23)(15,18)(19,22) ] ), 
  Group( [ ( 1, 2,17)( 3,22,16)( 4,14,10)( 5,12,15)( 7,25,11)(18,24,23), 
      ( 1,18)( 2,23)( 3,16)( 4,11)( 5,15)( 7,10)(14,25)(17,24) ] ), 
  Group( [ ( 1,21,15)( 2,22,14)( 5,25, 9)( 6,10,20)( 8,12,13)(18,24,23), 
      ( 1,15)( 2,14)( 4, 7)( 5,25)( 8,24)(10,20)(12,18)(13,23) ] ), 
  Group( [ ( 1,22)( 2, 7)( 3,12)( 4,17)( 5,24)( 6,19)( 8,16)( 9,10)(11,13)
        (14,21)(15,18)(20,25), ( 1, 6)( 2, 7)( 4,17)( 9,14)(10,21)(15,18)
        (19,22)(20,25) ] ), 
  Group( [ ( 1, 7, 9)( 2, 8,23)( 3,15,18)( 4,25,20)( 5,12,17)( 6,11,21)
        (10,16,14)(19,22,24), ( 1, 9)( 2,23)( 3,15)( 4,25)( 6,11)(12,17)
        (14,16)(19,24) ] ), 
  Group( [ ( 1,11,22)( 2, 4, 8)( 5,17, 9)( 7,19,21)(12,20,25)(15,24,18), 
      ( 1, 7)( 2, 8)( 5,17)(10,14)(11,21)(15,18)(19,22)(20,25) ] ), 
  Group( [ ( 3,16)( 6,10)( 7,20)( 8,24)(11,25)(14,27)(15,23)(22,26), 
      ( 3,27)( 4,23)( 6,14)( 9,18)(10,11)(12,17)(13,15)(16,25)(20,22), 
      ( 3,20)( 5,18)( 6,22)( 7,16)( 8,23)(10,26)(12,17)(14,27)(15,24), 
      ( 1, 3,25,21, 6,11)( 2,15, 4)( 7,26)( 9,19,18)(10,27,17,16,14,12)
        (13,28,23)(20,22), () ] ), 
  Group( [ ( 1,13,10,14)( 2, 7)( 5,24, 9, 6)(11,22,19,16)(12,25,23,15)(17,18),
      ( 1,13,11)( 3,21, 4)( 6,15,12)( 7,18,17)(10,14,19)(23,24,25), 
      ( 1,11)( 3, 4)( 5, 9)( 6,15)( 7,18)(10,19)(16,22)(24,25) ] ), 
  Group( [ ( 3,12)( 5,24)( 6, 9)( 7,14)( 8,20)(13,15)(16,22)(19,25)(26,27), 
      ( 2,12, 3)( 5,24,23)( 6,13,16)( 7,26,25)( 8,20,28)( 9,22,15)(14,19,27), 
      ( 2, 8)( 4,24)( 6,27)( 7, 9)(12,28)(13,19)(14,26)(15,16)(22,25), 
      ( 2, 9, 6)( 3,15,16)( 7, 8,27)(12,22,13)(14,26,20)(19,25,28), 
      ( 2, 9)( 7, 8)(10,11)(12,13)(14,26)(15,16)(19,28)(21,29), 
      ( 1, 2)( 3, 8,16,27)( 6,10, 9,11)( 7,15)(12,26,22,20)(13,14)(17,28)
        (19,29,25,21), () ] ), 
  Group( [ ( 1,21)( 5,22)( 7,17)( 8,14)( 9,19)(10,12)(11,25)(15,24), 
      ( 1, 9, 8)( 2,10,12)( 4,15,24)( 7,16,17)(11,13,25)(14,19,21), (), 
      ( 1,21)( 2,16)( 7,19)( 8,12)( 9,17)(10,14)(11,25)(13,23) ] ), 
  Group( [ ( 2, 4)( 6,13)( 7,20)( 8,15)( 9,21)(10,12)(11,22)(19,23), 
      ( 2,22,13, 8)( 4,15, 6,11)( 7,20, 9,21)(10,23,19,12)(14,24)(16,18), 
      ( 2,22, 7)( 3,24,14)( 4,15, 9)( 6, 8,20)(11,21,13)(12,23,19), 
      ( 1, 2,22, 6,13,18,11,21, 8,15,16, 9, 4,20, 7)( 3,24,14)(10,12,25,23,19)
        , () ] ), 
  Group( [ ( 1,20)( 2,16)( 7,19)( 8,12)( 9,17)(10,14)(11,25)(13,23), 
      ( 2,16)( 3,18)( 4,21)( 5,15)( 8,12)(10,14)(13,23)(22,24), 
      ( 2,16)( 5,22)( 7, 9)( 8,10)(12,14)(13,23)(15,24)(17,19), (), 
      ( 1, 9,19,20,17, 7)( 2,10,12)( 3,18)( 4,22,15,21,24, 5)( 8,16,14)(11,25)
        , ( 1, 7,10,16,19, 9, 2, 8,17,20,12,14)( 3,18)( 4,21,24,22,15, 5)
        (11,23,13,25) ] ), 
  Group( [ ( 2,16)( 5,25)( 6, 8)( 7, 9)(12,14)(13,26)(15,27)(17,19)(20,30), 
      ( 2, 3,16)( 5,14, 9)( 6, 8,28)( 7,12,25)(10,17,19)(13,26,22)(20,24,30), 
      ( 1,23)( 2, 3)( 5, 9)( 6,17)( 8,10)(11,29)(12,25)(19,28)(20,24)(22,26), 
      ( 1,24,23,30)( 2,12)( 3, 6,16,10)( 5,28,14,17)( 7,19,25, 8)(11,13,29,22)
        (18,27), (), ( 1,23)( 2,24)( 3,20)( 4,16)( 5, 9)( 6,17)( 7,27)( 8,19)
        (10,28)(11,29)(12,25)(13,21)(14,15)(18,30)(22,26) ] ), 
  Group( [ ( 3,13)( 5, 9)( 6,12)( 7,23)( 8,17)(14,21)(15,24)(16,18), 
      ( 2,10)( 4,19)( 5,21)( 7,23)( 8,15)( 9,14)(16,18)(17,24), 
      ( 2,15)( 5,21)( 7, 9)( 8,10)(11,13)(12,22)(14,23)(16,18), 
      ( 2,15)( 3,17)( 4,20)( 5,14)( 8,11)(10,13)(12,22)(21,23), (), 
      ( 1,16,18)( 3,17,24)( 4, 9, 5)( 7,20,23)( 8,13,15)(14,19,21), 
      ( 1,11)( 2,16)( 4, 7)( 9,14)(10,18)(17,24)(19,23)(22,25) ] ), 
  Group( [ ( 1,24)( 2,19)( 3,14)( 4,16)( 7,23)(13,17)(15,18)(20,25), 
      ( 2,22)( 4, 5)( 8,24)( 9,14)(10,20)(11,15)(12,23)(13,21) ] ), 
  Group( [ ( 1, 6)( 3,16)( 5,21)( 7,14)( 8,17)( 9,15)(10,20)(13,22), 
      ( 1,11)( 2, 9)( 5, 8)( 6,23)(12,25)(13,24)(15,18)(19,22) ] ), 
  Group( [ ( 1,25, 2,20)( 3,15)( 5,10,22,13)( 6,16, 7,14)( 8,21)( 9,24)
        (11,12,17,23)(18,19), ( 3,15,21)( 5,10, 6)( 7,22,13)( 9,19,18)
        (11,12,20)(17,23,25), ( 1, 2)( 3,21)( 5, 6)( 7,22)( 9,19)(11,20)
        (14,16)(17,25) ] ), 
  Group( [ ( 1, 6)( 2,15)( 4,20)( 5,19)( 7,23)( 8,11)( 9,22)(10,17)(12,14)
        (13,25)(16,21)(18,24), ( 1, 6,25)( 5,19, 8)( 7, 9,23)(10,18,24)
        (12,15,14)(16,20,21), ( 1, 4)( 2,14)( 5,11)( 6,16)(13,21)(17,18)
        (20,25)(22,23) ] ), 
  Group( [ ( 1,16, 8,21)( 2, 5,24,18)( 3,23, 9,13)( 4,11, 6,22)(10,12,25,19)
        (14,15,17,20), ( 1,10,16)( 3,13,22)( 5,14,20)( 8,25,21)( 9,23,11)
        (15,18,17) ] ), 
  Group( [ ( 1,10, 9,19)( 2,23, 4,15)( 3,11,20,16)( 6,13,17,25)(12,18)(14,22),
      ( 1,11,10)( 2,15, 6)( 4,23,17)( 5,24, 8)( 9,16,19)(12,18,22), 
      ( 1, 3)( 5, 8)( 6,17)( 9,20)(11,16)(13,23)(14,18)(15,25) ] ), 
  Group( [ ( 1,13)( 3,20)( 4, 7)( 5,23)( 6, 8)( 9,18)(10,21)(14,19), 
      ( 2,17)( 5,14)( 6, 7)( 9,10)(13,20)(16,22)(18,23)(19,21), 
      ( 1,13)( 2,17)( 4,21)( 5, 8)( 6,23)( 7,10)( 9,18)(22,24), 
      ( 2,17)( 3,20,13)( 4,23, 9, 8,10,18)( 5,14, 7,21,19, 6)(12,25)(16,24,22)
        , ( 1,18, 4,14,10)( 2,17,24,22,16)( 3, 8, 7,21, 6)( 5,23, 9,20,13), 
      ( 1, 6,23, 3,19,13)( 2,16)( 5, 7,20,10,18,21)( 8, 9,14)(15,25)(17,24,22)
        , (), ( 2,19, 3,21,17, 4)( 5, 8,14)( 6, 7,24)( 9,23,18,10,16,22)
        (13,20)(15,25) ] ), 
  Group( [ ( 1,48)( 2,47)( 3,46)( 4,45)( 5,44)( 6,43)( 7,42)( 8,41)( 9,40)
        (10,39)(11,38)(12,37)(13,36)(14,35)(15,34)(16,33)(17,32)(18,31)(19,30)
        (20,29)(21,28)(22,27)(23,26)(24,25), 
      ( 2,26)( 3,45)( 4,46)( 5,40)( 6,20)( 8,22)( 9,44)(10,25)(11,31)(13,33)
        (16,36)(18,38)(23,47)(24,39)(27,41)(29,43), 
      ( 2,47)( 5,44)( 6,43)( 8,41)( 9,40)(20,29)(22,27)(23,26), 
      ( 2,40)( 3,38)( 4,31)( 5,26)( 6, 8)( 9,47)(10,33)(11,46)(13,25)(16,39)
        (18,45)(20,22)(23,44)(24,36)(27,29)(41,43), 
      ( 2,23)( 3,45)( 4,46)( 5, 9)( 6,20)( 8,22)(10,24)(11,31)(13,16)(18,38)
        (25,39)(26,47)(27,41)(29,43)(33,36)(40,44), 
      ( 2,43)( 3,25)( 4,10)( 5,22)( 6,47)( 8, 9)(11,36)(13,38)(16,18)(20,26)
        (23,29)(24,46)(27,44)(31,33)(39,45)(40,41), 
      ( 2,46)( 3,47)( 4,23)( 5,31)( 6,25)( 8,36)( 9,11)(10,29)(13,41)(16,27)
        (18,44)(20,39)(22,33)(24,43)(26,45)(38,40), 
      ( 2,43,47, 6)( 3,24,46,25)( 4,10,45,39)( 5,22,44,27)( 8, 9,41,40)
        (11,36,38,13)(16,18,33,31)(20,26,29,23), 
      ( 2, 5,47,44)( 3,18,46,31)( 4,11,45,38)( 6,27,43,22)( 8,20,41,29)
        ( 9,26,40,23)(10,36,39,13)(16,24,33,25), 
      ( 2,47)( 3, 6,24,46,43,25)( 4,40,18,45, 9,31)( 5,10,13,44,39,36)
        ( 8,27,23,41,22,26)(11,16,29,38,33,20)(15,17,19)(30,34,32), 
      ( 2,24, 6)( 4,13,33)( 5,23,38)( 8,31,20)( 9,22,39)(10,40,27)(11,44,26)
        (15,32,19)(16,45,36)(17,30,34)(18,29,41)(25,43,47), 
      ( 2,44,10,14,13)( 3,26,40,18,17)( 4,41,20,38,34)( 5,39,35,36,47)
        ( 6,24,19,33,22)( 8,29,11,15,45)( 9,31,32,46,23)(16,27,43,25,30), 
      ( 2,20,17,39, 3)( 4,38,33, 6,18,45,11,16,43,31)( 5,44)( 8,22,14,34, 9,
         41,27,35,15,40)(10,46,47,29,32)(13,19,26,25,21,36,30,23,24,28), 
      ( 2, 8,44,24,33,38,45)( 3,30, 9,35,15,26,18)( 4,47,41, 5,25,16,11)
        ( 6,22,17,39,28, 7,13)(10,21,42,36,43,27,32)(14,34,23,31,46,19,40), 
      ( 2,22,20, 4,43,33)( 3,30, 9,46,19,40)( 5,28,13,38,32,10,44,21,36,11,17,
         39)( 6,16,47,27,29,45)( 7,12)( 8,24,41,25)(14,34,23)(15,26,35)(18,31)
        (37,42), ( 1, 7,45,43,17,23,24)( 3,19, 5,35,16,31,20)( 4, 6,32,26,25,
         48,42)( 8,39,15,40,22,13,21)( 9,27,36,28,41,10,34)(14,33,18,29,46,30,
         44) ] ), 
  Group( [ ( 1,14)( 2, 3)( 5, 7)( 6,21)( 8,16)( 9,10)(15,22)(18,23), 
      ( 1, 4,14)( 2, 3,24)( 6,21,20)( 8,15,23)( 9,10,17)(16,18,22), 
      ( 1,16,15)( 2,24, 3)( 4,18,23)( 5,19, 7)( 6,21,20)( 8,14,22), 
      ( 1,22,18,14)( 2,10,24,17)( 3, 9)( 4,23,16,15)( 5,20)( 6,19,21, 7), 
      ( 1,20)( 3,17)( 5,16)( 6,19)( 7,22)( 8,15)( 9,11)(18,23), (), 
      ( 1,10,14,11, 4, 9,20, 3,21, 2,19,24, 6,17)( 5,23,16, 8, 7,18,22)
        (13,25) ] ), 
  Group( [ ( 1, 3,21)( 4,18,15)( 8, 9,24)(10,12,22)(11,20,25)(16,17,23), 
      ( 1,21, 3)( 2,18,15)( 8,10,23)( 9,17,25)(11,16,22)(12,24,20), 
      ( 2,21)( 3,15)( 7, 8)( 9,16)(10,24)(12,19)(20,23)(22,25), 
      ( 1, 3)( 2, 4)( 6, 7)( 9,10)(12,17)(16,20)(22,25)(23,24), 
      ( 2,15)( 3,21)( 5, 6)( 9,16)(10,23)(11,17)(20,24)(22,25), (), 
      ( 1,21, 2, 5)( 3,15, 7, 4,22,25, 8, 6)( 9,11)(10,24,17,23,12,19,18,20) 
     ] ), Group( [ ( 3,18)( 4, 9)( 5,16)(10,17)(11,24)(12,15)(13,20)(21,22), 
      ( 3,20)( 4,10)( 5,11)( 9,17)(12,21)(13,18)(15,22)(16,24), 
      ( 3,13)( 5,16)( 6, 7)(11,24)(12,21)(15,22)(18,20)(19,25), 
      ( 4,10)( 5,16)( 6,25)( 7,19)( 9,17)(11,24)(12,22)(15,21), 
      ( 3,15, 7)( 4,10,17)( 6,18,12)(11,24,16)(13,21,19)(20,22,25), 
      ( 3, 9,12)( 4,21,13)( 5,24,11)( 6, 7,19)(10,15,20)(17,22,18), 
      ( 3, 4, 7,11,21)( 5,15,13,10, 6)( 9,19,24,12,20)(16,22,18,17,25), 
      ( 2,18, 5,22,10)( 3,25,17,13, 4)( 6,11, 9,20,15)( 7,12,21,16,24), 
      ( 2, 4,12,22)( 3, 7,15,11)( 5,17,21, 6)(10,20)(16,24)(18,19,25,23), 
      ( 2, 3,11,22, 9,21, 6,17,15,23, 4)( 5, 7, 8,18,12,19,24,20,13,25,16), 
      ( 1,18, 6,17,15,25,24,22,11,20,19,16, 5, 7, 8)( 2, 3, 9)
        ( 4,21,12,13,23) ] ), 
  Group( [ ( 2,12)( 7,24)( 8,11)( 9,20)(10,15)(13,23)(14,17)(16,21), 
      ( 2,12)( 3, 6)( 7,11)( 8,24)( 9,20)(14,16)(17,21)(18,19), 
      ( 2,25)( 3, 7)( 6,16)( 8,10)( 9,20)(11,14)(15,17)(18,23), 
      ( 1, 3)( 2,12)( 8,10)( 9,14)(11,15)(16,21)(17,20)(18,22), (), 
      ( 2,15, 3)( 5,23,18)( 6,16,21)( 7,17,25)( 8,10,24)(11,14,12) ] ), 
  Group( 
    [ ( 1,18,17,22,14, 7)( 2, 3,11,12,10,15)( 4,20,19,21, 8,16)( 6,23,24,25,
         13, 9), ( 1, 6,18,24,17,22,25,14, 9, 7)( 2,21,11, 8,16,12, 4,15,20,19
         )( 3,10)(13,23), ( 1,17,24,23)( 3,19, 8,11)( 4,21)( 7, 9,13,22)
        (10,16,20,15)(14,18) ] ), 
  Group( [ ( 1,16)( 6,22)( 7,23)( 8, 9)(10,18)(12,19)(13,14)(20,24), 
      ( 4,19)( 5,16)( 6,22)( 7,24)( 8,20)( 9,23)(10,17)(14,21), 
      ( 2,12)( 5,16)( 6,22)( 7,20)( 8,24)( 9,23)(13,25)(15,18), (), 
      ( 1, 5)( 4,21)( 6, 7)( 8,22)( 9,20)(11,16)(12,13)(23,24), 
      ( 4,21)( 5,18)( 6,14)( 9,23)(10,11)(12,24)(13,20)(19,22) ] ), 
  Group( [ ( 4,13)( 7,15)( 8,16)( 9,10)(11,17)(12,20)(14,24)(18,25), 
      ( 4,13,21)( 5, 8,16)( 7, 9,11)(10,15,17)(12,24,18)(14,20,25), 
      ( 4,10)( 5,12)( 8,18)( 9,11)(13,17)(14,25)(15,21)(16,24), 
      ( 3, 4)( 7,14)( 8,19)( 9,17)(10,12)(11,20)(15,18)(24,25), 
      ( 2, 3)( 4,13)( 7, 9)( 8,16)(10,15)(12,18)(19,22)(20,25), 
      ( 1, 2)( 4,13)( 8,16)( 9,11)(10,17)(14,25)(18,24)(22,23), () ] ), 
  Group( [ ( 1,10)( 2,24)( 3,18)( 4,19)( 6,17)( 7,23)( 8,15)(12,14), 
      ( 1, 3)( 2,14)( 4, 7)( 6,15)( 8,17)(10,18)(12,24)(19,23), 
      ( 2,14)( 4,23)( 6,17)( 7,19)( 8,15)(11,22)(12,24)(20,25), 
      ( 2,24)( 4, 7)( 6, 8)(11,25)(12,14)(15,17)(19,23)(20,22), 
      ( 1, 2,23)( 3,12, 7)( 4,10,14)( 6,17, 8)(11,20,25)(18,24,19), 
      ( 1,11, 4)( 2,24,12)( 3,25, 7)( 6,17,15)(10,20,19)(18,22,23), 
      ( 1, 4,12,20,15)( 2,11,17, 3, 7)( 6,10,19,24,25)( 8,18,23,14,22), 
      ( 1,22,20, 3, 4)( 2, 9,12,24,14)( 6,10,18,17,19)( 8,15,11,23,25), 
      ( 1,18,24,14,20,11, 9)( 2,22,17, 3,15, 4, 6)( 8,19,25,23,21,12,10), 
      ( 1, 9, 3, 6,18, 8,17, 7,25, 2,21)( 4,23,15,20,19,10,14,11,13,12,22), 
      ( 1,21)( 2, 9, 3,22, 4,10,24,14, 8,17,18,11)( 6, 7,25,13,16,12)
        (15,20,19,23) ] ) ];
