return 
[ [ 1, 2, 3, 5, 6, 7, 8, 9, 10, 11, 12, 13, 14, 15, 16, 18, 20, 21, 22, 23, 
      27, 31 ], 
  [ 1, 2, 3, 5, 6, 7, 8, 9, 11, 13, 14, 15, 16, 17, 18, 19, 20, 21, 22, 23, 
      27, 31 ], 
  [ 1, 2, 4, 5, 6, 7, 8, 9, 10, 11, 12, 13, 14, 15, 16, 17, 20, 21, 23, 24, 
      27, 31 ], 
  [ 1, 2, 4, 5, 6, 7, 8, 9, 10, 11, 12, 13, 14, 15, 16, 18, 20, 21, 23, 24, 
      27, 31 ], 
  [ 1, 2, 3, 5, 6, 7, 8, 9, 10, 11, 12, 13, 14, 16, 17, 18, 20, 21, 23, 24, 
      27, 31 ], 
  [ 1, 2, 4, 5, 6, 7, 8, 9, 11, 12, 13, 14, 15, 16, 17, 18, 20, 21, 23, 24, 
      27, 31 ], 
  [ 1, 2, 4, 5, 6, 7, 8, 10, 11, 12, 13, 14, 15, 16, 17, 18, 20, 21, 23, 24, 
      27, 31 ], 
  [ 1, 2, 4, 5, 6, 7, 8, 9, 10, 11, 12, 13, 14, 15, 16, 17, 18, 20, 21, 23, 
      24, 27 ], 
  [ 1, 2, 4, 5, 6, 7, 8, 9, 10, 12, 13, 14, 15, 16, 17, 18, 19, 20, 21, 23, 
      24, 27 ], 
  [ 1, 2, 4, 5, 6, 7, 9, 10, 11, 12, 13, 14, 15, 16, 17, 18, 19, 20, 21, 23, 
      24, 27 ], 
  [ 1, 2, 3, 5, 6, 7, 8, 9, 10, 11, 12, 13, 14, 15, 16, 17, 21, 22, 23, 24, 
      27, 31 ], 
  [ 1, 3, 4, 5, 6, 7, 8, 9, 10, 11, 12, 13, 14, 15, 16, 17, 21, 22, 23, 24, 
      27, 31 ], 
  [ 1, 2, 3, 5, 6, 7, 8, 9, 10, 11, 12, 14, 15, 16, 17, 18, 21, 22, 23, 24, 
      27, 31 ], 
  [ 1, 2, 4, 5, 6, 7, 8, 9, 10, 11, 12, 14, 15, 17, 18, 19, 20, 21, 22, 23, 
      24, 27 ], 
  [ 1, 2, 4, 5, 6, 7, 8, 9, 10, 11, 12, 15, 16, 17, 18, 19, 20, 21, 22, 23, 
      24, 27 ], 
  [ 1, 2, 4, 5, 6, 8, 9, 10, 11, 12, 13, 15, 16, 17, 18, 19, 20, 21, 22, 23, 
      24, 27 ], 
  [ 1, 2, 4, 5, 6, 7, 9, 10, 11, 12, 14, 15, 16, 17, 18, 19, 20, 21, 22, 23, 
      24, 27 ], 
  [ 1, 2, 3, 5, 6, 7, 8, 9, 11, 13, 14, 15, 16, 17, 18, 19, 20, 22, 23, 25, 
      27, 31 ], 
  [ 1, 3, 5, 6, 7, 8, 10, 11, 12, 13, 14, 15, 16, 17, 18, 20, 21, 22, 23, 25, 
      27, 31 ], 
  [ 1, 4, 5, 6, 7, 8, 10, 11, 12, 13, 14, 15, 16, 17, 18, 20, 21, 22, 23, 25, 
      27, 31 ], 
  [ 1, 2, 3, 5, 6, 7, 8, 9, 11, 13, 15, 16, 17, 18, 19, 20, 21, 22, 23, 25, 
      27, 31 ], 
  [ 1, 2, 3, 4, 5, 6, 7, 8, 9, 11, 13, 14, 15, 16, 17, 18, 19, 23, 24, 25, 
      27, 31 ], 
  [ 1, 2, 4, 5, 6, 7, 8, 9, 11, 12, 13, 14, 15, 16, 17, 18, 20, 23, 24, 25, 
      27, 31 ], 
  [ 1, 2, 4, 5, 6, 7, 8, 10, 11, 12, 13, 14, 15, 16, 17, 18, 20, 23, 24, 25, 
      27, 31 ], 
  [ 1, 3, 4, 5, 6, 7, 8, 9, 11, 12, 13, 14, 15, 16, 17, 18, 21, 23, 24, 25, 
      27, 31 ], 
  [ 1, 2, 4, 5, 6, 7, 8, 9, 11, 12, 13, 15, 16, 17, 18, 20, 21, 23, 24, 25, 
      27, 31 ], 
  [ 1, 2, 4, 5, 6, 7, 8, 9, 12, 13, 14, 15, 16, 17, 18, 20, 21, 23, 24, 25, 
      27, 31 ], 
  [ 1, 2, 4, 5, 6, 7, 9, 11, 12, 13, 14, 15, 16, 17, 18, 20, 21, 23, 24, 25, 
      27, 31 ], 
  [ 1, 2, 4, 5, 6, 7, 8, 9, 11, 13, 15, 16, 17, 18, 19, 20, 21, 23, 24, 25, 
      27, 31 ], 
  [ 1, 2, 4, 5, 6, 7, 9, 11, 13, 14, 15, 16, 17, 18, 19, 20, 21, 23, 24, 25, 
      27, 31 ], 
  [ 1, 2, 4, 5, 6, 9, 11, 12, 13, 14, 15, 16, 17, 18, 19, 20, 21, 23, 24, 25, 
      27, 31 ], 
  [ 1, 2, 3, 4, 5, 6, 7, 8, 9, 10, 11, 14, 15, 16, 17, 18, 19, 22, 23, 24, 
      25, 27 ], 
  [ 1, 2, 3, 5, 6, 7, 8, 9, 11, 13, 14, 15, 16, 17, 18, 19, 22, 23, 24, 25, 
      27, 31 ], 
  [ 1, 2, 4, 5, 6, 7, 8, 9, 11, 12, 14, 15, 16, 17, 18, 20, 22, 23, 24, 25, 
      27, 31 ], 
  [ 1, 2, 4, 5, 6, 7, 8, 10, 11, 12, 14, 15, 16, 17, 18, 20, 22, 23, 24, 25, 
      27, 31 ], 
  [ 1, 2, 4, 5, 6, 8, 9, 11, 12, 13, 14, 15, 16, 17, 18, 20, 22, 23, 24, 25, 
      27, 31 ], 
  [ 1, 2, 4, 5, 6, 8, 10, 11, 12, 13, 14, 15, 16, 17, 18, 20, 22, 23, 24, 25, 
      27, 31 ], 
  [ 1, 4, 5, 6, 7, 8, 10, 11, 12, 13, 14, 15, 16, 17, 18, 20, 22, 23, 24, 25, 
      27, 31 ], 
  [ 1, 2, 4, 5, 6, 8, 9, 10, 11, 12, 13, 14, 15, 16, 17, 19, 20, 22, 23, 24, 
      25, 27 ], 
  [ 1, 2, 4, 5, 6, 8, 9, 11, 12, 13, 14, 15, 16, 17, 18, 19, 20, 22, 23, 24, 
      25, 27 ], 
  [ 1, 2, 4, 5, 6, 8, 10, 11, 12, 13, 14, 15, 16, 17, 18, 19, 20, 22, 23, 24, 
      25, 27 ], 
  [ 1, 3, 4, 5, 6, 7, 8, 9, 11, 12, 13, 14, 15, 16, 17, 21, 22, 23, 24, 25, 
      27, 31 ], 
  [ 1, 3, 4, 5, 6, 7, 8, 9, 11, 12, 14, 15, 16, 17, 18, 21, 22, 23, 24, 25, 
      27, 31 ], 
  [ 1, 3, 4, 5, 6, 8, 9, 11, 12, 13, 14, 15, 16, 17, 18, 21, 22, 23, 24, 25, 
      27, 31 ], 
  [ 1, 2, 3, 5, 6, 7, 8, 9, 11, 12, 14, 15, 16, 17, 18, 20, 22, 23, 25, 26, 
      27, 31 ], 
  [ 1, 2, 4, 5, 6, 7, 8, 9, 11, 12, 14, 15, 16, 17, 18, 20, 22, 23, 25, 26, 
      27, 31 ], 
  [ 1, 2, 3, 5, 6, 8, 9, 11, 12, 13, 14, 15, 17, 18, 19, 20, 22, 23, 25, 26, 
      27, 31 ], 
  [ 1, 2, 3, 5, 6, 8, 9, 11, 12, 13, 15, 17, 18, 19, 20, 21, 22, 23, 25, 26, 
      27, 31 ], 
  [ 1, 3, 5, 6, 8, 9, 11, 12, 13, 14, 15, 17, 18, 19, 20, 21, 22, 23, 25, 26, 
      27, 31 ], 
  [ 1, 4, 5, 6, 8, 9, 11, 12, 13, 14, 15, 17, 18, 19, 20, 21, 22, 23, 25, 26, 
      27, 31 ], 
  [ 1, 3, 4, 5, 6, 9, 11, 12, 13, 14, 15, 16, 17, 18, 21, 22, 23, 24, 25, 26, 
      27, 31 ], 
  [ 1, 2, 4, 5, 6, 7, 8, 9, 10, 11, 12, 14, 15, 16, 17, 18, 20, 21, 22, 23, 
      24, 27, 31 ], 
  [ 1, 2, 3, 5, 6, 7, 8, 10, 11, 12, 13, 14, 15, 16, 17, 18, 20, 22, 23, 24, 
      25, 27, 31 ], 
  [ 1, 2, 4, 5, 6, 7, 8, 9, 11, 13, 14, 15, 16, 17, 18, 19, 20, 22, 23, 24, 
      25, 27, 31 ], 
  [ 1, 3, 4, 5, 6, 7, 8, 10, 11, 12, 13, 14, 15, 16, 17, 18, 21, 22, 23, 24, 
      25, 27, 31 ], 
  [ 1, 4, 5, 6, 7, 8, 9, 11, 12, 13, 14, 15, 16, 17, 18, 20, 21, 22, 23, 24, 
      25, 27, 31 ], 
  [ 1, 2, 3, 5, 6, 7, 8, 9, 11, 12, 13, 14, 15, 16, 17, 18, 20, 21, 22, 23, 
      24, 25, 27, 31 ], 
  [ 1, 3, 4, 5, 6, 7, 8, 9, 11, 13, 14, 15, 16, 17, 18, 19, 20, 21, 22, 23, 
      25, 26, 27, 31 ], 
  [ 1, 3, 4, 5, 6, 8, 9, 11, 12, 13, 14, 15, 17, 18, 19, 21, 22, 23, 24, 25, 
      26, 27, 28, 31 ], 
  [ 1, 2, 3, 5, 6, 7, 8, 9, 10, 11, 12, 13, 14, 15, 16, 17, 18, 19, 20, 21, 
      22, 23, 24, 25, 27 ], 
  [ 1, 3, 4, 5, 6, 7, 8, 9, 10, 11, 12, 13, 14, 16, 17, 18, 20, 21, 22, 23, 
      24, 25, 27, 28, 31 ], 
  [ 1, 2, 3, 4, 5, 6, 7, 8, 9, 10, 11, 12, 13, 14, 15, 16, 17, 18, 19, 20, 
      21, 22, 24, 26, 27, 29, 31 ], 
  [ 1, 2, 3, 4, 5, 6, 7, 8, 9, 10, 11, 12, 13, 14, 15, 16, 17, 18, 19, 20, 
      21, 22, 23, 24, 25, 26, 28, 29, 30, 31 ], 
  [ 1, 2, 3, 4, 5, 7, 8, 9, 10, 11, 12, 13, 14, 15, 16, 17, 18, 19, 20, 21, 
      22, 23, 24, 25, 26, 27, 28, 29, 30, 31 ] ];
