return 
[ [ 1, 2, 3, 4, 5, 6, 7, 8, 9, 10, 11, 12, 16, 31, 34, 35, 36, 37, 38, 40, 41 
     ], [ 1, 2, 3, 4, 5, 6, 8, 9, 11, 12, 13, 16, 31, 32, 34, 35, 36, 37, 38, 
      40, 41 ], 
  [ 2, 3, 4, 5, 6, 7, 8, 9, 11, 12, 13, 16, 31, 32, 33, 34, 35, 36, 38, 40, 
      41 ], 
  [ 2, 3, 4, 5, 6, 7, 8, 10, 11, 12, 14, 16, 31, 32, 33, 34, 35, 37, 38, 40, 
      42 ], [ 2, 3, 4, 5, 6, 7, 8, 9, 11, 12, 13, 15, 16, 31, 32, 33, 34, 35, 
      36, 38, 41 ], 
  [ 2, 3, 4, 5, 6, 7, 8, 10, 11, 13, 14, 15, 16, 31, 32, 33, 34, 38, 39, 40, 
      41 ], [ 2, 3, 5, 6, 7, 8, 10, 11, 12, 15, 17, 31, 32, 33, 34, 35, 38, 
      39, 40, 41, 42 ], 
  [ 2, 3, 5, 6, 7, 8, 9, 10, 11, 12, 15, 17, 31, 32, 33, 34, 38, 39, 40, 41, 
      42 ], [ 1, 2, 3, 4, 5, 6, 7, 8, 9, 11, 12, 16, 17, 32, 34, 35, 37, 38, 
      40, 41, 42 ], 
  [ 1, 2, 3, 5, 6, 7, 8, 11, 13, 14, 16, 17, 31, 32, 33, 34, 35, 38, 39, 40, 
      41 ], [ 2, 3, 5, 7, 8, 9, 11, 13, 15, 16, 17, 31, 32, 33, 34, 35, 38, 
      39, 40, 41, 42 ], 
  [ 2, 3, 5, 6, 7, 8, 11, 13, 14, 15, 16, 17, 31, 32, 33, 34, 35, 38, 39, 40, 
      41 ], [ 2, 3, 4, 5, 7, 8, 10, 11, 12, 16, 18, 31, 33, 34, 35, 36, 37, 
      38, 40, 41, 42 ], 
  [ 1, 3, 4, 5, 6, 7, 8, 10, 11, 12, 16, 18, 31, 33, 34, 35, 36, 37, 38, 40, 
      41 ], [ 1, 2, 3, 4, 5, 7, 8, 9, 10, 11, 12, 16, 18, 31, 35, 36, 37, 38, 
      40, 41, 42 ], 
  [ 4, 5, 6, 7, 8, 9, 10, 11, 12, 16, 18, 31, 32, 33, 34, 35, 36, 37, 40, 41, 
      42 ], [ 1, 2, 3, 4, 5, 6, 7, 8, 9, 10, 11, 12, 16, 18, 31, 34, 35, 36, 
      37, 40, 41 ], 
  [ 1, 2, 3, 4, 5, 6, 7, 8, 11, 12, 13, 16, 18, 31, 33, 34, 35, 36, 38, 40, 
      41 ], 
  [ 1, 3, 4, 5, 6, 8, 9, 11, 12, 13, 16, 18, 31, 32, 34, 35, 36, 37, 38, 40, 
      41 ], [ 1, 2, 3, 4, 5, 6, 8, 9, 11, 12, 13, 16, 18, 31, 32, 34, 35, 36, 
      37, 38, 40 ], 
  [ 1, 2, 3, 4, 5, 6, 7, 8, 9, 11, 12, 13, 16, 18, 31, 32, 34, 35, 36, 37, 38 
     ], [ 1, 2, 3, 4, 5, 7, 8, 10, 11, 12, 14, 16, 18, 31, 34, 35, 37, 38, 
      40, 41, 42 ], 
  [ 2, 3, 4, 5, 7, 8, 11, 12, 15, 16, 18, 31, 32, 33, 34, 35, 36, 37, 38, 41, 
      42 ], [ 2, 3, 4, 5, 7, 8, 10, 11, 12, 17, 18, 31, 32, 33, 34, 35, 37, 
      38, 40, 41, 42 ], 
  [ 1, 2, 3, 5, 6, 7, 8, 9, 10, 11, 12, 13, 17, 18, 31, 33, 34, 35, 36, 40, 
      41 ], [ 1, 2, 3, 4, 5, 6, 7, 8, 9, 10, 11, 16, 17, 18, 31, 34, 35, 36, 
      37, 40, 41 ], 
  [ 1, 2, 3, 4, 5, 7, 8, 9, 11, 12, 16, 17, 18, 32, 34, 35, 37, 38, 40, 41, 
      42 ], [ 4, 5, 6, 7, 8, 9, 10, 11, 12, 16, 17, 18, 32, 33, 34, 35, 36, 
      37, 40, 41, 42 ], 
  [ 1, 2, 3, 5, 6, 7, 8, 9, 10, 11, 13, 16, 17, 18, 31, 33, 34, 35, 36, 40, 
      41 ], [ 1, 2, 3, 4, 5, 6, 7, 8, 9, 10, 11, 13, 16, 17, 18, 31, 34, 35, 
      36, 40, 41 ], 
  [ 1, 2, 3, 4, 5, 7, 8, 11, 13, 14, 16, 17, 18, 32, 33, 34, 35, 38, 40, 41, 
      42 ], [ 2, 3, 5, 6, 7, 8, 10, 11, 12, 14, 15, 17, 20, 31, 32, 33, 34, 
      35, 37, 38, 42 ], 
  [ 2, 3, 4, 5, 6, 7, 8, 10, 11, 13, 14, 15, 17, 21, 31, 32, 33, 34, 38, 40, 
      41 ], [ 1, 4, 5, 9, 10, 12, 18, 19, 20, 21, 22, 25, 26, 27, 28, 29, 36, 
      37, 40, 41, 42 ], 
  [ 1, 2, 3, 4, 5, 6, 7, 8, 9, 10, 11, 12, 16, 17, 34, 35, 36, 37, 38, 40, 
      41, 42 ], 
  [ 1, 2, 3, 4, 5, 6, 7, 8, 9, 11, 12, 16, 18, 31, 32, 34, 35, 36, 37, 38, 
      40, 41 ], 
  [ 1, 2, 3, 4, 5, 6, 7, 8, 9, 11, 12, 13, 16, 18, 31, 32, 34, 35, 36, 38, 
      40, 41 ], 
  [ 1, 2, 3, 4, 5, 6, 7, 8, 9, 10, 11, 12, 16, 17, 18, 32, 33, 34, 35, 40, 
      41, 42 ], 
  [ 1, 2, 3, 4, 5, 6, 7, 8, 11, 12, 13, 16, 17, 18, 32, 33, 34, 35, 36, 38, 
      40, 41 ], 
  [ 2, 3, 4, 5, 6, 7, 8, 10, 11, 12, 14, 15, 16, 20, 31, 32, 33, 34, 35, 37, 
      38, 42 ], 
  [ 1, 2, 3, 4, 5, 6, 7, 8, 11, 13, 14, 15, 16, 17, 32, 33, 34, 35, 38, 39, 
      40, 41, 42 ], 
  [ 1, 2, 3, 4, 5, 6, 7, 8, 9, 11, 13, 16, 17, 18, 31, 32, 34, 35, 36, 37, 
      38, 40, 41 ], 
  [ 1, 2, 3, 4, 5, 7, 8, 9, 11, 12, 13, 16, 17, 18, 19, 32, 33, 34, 35, 36, 
      38, 40, 41, 42 ], 
  [ 1, 2, 3, 5, 6, 7, 9, 10, 13, 15, 16, 17, 19, 20, 21, 22, 25, 31, 34, 36, 
      38, 39, 40, 41 ], 
  [ 1, 2, 3, 5, 6, 7, 8, 11, 13, 14, 15, 16, 17, 20, 23, 24, 28, 31, 32, 33, 
      34, 35, 38, 39, 41 ], 
  [ 1, 2, 3, 5, 6, 7, 8, 9, 10, 11, 14, 15, 16, 17, 20, 21, 31, 32, 34, 35, 
      37, 38, 39, 40, 41, 42 ], 
  [ 1, 2, 3, 4, 5, 6, 7, 8, 9, 10, 11, 12, 14, 15, 16, 20, 21, 22, 25, 28, 
      31, 32, 34, 35, 37, 38, 39, 40, 41, 42 ] ];
