return 
[ [ 1, 2, 3, 4, 5, 6, 7, 8, 9, 10, 13, 14, 16, 17, 18, 19, 20, 21, 23, 24, 29 
     ], [ 1, 3, 4, 6, 8, 9, 10, 11, 13, 14, 15, 16, 17, 18, 19, 20, 21, 22, 
      23, 24, 29 ], 
  [ 1, 2, 3, 4, 6, 8, 9, 10, 11, 12, 14, 15, 16, 17, 18, 19, 20, 22, 23, 25, 
      29 ], [ 1, 2, 4, 5, 6, 7, 8, 9, 10, 12, 13, 14, 16, 17, 18, 19, 21, 22, 
      23, 25, 29 ], 
  [ 1, 2, 3, 4, 6, 7, 8, 9, 10, 11, 12, 14, 16, 18, 19, 20, 21, 22, 23, 25, 
      29 ], [ 1, 2, 4, 6, 8, 9, 10, 11, 12, 13, 14, 16, 17, 18, 19, 20, 21, 
      22, 23, 25, 29 ], 
  [ 1, 2, 3, 4, 8, 10, 11, 12, 13, 14, 15, 16, 17, 18, 19, 20, 21, 22, 23, 
      25, 29 ], 
  [ 1, 4, 6, 8, 9, 10, 11, 12, 13, 14, 15, 16, 17, 18, 19, 20, 21, 22, 23, 
      25, 29 ], 
  [ 1, 2, 3, 4, 5, 6, 7, 8, 9, 10, 13, 14, 15, 16, 17, 18, 19, 20, 24, 25, 29 
     ], [ 1, 2, 3, 4, 6, 7, 8, 9, 10, 11, 13, 14, 15, 16, 17, 18, 20, 21, 24, 
      25, 29 ], 
  [ 1, 2, 4, 5, 6, 7, 8, 9, 10, 12, 13, 14, 15, 16, 17, 18, 19, 22, 24, 25, 
      29 ], [ 1, 2, 3, 5, 6, 7, 8, 9, 10, 11, 14, 15, 16, 17, 18, 19, 20, 22, 
      24, 25, 29 ], 
  [ 1, 2, 4, 5, 6, 7, 8, 9, 10, 12, 13, 14, 16, 17, 18, 19, 21, 22, 24, 25, 
      29 ], 
  [ 1, 2, 5, 6, 7, 8, 9, 10, 11, 12, 13, 14, 16, 17, 18, 19, 21, 22, 24, 25, 
      29 ], 
  [ 1, 4, 5, 6, 7, 8, 9, 10, 12, 13, 14, 15, 16, 17, 18, 19, 21, 22, 24, 25, 
      29 ], [ 1, 2, 3, 4, 6, 7, 8, 9, 10, 11, 14, 15, 16, 17, 18, 20, 21, 22, 
      24, 25, 29 ], 
  [ 1, 2, 3, 5, 7, 8, 9, 10, 11, 13, 14, 15, 17, 18, 19, 20, 21, 22, 24, 25, 
      29 ], 
  [ 1, 2, 5, 6, 7, 8, 9, 10, 11, 13, 14, 16, 17, 18, 19, 20, 21, 22, 24, 25, 
      29 ], [ 1, 2, 3, 4, 6, 7, 8, 9, 10, 14, 15, 16, 17, 18, 19, 20, 21, 22, 
      24, 25, 29 ], 
  [ 1, 2, 3, 4, 6, 8, 9, 10, 11, 14, 15, 16, 17, 18, 19, 20, 21, 22, 24, 25, 
      29 ], [ 1, 2, 3, 4, 5, 6, 7, 8, 9, 10, 12, 14, 15, 16, 17, 19, 22, 23, 
      24, 25, 29 ], 
  [ 1, 2, 3, 4, 5, 6, 7, 8, 9, 10, 14, 16, 17, 18, 19, 20, 22, 23, 24, 25, 29 
     ], [ 1, 2, 4, 5, 6, 7, 8, 9, 10, 13, 14, 16, 17, 18, 19, 20, 22, 23, 24, 
      25, 29 ], 
  [ 1, 2, 4, 5, 6, 7, 8, 9, 10, 12, 13, 14, 16, 17, 19, 21, 22, 23, 24, 25, 
      29 ], [ 1, 2, 3, 4, 5, 6, 7, 8, 9, 10, 14, 16, 17, 18, 19, 21, 22, 23, 
      24, 25, 29 ], 
  [ 1, 2, 4, 5, 6, 7, 8, 9, 10, 13, 14, 16, 17, 18, 19, 21, 22, 23, 24, 25, 
      29 ], 
  [ 1, 2, 5, 6, 7, 8, 9, 10, 11, 12, 13, 14, 17, 19, 20, 21, 22, 23, 24, 25, 
      29 ], [ 1, 4, 6, 7, 8, 9, 10, 12, 13, 14, 15, 16, 17, 19, 20, 21, 22, 
      23, 24, 25, 29 ], 
  [ 1, 2, 4, 6, 8, 10, 11, 12, 13, 14, 15, 16, 17, 19, 20, 21, 22, 23, 24, 
      25, 29 ], 
  [ 1, 2, 3, 4, 6, 7, 8, 9, 10, 14, 16, 17, 18, 19, 20, 21, 22, 23, 24, 25, 
      29 ], 
  [ 1, 2, 5, 6, 7, 8, 9, 10, 13, 14, 16, 17, 18, 19, 20, 21, 22, 23, 24, 25, 
      29 ], [ 1, 2, 3, 4, 8, 9, 10, 11, 13, 14, 16, 17, 18, 19, 20, 21, 22, 
      23, 24, 25, 29 ], 
  [ 1, 3, 4, 8, 9, 10, 11, 13, 14, 15, 16, 17, 18, 19, 20, 21, 22, 23, 24, 
      25, 29 ], 
  [ 1, 2, 3, 5, 6, 7, 8, 9, 10, 11, 12, 14, 15, 16, 17, 18, 19, 21, 22, 26, 
      29 ], [ 1, 2, 3, 5, 6, 7, 8, 9, 10, 11, 12, 14, 15, 17, 18, 19, 20, 21, 
      22, 26, 29 ], 
  [ 1, 2, 5, 6, 7, 8, 10, 11, 12, 13, 14, 15, 16, 17, 18, 19, 20, 21, 22, 26, 
      29 ], [ 1, 2, 3, 5, 6, 7, 8, 9, 10, 11, 12, 14, 17, 18, 19, 20, 21, 22, 
      23, 26, 29 ], 
  [ 1, 2, 3, 5, 6, 8, 10, 11, 13, 14, 15, 16, 17, 18, 19, 20, 21, 22, 23, 26, 
      29 ], [ 1, 2, 3, 4, 6, 7, 8, 9, 10, 13, 14, 15, 16, 17, 18, 19, 20, 21, 
      24, 26, 29 ], 
  [ 1, 2, 3, 4, 6, 8, 9, 10, 11, 13, 14, 15, 16, 17, 18, 19, 20, 21, 24, 26, 
      29 ], 
  [ 1, 2, 3, 5, 6, 7, 8, 10, 11, 14, 15, 16, 17, 18, 19, 20, 21, 22, 24, 26, 
      29 ], [ 1, 2, 3, 5, 6, 8, 10, 11, 13, 14, 16, 17, 18, 19, 20, 21, 22, 
      23, 24, 26, 29 ], 
  [ 1, 2, 5, 6, 7, 8, 9, 10, 11, 12, 13, 14, 15, 16, 17, 18, 19, 20, 25, 26, 
      29 ], 
  [ 1, 2, 3, 4, 7, 8, 9, 10, 12, 13, 14, 15, 16, 17, 18, 19, 20, 21, 25, 26, 
      29 ], [ 1, 2, 3, 7, 8, 9, 10, 11, 12, 13, 14, 15, 16, 17, 18, 19, 20, 
      21, 25, 26, 29 ], 
  [ 1, 2, 3, 5, 6, 7, 8, 9, 10, 11, 12, 14, 15, 16, 17, 18, 19, 22, 25, 26, 
      29 ], [ 1, 2, 5, 6, 8, 9, 10, 11, 12, 13, 14, 15, 16, 17, 18, 19, 20, 
      23, 25, 26, 29 ], 
  [ 1, 2, 4, 6, 7, 8, 9, 10, 12, 13, 14, 16, 17, 18, 19, 20, 21, 23, 25, 26, 
      29 ], [ 1, 2, 3, 4, 5, 6, 7, 8, 10, 12, 14, 15, 16, 17, 18, 19, 22, 23, 
      25, 26, 29 ], 
  [ 1, 2, 3, 5, 7, 8, 10, 11, 12, 14, 16, 17, 18, 19, 20, 21, 22, 23, 25, 26, 
      29 ], 
  [ 1, 2, 3, 5, 7, 8, 9, 10, 11, 13, 14, 15, 16, 17, 18, 19, 20, 24, 25, 26, 
      29 ], [ 1, 2, 3, 5, 6, 7, 8, 9, 10, 11, 12, 14, 15, 16, 17, 18, 19, 20, 
      23, 25, 26, 29 ], 
  [ 1, 2, 4, 5, 6, 7, 8, 9, 10, 12, 13, 14, 15, 16, 17, 18, 19, 20, 23, 25, 
      26, 29 ], 
  [ 1, 2, 5, 6, 7, 8, 9, 10, 11, 12, 13, 14, 16, 17, 18, 19, 20, 21, 23, 25, 
      26, 29 ], 
  [ 1, 2, 4, 6, 7, 8, 9, 11, 12, 13, 14, 15, 16, 17, 18, 19, 20, 21, 24, 25, 
      26, 29 ], 
  [ 1, 2, 4, 6, 8, 9, 10, 11, 12, 13, 14, 15, 16, 17, 19, 20, 21, 23, 24, 25, 
      26, 29 ], 
  [ 1, 2, 3, 4, 6, 7, 8, 9, 10, 11, 12, 14, 15, 16, 17, 18, 19, 20, 21, 22, 
      25, 26, 29 ], 
  [ 1, 2, 3, 5, 6, 7, 8, 9, 10, 11, 14, 16, 17, 18, 19, 20, 21, 22, 23, 24, 
      25, 26, 29 ], 
  [ 1, 2, 3, 5, 6, 7, 8, 9, 10, 11, 13, 14, 15, 16, 17, 18, 19, 20, 21, 24, 
      26, 28, 29 ], 
  [ 1, 2, 3, 4, 6, 7, 8, 9, 10, 11, 12, 14, 15, 16, 17, 19, 20, 21, 22, 23, 
      24, 25, 26, 29 ], 
  [ 1, 2, 5, 6, 7, 8, 9, 10, 11, 12, 13, 14, 15, 17, 18, 19, 20, 21, 22, 24, 
      25, 26, 27, 29 ], 
  [ 1, 2, 3, 4, 5, 6, 8, 9, 10, 11, 12, 13, 14, 15, 16, 17, 18, 19, 21, 22, 
      23, 24, 25, 26, 27, 29 ], 
  [ 1, 2, 3, 4, 5, 6, 7, 8, 9, 10, 11, 12, 13, 14, 15, 16, 17, 18, 19, 20, 
      21, 22, 23, 24, 25, 26, 27, 28, 30 ] ];
