return 
[ [ 1, 2, 3, 4, 6, 7, 8, 9, 10, 12, 14, 15, 18, 19, 20, 31, 32, 33, 34, 35 ], 
  [ 1, 2, 3, 4, 5, 6, 8, 10, 11, 12, 13, 14, 15, 16, 17, 18, 19, 20, 32, 35 ],
  [ 1, 2, 3, 4, 5, 7, 9, 10, 11, 12, 13, 14, 15, 18, 19, 20, 21, 32, 33, 34 ],
  [ 1, 2, 3, 4, 5, 6, 8, 9, 10, 11, 13, 14, 16, 18, 19, 20, 21, 32, 34, 35 ], 
  [ 1, 2, 3, 4, 5, 8, 9, 10, 11, 12, 13, 14, 16, 18, 19, 20, 21, 32, 34, 35 ],
  [ 1, 2, 3, 4, 5, 6, 8, 9, 10, 11, 12, 13, 14, 16, 18, 19, 20, 21, 34, 35 ], 
  [ 1, 2, 3, 4, 5, 7, 9, 10, 11, 12, 13, 14, 15, 16, 18, 19, 20, 21, 32, 34 ],
  [ 1, 2, 3, 4, 5, 6, 9, 11, 12, 13, 14, 16, 17, 18, 19, 20, 21, 32, 34, 35 ],
  [ 1, 2, 3, 4, 5, 6, 11, 12, 13, 14, 15, 16, 17, 18, 19, 20, 21, 32, 34, 35 ]
    , [ 1, 2, 3, 4, 5, 7, 8, 9, 10, 12, 13, 14, 15, 18, 22, 31, 32, 33, 34, 
      35 ], 
  [ 1, 2, 3, 4, 7, 8, 9, 10, 12, 13, 14, 15, 18, 19, 22, 31, 32, 33, 34, 35 ],
  [ 1, 3, 4, 5, 6, 7, 8, 9, 10, 12, 13, 14, 16, 18, 19, 22, 31, 32, 34, 35 ], 
  [ 1, 2, 3, 4, 5, 6, 7, 8, 9, 10, 12, 13, 14, 16, 18, 19, 22, 31, 32, 34 ], 
  [ 1, 2, 3, 4, 5, 7, 8, 9, 10, 11, 12, 13, 14, 16, 18, 20, 22, 32, 33, 34 ], 
  [ 1, 2, 3, 4, 5, 6, 7, 8, 10, 12, 13, 14, 15, 16, 18, 20, 22, 31, 32, 34 ], 
  [ 1, 2, 3, 5, 6, 8, 9, 10, 12, 13, 14, 16, 17, 18, 20, 22, 31, 32, 34, 35 ],
  [ 1, 2, 3, 4, 5, 6, 7, 8, 10, 12, 13, 14, 15, 19, 20, 22, 31, 32, 34, 35 ], 
  [ 1, 2, 3, 5, 6, 7, 8, 9, 10, 12, 13, 14, 16, 19, 20, 22, 31, 32, 34, 35 ], 
  [ 1, 2, 3, 4, 5, 6, 7, 8, 9, 10, 12, 13, 14, 16, 19, 20, 22, 32, 34, 35 ], 
  [ 1, 2, 3, 4, 5, 7, 8, 9, 10, 11, 12, 13, 14, 16, 19, 20, 22, 32, 33, 34 ], 
  [ 1, 2, 3, 5, 6, 7, 8, 9, 10, 12, 13, 16, 17, 19, 20, 22, 31, 32, 34, 35 ], 
  [ 1, 2, 3, 4, 6, 7, 8, 9, 10, 12, 14, 18, 19, 20, 22, 31, 32, 33, 34, 35 ], 
  [ 1, 2, 3, 4, 7, 8, 9, 10, 12, 13, 14, 18, 19, 20, 22, 31, 32, 33, 34, 35 ],
  [ 1, 2, 3, 4, 5, 7, 8, 9, 10, 11, 12, 13, 14, 18, 19, 20, 22, 32, 33, 34 ], 
  [ 1, 2, 3, 4, 6, 7, 8, 10, 12, 14, 15, 18, 19, 20, 22, 31, 32, 33, 34, 35 ],
  [ 1, 2, 3, 4, 6, 7, 9, 10, 12, 14, 15, 18, 19, 20, 22, 31, 32, 33, 34, 35 ],
  [ 1, 2, 3, 6, 7, 8, 9, 10, 12, 14, 15, 18, 19, 20, 22, 31, 32, 33, 34, 35 ],
  [ 1, 2, 4, 6, 7, 8, 9, 10, 12, 14, 15, 18, 19, 20, 22, 31, 32, 33, 34, 35 ],
  [ 1, 2, 3, 4, 6, 7, 8, 9, 10, 12, 14, 15, 18, 19, 20, 22, 32, 33, 34, 35 ], 
  [ 1, 2, 3, 4, 6, 7, 8, 10, 13, 14, 15, 18, 19, 20, 22, 31, 32, 33, 34, 35 ],
  [ 1, 2, 3, 4, 7, 8, 10, 12, 13, 14, 15, 18, 19, 20, 22, 31, 32, 33, 34, 35 ]
    , [ 1, 2, 3, 4, 6, 7, 8, 10, 12, 13, 14, 15, 18, 19, 20, 22, 31, 32, 34, 
      35 ], [ 1, 3, 4, 5, 7, 9, 10, 11, 12, 13, 14, 15, 18, 19, 20, 22, 32, 
      33, 34, 35 ], 
  [ 1, 2, 3, 4, 5, 7, 9, 10, 11, 12, 13, 14, 15, 18, 19, 20, 22, 32, 33, 34 ],
  [ 1, 2, 3, 4, 5, 6, 8, 9, 10, 11, 13, 14, 16, 18, 19, 20, 22, 32, 34, 35 ], 
  [ 1, 2, 3, 4, 5, 6, 8, 9, 10, 12, 13, 14, 16, 18, 19, 20, 22, 32, 34, 35 ], 
  [ 1, 3, 5, 6, 7, 8, 9, 10, 12, 13, 14, 16, 18, 19, 20, 22, 31, 32, 34, 35 ],
  [ 1, 2, 4, 5, 6, 7, 8, 9, 10, 12, 13, 14, 16, 18, 19, 20, 22, 32, 34, 35 ], 
  [ 1, 3, 4, 5, 6, 7, 8, 9, 10, 12, 13, 14, 16, 18, 19, 20, 22, 32, 34, 35 ], 
  [ 1, 2, 3, 4, 5, 6, 7, 8, 9, 10, 12, 13, 14, 16, 18, 19, 20, 22, 32, 34 ], 
  [ 1, 2, 3, 4, 5, 8, 9, 10, 11, 12, 13, 14, 16, 18, 19, 20, 22, 32, 34, 35 ],
  [ 1, 2, 3, 4, 7, 8, 9, 10, 11, 12, 13, 14, 16, 18, 19, 20, 22, 32, 33, 34 ],
  [ 1, 2, 3, 4, 5, 7, 8, 9, 10, 11, 12, 13, 14, 16, 18, 19, 20, 22, 32, 34 ], 
  [ 1, 2, 3, 4, 6, 7, 8, 10, 12, 13, 14, 15, 16, 18, 19, 20, 22, 31, 32, 34 ],
  [ 1, 2, 3, 4, 5, 8, 10, 11, 12, 13, 14, 15, 18, 20, 21, 22, 32, 33, 34, 35 ]
    , [ 1, 2, 3, 5, 7, 9, 10, 11, 12, 13, 15, 17, 18, 20, 21, 22, 32, 33, 34, 
      35 ], 
  [ 1, 3, 4, 5, 7, 8, 9, 10, 11, 12, 13, 18, 19, 20, 21, 22, 32, 33, 34, 35 ],
  [ 1, 2, 3, 4, 5, 7, 8, 9, 11, 12, 13, 14, 18, 19, 20, 21, 22, 32, 33, 34 ], 
  [ 1, 2, 3, 4, 6, 7, 8, 9, 12, 14, 15, 18, 19, 20, 21, 22, 32, 33, 34, 35 ], 
  [ 1, 2, 3, 4, 5, 8, 9, 10, 11, 12, 14, 15, 18, 19, 20, 21, 22, 32, 33, 35 ],
  [ 1, 2, 3, 4, 7, 9, 11, 12, 13, 14, 15, 18, 19, 20, 21, 22, 32, 33, 34, 35 ]
    , [ 1, 3, 4, 5, 7, 9, 11, 12, 13, 14, 15, 18, 19, 20, 21, 22, 32, 33, 34, 
      35 ], 
  [ 1, 2, 3, 4, 5, 7, 9, 11, 12, 13, 14, 15, 18, 19, 20, 21, 22, 32, 33, 34 ],
  [ 1, 2, 3, 4, 5, 7, 9, 11, 12, 13, 14, 15, 18, 19, 20, 21, 22, 32, 34, 35 ],
  [ 1, 2, 3, 5, 6, 7, 11, 12, 13, 14, 15, 16, 17, 18, 19, 20, 21, 22, 32, 34 ]
    , [ 1, 2, 5, 9, 10, 11, 12, 13, 14, 15, 16, 17, 18, 19, 20, 21, 22, 32, 
      34, 35 ], 
  [ 1, 3, 4, 5, 6, 7, 8, 10, 12, 13, 15, 16, 17, 18, 19, 20, 23, 31, 32, 35 ],
  [ 1, 2, 3, 4, 5, 7, 8, 9, 10, 12, 13, 14, 15, 19, 22, 23, 31, 32, 33, 35 ], 
  [ 1, 2, 3, 6, 7, 8, 9, 10, 12, 15, 17, 18, 19, 20, 22, 23, 31, 32, 33, 35 ],
  [ 1, 2, 3, 4, 6, 7, 8, 9, 12, 14, 18, 19, 20, 21, 25, 31, 32, 33, 34, 35 ], 
  [ 1, 2, 3, 4, 7, 8, 9, 12, 13, 14, 18, 19, 20, 21, 25, 31, 32, 33, 34, 35 ],
  [ 1, 2, 3, 4, 5, 6, 7, 8, 9, 12, 13, 14, 16, 17, 18, 19, 20, 21, 25, 32 ], 
  [ 1, 2, 3, 4, 5, 6, 7, 8, 9, 11, 12, 13, 14, 16, 17, 18, 19, 20, 21, 25 ], 
  [ 1, 2, 3, 4, 5, 7, 8, 9, 11, 12, 13, 14, 16, 18, 20, 22, 25, 32, 33, 34 ], 
  [ 1, 2, 4, 7, 8, 9, 10, 12, 13, 16, 18, 19, 20, 22, 25, 31, 32, 33, 34, 35 ]
    , [ 1, 2, 3, 4, 6, 7, 8, 9, 12, 14, 18, 19, 21, 22, 25, 31, 32, 33, 34, 
      35 ], [ 1, 2, 3, 4, 6, 7, 8, 9, 13, 14, 18, 19, 21, 22, 25, 31, 32, 33, 
      34, 35 ], 
  [ 1, 2, 3, 4, 7, 8, 9, 12, 13, 14, 18, 19, 21, 22, 25, 31, 32, 33, 34, 35 ],
  [ 2, 3, 4, 6, 7, 8, 9, 12, 14, 15, 18, 19, 21, 22, 25, 31, 32, 33, 34, 35 ],
  [ 1, 2, 3, 5, 6, 7, 8, 9, 12, 13, 14, 16, 17, 18, 20, 21, 22, 25, 32, 34 ], 
  [ 1, 2, 4, 6, 7, 8, 9, 12, 14, 16, 18, 19, 20, 21, 22, 25, 31, 32, 34, 35 ],
  [ 2, 3, 4, 5, 6, 7, 8, 9, 12, 13, 14, 16, 17, 18, 19, 24, 25, 31, 32, 34 ], 
  [ 2, 3, 4, 6, 7, 8, 9, 12, 13, 14, 16, 17, 18, 19, 21, 24, 25, 31, 32, 34 ],
  [ 1, 2, 3, 4, 5, 6, 7, 8, 9, 10, 13, 14, 16, 18, 22, 24, 25, 31, 32, 34 ], 
  [ 1, 2, 4, 6, 7, 8, 9, 13, 14, 16, 18, 19, 21, 22, 24, 25, 31, 32, 33, 34 ],
  [ 1, 2, 3, 4, 5, 11, 12, 13, 14, 15, 20, 21, 25, 26, 27, 28, 32, 33, 34, 35 
     ], [ 1, 2, 3, 4, 5, 7, 8, 9, 10, 11, 12, 13, 14, 16, 18, 19, 20, 21, 32, 
      33, 34 ], 
  [ 1, 2, 3, 4, 5, 6, 7, 8, 9, 10, 12, 13, 14, 15, 18, 19, 22, 31, 32, 34, 35 
     ], [ 1, 2, 3, 4, 5, 9, 10, 11, 12, 13, 14, 15, 18, 19, 20, 21, 22, 32, 
      33, 34, 35 ], 
  [ 1, 2, 4, 5, 7, 8, 9, 10, 11, 12, 13, 14, 16, 18, 19, 20, 21, 22, 32, 33, 
      34 ], [ 1, 2, 3, 5, 6, 7, 8, 9, 10, 12, 13, 16, 17, 18, 20, 22, 25, 31, 
      32, 34, 35 ], 
  [ 1, 2, 3, 4, 7, 8, 9, 10, 12, 13, 14, 16, 18, 19, 20, 22, 25, 31, 32, 33, 
      34 ], [ 1, 2, 3, 4, 5, 6, 7, 8, 9, 12, 13, 14, 15, 17, 18, 21, 22, 25, 
      31, 32, 35 ], 
  [ 1, 2, 3, 4, 5, 7, 8, 9, 10, 12, 13, 14, 15, 18, 19, 20, 21, 22, 32, 33, 
      34, 35 ], 
  [ 1, 2, 3, 4, 5, 6, 7, 8, 9, 10, 12, 13, 14, 16, 18, 20, 22, 25, 31, 32, 
      34, 35 ], 
  [ 1, 3, 4, 7, 8, 9, 10, 12, 13, 14, 16, 18, 19, 20, 22, 23, 25, 31, 32, 33, 
      34, 35 ], 
  [ 1, 2, 3, 4, 7, 8, 10, 12, 13, 15, 17, 18, 19, 20, 22, 23, 25, 26, 31, 32, 
      33, 35 ], 
  [ 1, 2, 3, 4, 6, 7, 9, 11, 12, 13, 14, 15, 16, 17, 18, 19, 21, 22, 24, 25, 
      31, 32, 34 ], 
  [ 1, 2, 3, 4, 6, 7, 8, 12, 13, 14, 15, 18, 19, 20, 21, 22, 25, 26, 31, 32, 
      33, 34, 35 ], 
  [ 1, 2, 3, 4, 5, 6, 8, 10, 11, 13, 14, 15, 18, 20, 21, 22, 24, 25, 26, 27, 
      32, 33, 34, 35 ], 
  [ 1, 2, 3, 4, 5, 6, 7, 8, 9, 10, 11, 12, 13, 16, 17, 18, 19, 20, 21, 22, 
      25, 26, 32, 34, 35 ], 
  [ 1, 2, 3, 4, 5, 6, 8, 10, 11, 12, 13, 14, 15, 16, 17, 18, 20, 22, 23, 25, 
      26, 27, 31, 32, 35 ], 
  [ 1, 2, 3, 4, 5, 6, 8, 9, 10, 11, 12, 13, 14, 15, 16, 17, 18, 19, 21, 22, 
      24, 26, 27, 29, 31, 32, 34, 35 ] ];
