return 
[ [ 11, 12, 13, 14, 15, 16, 17, 18, 19, 20, 26, 27, 28, 29, 30, 31, 32, 33, 
      34, 35, 36, 37, 38, 39, 40, 41, 42, 43, 44, 45, 46, 47, 48, 49, 50 ], 
  [ 21, 22, 23, 24, 25, 26, 27, 28, 29, 30, 31, 32, 33, 34, 35, 36, 37, 38, 
      39, 40, 41, 42, 43, 44, 45, 46, 47, 48, 49, 50 ], 
  [ 18, 19, 25, 29, 31, 34, 35, 36, 37, 38, 39, 40, 41, 42, 43, 44, 45, 47, 
      48, 49, 50 ], 
  [ 18, 19, 25, 29, 31, 34, 36, 37, 38, 39, 40, 41, 42, 43, 44, 45, 46, 47, 
      48, 49, 50 ], 
  [ 4, 10, 15, 18, 20, 23, 25, 29, 30, 35, 37, 38, 39, 41, 42, 44, 45, 46, 
      47, 48, 49, 50 ], 
  [ 10, 15, 18, 20, 23, 25, 29, 30, 35, 38, 39, 41, 42, 43, 44, 45, 46, 47, 
      48, 49, 50 ], 
  [ 9, 10, 15, 16, 18, 20, 25, 29, 35, 37, 38, 39, 40, 42, 43, 45, 46, 47, 
      48, 49, 50 ], 
  [ 9, 15, 16, 18, 19, 20, 25, 29, 35, 37, 38, 39, 40, 42, 43, 44, 45, 46, 
      47, 49, 50 ], 
  [ 9, 15, 18, 19, 20, 25, 29, 35, 37, 38, 39, 40, 42, 43, 44, 45, 46, 47, 
      48, 49, 50 ], 
  [ 10, 12, 17, 18, 19, 21, 25, 27, 29, 31, 34, 35, 36, 37, 38, 39, 40, 41, 
      42, 43, 44, 45, 46, 47, 48, 49 ], 
  [ 15, 18, 19, 25, 26, 27, 29, 31, 32, 34, 35, 36, 37, 38, 39, 40, 41, 42, 
      43, 44, 45, 47, 48, 50 ], 
  [ 15, 18, 19, 25, 29, 31, 34, 35, 36, 37, 38, 39, 40, 41, 42, 43, 44, 45, 
      47, 49, 50 ], 
  [ 16, 18, 19, 25, 29, 31, 34, 35, 36, 37, 38, 39, 40, 41, 42, 43, 44, 45, 
      48, 49, 50 ], 
  [ 7, 18, 19, 25, 29, 31, 34, 35, 36, 37, 38, 39, 40, 41, 42, 43, 44, 47, 
      48, 49, 50 ], 
  [ 15, 18, 19, 25, 29, 31, 34, 35, 36, 37, 38, 39, 40, 41, 43, 44, 45, 47, 
      48, 49, 50 ], 
  [ 7, 9, 10, 16, 18, 19, 21, 22, 23, 25, 29, 31, 33, 34, 35, 36, 37, 38, 39, 
      40, 42, 43, 44, 45, 46, 47, 48, 49, 50 ], 
  [ 15, 18, 19, 25, 29, 31, 34, 35, 36, 37, 38, 39, 41, 42, 43, 44, 45, 47, 
      48, 49, 50 ], 
  [ 10, 18, 19, 25, 27, 29, 31, 34, 35, 36, 37, 38, 40, 41, 42, 43, 44, 45, 
      46, 47, 48, 49, 50 ], 
  [ 15, 18, 19, 25, 29, 31, 34, 35, 36, 38, 39, 40, 41, 42, 43, 44, 45, 47, 
      48, 49, 50 ], 
  [ 15, 19, 25, 26, 27, 29, 31, 34, 35, 36, 37, 38, 39, 40, 41, 42, 43, 44, 
      45, 47, 48, 49, 50 ], 
  [ 18, 19, 25, 27, 29, 31, 32, 34, 36, 37, 38, 39, 40, 41, 42, 43, 44, 45, 
      46, 47, 48, 50 ], 
  [ 10, 18, 19, 25, 29, 31, 34, 36, 37, 38, 39, 40, 41, 42, 43, 45, 46, 47, 
      48, 49, 50 ], 
  [ 18, 19, 25, 27, 29, 31, 34, 36, 37, 38, 39, 40, 41, 42, 44, 45, 46, 47, 
      48, 49, 50 ], 
  [ 18, 19, 25, 27, 29, 31, 34, 36, 38, 39, 40, 41, 42, 43, 44, 45, 46, 47, 
      48, 49, 50 ], 
  [ 10, 15, 18, 20, 23, 25, 29, 30, 34, 35, 38, 39, 41, 42, 43, 44, 45, 46, 
      47, 49, 50 ], 
  [ 4, 9, 10, 13, 15, 16, 18, 20, 23, 25, 29, 30, 35, 38, 39, 41, 42, 43, 44, 
      45, 46, 48, 49, 50 ], 
  [ 10, 15, 18, 20, 23, 25, 29, 30, 34, 35, 38, 39, 41, 42, 43, 44, 45, 47, 
      48, 49, 50 ], 
  [ 9, 10, 13, 15, 18, 20, 23, 25, 29, 30, 35, 38, 39, 41, 42, 43, 44, 46, 
      47, 48, 49, 50 ], 
  [ 10, 15, 18, 20, 23, 25, 28, 29, 30, 35, 38, 39, 41, 43, 44, 45, 46, 47, 
      48, 49, 50 ], 
  [ 9, 10, 15, 18, 20, 23, 25, 29, 30, 35, 38, 39, 42, 43, 44, 45, 46, 47, 
      48, 49, 50 ], 
  [ 10, 13, 14, 15, 18, 20, 23, 25, 27, 28, 29, 30, 34, 35, 38, 41, 42, 43, 
      44, 45, 46, 47, 48, 49, 50 ], 
  [ 9, 10, 15, 18, 20, 23, 25, 28, 29, 30, 35, 39, 41, 42, 43, 44, 45, 46, 
      47, 48, 49, 50 ], 
  [ 10, 14, 15, 18, 20, 23, 25, 29, 30, 34, 38, 39, 41, 42, 43, 44, 45, 46, 
      47, 48, 49, 50 ], 
  [ 9, 10, 15, 18, 20, 23, 25, 30, 35, 38, 39, 41, 42, 43, 44, 45, 46, 47, 
      48, 49, 50 ], 
  [ 10, 15, 18, 20, 25, 29, 30, 34, 35, 37, 38, 39, 41, 42, 43, 44, 45, 46, 
      47, 48, 49, 50 ], 
  [ 10, 18, 20, 23, 25, 29, 30, 34, 35, 38, 39, 41, 42, 43, 44, 45, 46, 47, 
      48, 49, 50 ], 
  [ 15, 18, 20, 23, 25, 28, 29, 30, 35, 38, 39, 41, 42, 43, 44, 45, 46, 47, 
      48, 49, 50 ], 
  [ 9, 10, 12, 15, 16, 18, 20, 25, 29, 35, 37, 38, 39, 40, 42, 43, 45, 46, 
      47, 48, 49 ], 
  [ 9, 10, 15, 16, 18, 20, 25, 29, 35, 37, 38, 39, 40, 41, 42, 43, 45, 46, 
      48, 49, 50 ], 
  [ 9, 10, 15, 16, 18, 20, 25, 29, 35, 37, 38, 39, 40, 41, 42, 43, 46, 47, 
      48, 49, 50 ], 
  [ 9, 10, 12, 15, 16, 18, 19, 20, 25, 29, 35, 37, 38, 40, 42, 43, 45, 46, 
      47, 48, 49, 50 ], 
  [ 9, 10, 15, 16, 18, 20, 25, 35, 37, 38, 39, 40, 41, 42, 43, 45, 46, 47, 
      48, 49, 50 ], 
  [ 9, 10, 16, 18, 20, 22, 25, 29, 35, 37, 38, 39, 40, 42, 43, 45, 46, 47, 
      48, 49, 50 ], 
  [ 9, 15, 16, 18, 19, 20, 25, 29, 31, 35, 37, 38, 39, 40, 42, 43, 44, 45, 
      46, 47, 49 ], 
  [ 9, 15, 16, 18, 19, 20, 25, 29, 31, 32, 35, 37, 38, 39, 40, 42, 43, 44, 
      45, 46, 47, 50 ], 
  [ 9, 15, 16, 18, 19, 20, 25, 29, 31, 35, 37, 38, 39, 40, 42, 43, 44, 45, 
      47, 49, 50 ], 
  [ 9, 15, 16, 18, 19, 20, 25, 29, 31, 32, 33, 35, 37, 38, 39, 40, 42, 44, 
      45, 46, 47, 49, 50 ], 
  [ 9, 15, 16, 18, 19, 20, 25, 29, 31, 35, 37, 38, 40, 42, 43, 44, 45, 46, 
      47, 49, 50 ], 
  [ 9, 15, 16, 18, 19, 20, 25, 29, 31, 35, 37, 39, 40, 42, 43, 44, 45, 46, 
      47, 49, 50 ], 
  [ 9, 15, 16, 18, 19, 20, 25, 29, 31, 37, 38, 39, 40, 42, 43, 44, 45, 46, 
      47, 49, 50 ], 
  [ 9, 15, 16, 18, 19, 20, 25, 32, 35, 37, 38, 39, 40, 42, 43, 44, 45, 46, 
      47, 49, 50 ], 
  [ 9, 16, 18, 19, 20, 25, 29, 31, 35, 37, 38, 39, 40, 42, 43, 44, 45, 46, 
      47, 49, 50 ], 
  [ 15, 16, 18, 19, 20, 25, 29, 31, 35, 37, 38, 39, 40, 42, 43, 44, 45, 46, 
      47, 49, 50 ], 
  [ 9, 15, 18, 19, 20, 25, 29, 31, 35, 37, 38, 39, 40, 42, 43, 44, 45, 46, 
      47, 48, 49 ], 
  [ 7, 9, 15, 18, 19, 20, 25, 29, 35, 37, 38, 39, 40, 42, 43, 44, 45, 47, 48, 
      49, 50 ], 
  [ 9, 13, 15, 18, 19, 20, 25, 29, 35, 37, 38, 39, 40, 42, 43, 44, 46, 47, 
      48, 49, 50 ], 
  [ 9, 13, 15, 18, 19, 20, 25, 29, 35, 37, 38, 39, 40, 42, 44, 45, 46, 47, 
      48, 49, 50 ], 
  [ 9, 13, 15, 18, 19, 20, 25, 29, 35, 37, 38, 39, 40, 43, 44, 45, 46, 47, 
      48, 49, 50 ], 
  [ 9, 10, 15, 18, 19, 20, 25, 29, 35, 37, 38, 40, 42, 43, 44, 45, 46, 47, 
      48, 49, 50 ], 
  [ 16, 18, 19, 25, 26, 29, 31, 34, 35, 36, 37, 38, 39, 40, 41, 42, 43, 44, 
      45, 48, 50 ], 
  [ 16, 18, 19, 25, 26, 29, 31, 34, 35, 36, 37, 38, 39, 40, 41, 42, 44, 45, 
      48, 49, 50 ], 
  [ 16, 18, 19, 25, 26, 29, 31, 34, 35, 36, 38, 39, 40, 41, 42, 43, 44, 45, 
      48, 49, 50 ], 
  [ 16, 18, 19, 25, 26, 29, 31, 34, 35, 37, 38, 39, 40, 41, 42, 43, 44, 45, 
      48, 49, 50 ], 
  [ 7, 15, 18, 19, 25, 29, 31, 34, 35, 36, 37, 38, 39, 40, 41, 43, 44, 47, 
      48, 49, 50 ], 
  [ 7, 18, 19, 25, 26, 29, 31, 34, 35, 36, 38, 39, 40, 41, 42, 43, 44, 47, 
      48, 49, 50 ], 
  [ 7, 15, 18, 19, 25, 29, 31, 35, 36, 37, 38, 39, 40, 41, 42, 43, 44, 47, 
      48, 49, 50 ], 
  [ 10, 15, 18, 19, 25, 29, 31, 34, 35, 36, 37, 38, 39, 41, 42, 43, 44, 45, 
      47, 48, 49 ], 
  [ 10, 15, 18, 19, 25, 29, 31, 34, 36, 37, 38, 39, 41, 42, 43, 44, 45, 47, 
      48, 49, 50 ], 
  [ 15, 18, 19, 25, 26, 29, 31, 34, 35, 36, 38, 39, 40, 41, 42, 43, 44, 45, 
      48, 49, 50 ], 
  [ 15, 18, 19, 25, 26, 29, 31, 34, 35, 36, 38, 39, 40, 41, 42, 43, 44, 47, 
      48, 49, 50 ], 
  [ 10, 19, 22, 25, 29, 31, 34, 36, 37, 38, 39, 40, 41, 42, 43, 45, 46, 47, 
      48, 49, 50 ], 
  [ 10, 18, 19, 25, 27, 29, 31, 34, 36, 37, 38, 39, 41, 42, 44, 45, 46, 47, 
      48, 49, 50 ], 
  [ 10, 15, 18, 20, 23, 25, 28, 29, 30, 34, 35, 38, 39, 41, 43, 44, 45, 46, 
      47, 49, 50 ], 
  [ 10, 15, 16, 18, 20, 23, 29, 30, 34, 35, 38, 39, 41, 42, 43, 44, 45, 46, 
      47, 49, 50 ], 
  [ 10, 18, 20, 23, 25, 28, 29, 30, 34, 35, 38, 39, 41, 43, 44, 45, 46, 47, 
      48, 49, 50 ], 
  [ 10, 18, 20, 22, 23, 25, 29, 30, 34, 35, 38, 39, 41, 42, 43, 44, 45, 46, 
      47, 48, 50 ], 
  [ 10, 13, 18, 20, 23, 25, 29, 30, 34, 35, 38, 39, 41, 42, 43, 44, 46, 47, 
      48, 49, 50 ], 
  [ 10, 20, 22, 23, 25, 29, 30, 34, 35, 38, 39, 41, 42, 43, 44, 45, 46, 47, 
      48, 49, 50 ], 
  [ 8, 9, 10, 15, 16, 18, 20, 25, 35, 37, 38, 39, 40, 41, 42, 43, 45, 47, 48, 
      49, 50 ], 
  [ 7, 9, 15, 16, 18, 19, 20, 25, 29, 31, 35, 37, 38, 39, 40, 42, 43, 45, 47, 
      49, 50 ], 
  [ 7, 9, 15, 16, 18, 19, 20, 29, 31, 35, 37, 38, 39, 40, 42, 43, 44, 45, 47, 
      49, 50 ], 
  [ 7, 9, 15, 18, 19, 20, 25, 29, 31, 35, 37, 38, 39, 40, 42, 43, 44, 45, 47, 
      49, 50 ], 
  [ 9, 10, 15, 16, 18, 19, 20, 25, 29, 31, 35, 37, 38, 40, 42, 43, 45, 46, 
      47, 49, 50 ], 
  [ 15, 16, 18, 19, 20, 25, 31, 32, 35, 37, 38, 39, 40, 42, 43, 44, 45, 46, 
      47, 49, 50 ], 
  [ 7, 9, 15, 18, 19, 20, 25, 29, 33, 35, 37, 38, 39, 40, 42, 44, 45, 47, 48, 
      49, 50 ], 
  [ 9, 10, 15, 16, 18, 19, 20, 25, 29, 35, 37, 38, 40, 42, 43, 44, 45, 46, 
      48, 49, 50 ], 
  [ 16, 18, 22, 25, 26, 29, 31, 34, 35, 36, 37, 38, 39, 40, 41, 42, 43, 44, 
      45, 48, 50 ], 
  [ 7, 15, 18, 19, 25, 26, 29, 31, 35, 36, 38, 39, 40, 41, 42, 43, 44, 47, 
      48, 49, 50 ], 
  [ 9, 10, 18, 20, 22, 23, 25, 29, 30, 34, 35, 38, 39, 42, 43, 44, 45, 46, 
      47, 48, 50 ], 
  [ 3, 9, 10, 11, 12, 15, 16, 18, 19, 20, 22, 25, 29, 31, 32, 35, 37, 38, 40, 
      42, 43, 45, 46, 47, 50 ], 
  [ 9, 10, 12, 15, 16, 18, 19, 20, 25, 29, 31, 35, 37, 40, 42, 43, 45, 46, 
      47, 49, 50 ], 
  [ 1, 9, 10, 18, 20, 22, 23, 25, 29, 30, 34, 35, 38, 42, 43, 44, 45, 46, 47, 
      48, 50 ], 
  [ 3, 4, 9, 10, 13, 15, 16, 20, 23, 25, 29, 30, 35, 38, 42, 43, 44, 45, 46, 
      49, 50 ] ];
