return 
[ [ 39, 40, 41, 42, 43, 44, 45, 46, 47, 48, 49, 50, 71, 72, 73, 74, 75, 76, 
      77, 78, 79, 80, 81, 82, 83, 84, 85, 86, 87, 88, 89, 90, 91, 92, 93, 94, 
      95, 96, 97, 98, 99, 100 ], 
  [ 51, 52, 53, 54, 55, 56, 57, 58, 59, 60, 61, 62, 63, 64, 65, 66, 67, 68, 
      69, 70, 71, 72, 73, 74, 75, 76, 77, 78, 79, 80, 81, 82, 83, 84, 85, 86, 
      87, 88, 89, 90, 91, 92, 93, 94, 95, 96, 97, 98, 99, 100 ], 
  [ 49, 50, 66, 67, 68, 69, 70, 81, 82, 83, 84, 85, 86, 87, 88, 89, 90, 91, 
      92, 93, 94, 95, 96, 97, 98, 99, 100 ], 
  [ 49, 56, 57, 58, 59, 60, 66, 67, 68, 69, 70, 71, 72, 73, 74, 75, 81, 82, 
      83, 84, 85, 86, 87, 88, 89, 90, 91, 92, 93, 94, 95, 96, 97, 98, 99, 100 
     ], [ 50, 68, 69, 75, 79, 81, 84, 85, 86, 87, 88, 89, 90, 91, 92, 93, 94, 
      95, 97, 98, 99, 100 ], 
  [ 49, 50, 68, 69, 75, 79, 81, 84, 86, 87, 88, 89, 90, 91, 92, 93, 94, 95, 
      96, 97, 98, 99, 100 ], 
  [ 49, 50, 68, 75, 79, 81, 84, 85, 86, 87, 88, 89, 90, 91, 92, 93, 94, 95, 
      96, 97, 98, 100 ], 
  [ 49, 50, 68, 75, 79, 81, 84, 85, 87, 88, 89, 90, 91, 92, 93, 94, 95, 96, 
      97, 98, 99, 100 ], 
  [ 49, 50, 68, 75, 79, 81, 84, 85, 86, 87, 88, 89, 90, 91, 92, 93, 94, 95, 
      97, 98, 99, 100 ], 
  [ 49, 50, 68, 75, 79, 81, 84, 85, 86, 87, 89, 90, 91, 92, 93, 94, 95, 96, 
      97, 98, 99, 100 ], 
  [ 49, 50, 68, 79, 81, 84, 85, 86, 87, 88, 89, 90, 91, 92, 93, 94, 95, 96, 
      97, 98, 99, 100 ], 
  [ 30, 44, 49, 50, 60, 62, 67, 68, 69, 71, 75, 77, 79, 81, 84, 85, 86, 87, 
      88, 89, 90, 91, 92, 93, 94, 95, 96, 97, 98, 99 ], 
  [ 50, 65, 68, 69, 75, 76, 77, 79, 81, 82, 84, 85, 86, 87, 88, 89, 90, 91, 
      92, 93, 94, 95, 97, 98, 100 ], 
  [ 50, 65, 68, 69, 75, 79, 81, 84, 85, 86, 87, 88, 89, 90, 91, 92, 93, 94, 
      95, 97, 99, 100 ], 
  [ 50, 65, 68, 69, 75, 77, 79, 81, 84, 85, 86, 87, 88, 89, 90, 91, 92, 94, 
      95, 97, 98, 99, 100 ], 
  [ 50, 65, 68, 69, 75, 79, 81, 84, 85, 86, 87, 88, 89, 90, 91, 93, 94, 95, 
      97, 98, 99, 100 ], 
  [ 50, 65, 68, 69, 75, 79, 81, 84, 85, 86, 87, 88, 89, 91, 92, 93, 94, 95, 
      97, 98, 99, 100 ], 
  [ 49, 50, 60, 68, 69, 75, 77, 79, 81, 84, 85, 86, 87, 88, 90, 91, 92, 93, 
      94, 95, 96, 97, 98, 99, 100 ], 
  [ 50, 62, 65, 68, 69, 75, 76, 77, 78, 79, 81, 82, 84, 85, 86, 87, 89, 90, 
      91, 92, 93, 94, 95, 97, 98, 99, 100 ], 
  [ 50, 65, 68, 69, 75, 79, 81, 84, 85, 86, 88, 89, 90, 91, 92, 93, 94, 95, 
      97, 98, 99, 100 ], 
  [ 50, 65, 68, 69, 75, 79, 81, 85, 86, 87, 88, 89, 90, 91, 92, 93, 94, 95, 
      97, 98, 99, 100 ], 
  [ 50, 65, 69, 75, 76, 77, 79, 81, 84, 85, 86, 87, 88, 89, 90, 91, 92, 93, 
      94, 95, 97, 98, 99, 100 ], 
  [ 49, 50, 68, 75, 79, 81, 82, 84, 85, 86, 87, 88, 89, 90, 91, 92, 93, 94, 
      95, 96, 97, 100 ], 
  [ 49, 50, 68, 75, 79, 81, 82, 84, 85, 86, 87, 88, 89, 90, 91, 92, 93, 94, 
      95, 96, 98, 100 ], 
  [ 49, 50, 68, 75, 79, 81, 82, 84, 85, 86, 87, 88, 89, 90, 91, 92, 93, 94, 
      96, 97, 98, 100 ], 
  [ 49, 50, 68, 72, 75, 79, 81, 82, 84, 85, 86, 87, 88, 89, 90, 91, 92, 93, 
      95, 96, 97, 98, 100 ], 
  [ 40, 43, 44, 48, 49, 50, 68, 72, 73, 75, 77, 78, 79, 81, 82, 83, 84, 85, 
      86, 87, 88, 89, 90, 91, 92, 94, 95, 96, 97, 98, 100 ], 
  [ 44, 49, 50, 68, 72, 75, 78, 79, 81, 82, 84, 85, 86, 87, 88, 89, 90, 91, 
      93, 94, 95, 96, 97, 98, 100 ], 
  [ 49, 50, 68, 75, 79, 81, 82, 84, 85, 86, 87, 88, 89, 90, 92, 93, 94, 95, 
      96, 97, 98, 100 ], 
  [ 49, 50, 68, 72, 75, 79, 81, 82, 84, 85, 86, 87, 88, 89, 91, 92, 93, 94, 
      95, 96, 97, 98, 100 ], 
  [ 40, 44, 49, 50, 68, 72, 73, 75, 78, 79, 81, 82, 84, 85, 86, 88, 89, 90, 
      91, 92, 93, 94, 95, 96, 97, 98, 100 ], 
  [ 44, 49, 50, 68, 72, 75, 79, 81, 82, 85, 86, 87, 88, 89, 90, 91, 92, 93, 
      94, 95, 96, 97, 98, 100 ], 
  [ 49, 50, 68, 75, 81, 82, 84, 85, 86, 87, 88, 89, 90, 91, 92, 93, 94, 95, 
      96, 97, 98, 100 ], 
  [ 50, 68, 75, 79, 81, 82, 84, 85, 86, 87, 88, 89, 90, 91, 92, 93, 94, 95, 
      96, 97, 98, 100 ], 
  [ 49, 50, 66, 68, 75, 79, 81, 84, 85, 87, 88, 89, 90, 91, 92, 93, 94, 95, 
      96, 98, 99, 100 ], 
  [ 49, 50, 68, 69, 75, 79, 81, 84, 85, 87, 88, 89, 90, 91, 92, 93, 94, 96, 
      97, 98, 99, 100 ], 
  [ 49, 50, 68, 69, 75, 79, 81, 84, 85, 87, 88, 89, 90, 92, 93, 94, 95, 96, 
      97, 98, 99, 100 ], 
  [ 49, 50, 68, 70, 75, 79, 81, 84, 85, 87, 88, 89, 91, 92, 93, 94, 95, 96, 
      97, 98, 99, 100 ], 
  [ 49, 50, 68, 73, 75, 79, 81, 84, 85, 88, 89, 90, 91, 92, 93, 94, 95, 96, 
      97, 98, 99, 100 ], 
  [ 49, 50, 68, 69, 70, 75, 81, 82, 84, 85, 87, 88, 89, 90, 91, 92, 93, 94, 
      95, 96, 97, 98, 99, 100 ], 
  [ 49, 50, 68, 73, 75, 78, 79, 81, 84, 85, 86, 89, 90, 91, 92, 93, 94, 95, 
      96, 97, 98, 99, 100 ], 
  [ 49, 50, 66, 68, 79, 81, 84, 85, 86, 87, 88, 89, 90, 91, 92, 93, 94, 95, 
      96, 97, 99, 100 ], 
  [ 49, 50, 66, 68, 79, 81, 84, 85, 86, 87, 88, 89, 90, 91, 92, 93, 94, 95, 
      96, 98, 99, 100 ], 
  [ 49, 50, 66, 68, 79, 81, 84, 85, 86, 87, 88, 89, 90, 91, 92, 93, 94, 96, 
      97, 98, 99, 100 ], 
  [ 50, 65, 66, 68, 69, 75, 79, 81, 84, 85, 86, 87, 88, 89, 90, 91, 92, 93, 
      94, 95, 99, 100 ], 
  [ 50, 65, 68, 69, 75, 81, 82, 84, 85, 86, 87, 88, 89, 90, 91, 92, 93, 94, 
      95, 97, 99, 100 ], 
  [ 50, 65, 68, 69, 75, 77, 79, 81, 84, 85, 86, 87, 88, 89, 90, 91, 93, 94, 
      95, 97, 98, 99 ], 
  [ 50, 65, 68, 69, 75, 77, 79, 81, 84, 85, 86, 87, 88, 90, 91, 93, 94, 95, 
      97, 98, 99, 100 ], 
  [ 50, 65, 68, 75, 78, 79, 81, 84, 85, 86, 87, 88, 89, 90, 91, 93, 94, 95, 
      97, 98, 99, 100 ], 
  [ 50, 60, 65, 68, 69, 75, 79, 81, 84, 85, 86, 87, 88, 91, 92, 93, 94, 95, 
      97, 98, 99, 100 ], 
  [ 50, 60, 65, 68, 69, 75, 79, 81, 84, 86, 87, 88, 89, 91, 92, 93, 94, 95, 
      97, 98, 99, 100 ], 
  [ 50, 65, 68, 69, 75, 77, 79, 81, 84, 85, 86, 88, 89, 90, 91, 92, 93, 94, 
      95, 97, 98, 99 ], 
  [ 50, 65, 68, 69, 75, 77, 79, 81, 84, 85, 86, 88, 90, 91, 92, 93, 94, 95, 
      97, 98, 99, 100 ], 
  [ 50, 65, 68, 69, 75, 77, 79, 81, 84, 86, 88, 89, 90, 91, 92, 93, 94, 95, 
      97, 98, 99, 100 ], 
  [ 49, 50, 66, 68, 73, 79, 81, 82, 84, 85, 86, 87, 88, 89, 90, 91, 92, 93, 
      94, 95, 96, 97, 100 ], 
  [ 44, 49, 50, 68, 75, 79, 81, 82, 84, 85, 86, 87, 88, 89, 90, 91, 92, 93, 
      94, 95, 96, 98 ], 
  [ 44, 49, 50, 68, 71, 75, 79, 81, 82, 84, 85, 86, 87, 88, 89, 90, 91, 92, 
      93, 94, 96, 97, 98 ], 
  [ 40, 49, 50, 68, 69, 75, 79, 81, 82, 84, 86, 87, 88, 89, 90, 91, 92, 93, 
      94, 96, 97, 98, 100 ], 
  [ 49, 50, 68, 72, 79, 81, 82, 84, 85, 86, 87, 88, 89, 90, 91, 92, 93, 94, 
      96, 97, 98, 100 ], 
  [ 49, 68, 72, 75, 79, 81, 82, 84, 85, 86, 87, 88, 89, 90, 91, 92, 93, 94, 
      96, 97, 98, 100 ], 
  [ 49, 50, 68, 69, 75, 79, 81, 82, 84, 85, 86, 87, 88, 90, 92, 93, 94, 95, 
      96, 97, 98, 100 ], 
  [ 49, 50, 68, 69, 75, 79, 81, 82, 84, 85, 86, 87, 89, 90, 92, 93, 94, 95, 
      96, 97, 98, 100 ], 
  [ 49, 50, 68, 69, 75, 79, 81, 82, 84, 85, 87, 88, 89, 90, 92, 93, 94, 95, 
      96, 97, 98, 100 ], 
  [ 49, 50, 68, 69, 75, 79, 81, 82, 84, 86, 87, 88, 89, 90, 92, 93, 94, 95, 
      96, 97, 98, 100 ], 
  [ 49, 50, 68, 79, 81, 82, 83, 84, 85, 86, 87, 88, 89, 90, 92, 93, 94, 95, 
      96, 97, 98, 100 ], 
  [ 49, 50, 68, 69, 75, 81, 82, 84, 86, 87, 88, 89, 90, 91, 92, 93, 94, 95, 
      96, 97, 98, 100 ], 
  [ 50, 68, 75, 77, 79, 81, 82, 84, 85, 86, 87, 88, 89, 90, 91, 92, 93, 94, 
      95, 96, 97, 98 ], 
  [ 50, 68, 75, 77, 79, 81, 82, 84, 85, 86, 87, 88, 90, 91, 92, 93, 94, 95, 
      96, 97, 98, 100 ], 
  [ 50, 68, 69, 75, 77, 79, 81, 82, 84, 86, 87, 88, 89, 90, 91, 92, 93, 94, 
      95, 96, 97, 98, 100 ], 
  [ 49, 50, 66, 68, 69, 75, 79, 81, 84, 85, 87, 88, 89, 90, 91, 92, 93, 96, 
      97, 98, 99, 100 ], 
  [ 49, 50, 68, 69, 70, 75, 79, 81, 84, 85, 87, 88, 89, 90, 92, 93, 95, 96, 
      97, 98, 99, 100 ], 
  [ 49, 50, 68, 69, 75, 79, 81, 83, 84, 85, 87, 88, 89, 90, 92, 94, 95, 96, 
      97, 98, 99, 100 ], 
  [ 49, 50, 68, 69, 70, 75, 79, 81, 83, 84, 85, 87, 88, 89, 90, 93, 94, 95, 
      96, 97, 98, 99, 100 ], 
  [ 49, 50, 68, 70, 72, 75, 79, 81, 84, 85, 87, 88, 89, 91, 92, 93, 94, 95, 
      96, 97, 98, 100 ], 
  [ 49, 50, 60, 68, 70, 75, 79, 81, 84, 85, 87, 88, 91, 92, 93, 94, 95, 96, 
      97, 98, 99, 100 ], 
  [ 49, 50, 60, 68, 70, 75, 79, 81, 84, 87, 88, 89, 91, 92, 93, 94, 95, 96, 
      97, 98, 99, 100 ], 
  [ 49, 50, 60, 68, 70, 75, 79, 84, 85, 87, 88, 89, 91, 92, 93, 94, 95, 96, 
      97, 98, 99, 100 ], 
  [ 50, 65, 66, 68, 69, 75, 76, 79, 81, 84, 85, 86, 87, 88, 89, 90, 91, 92, 
      94, 95, 99, 100 ], 
  [ 50, 62, 65, 66, 68, 69, 75, 76, 79, 81, 82, 84, 85, 86, 87, 89, 90, 91, 
      92, 93, 94, 95, 99, 100 ], 
  [ 30, 50, 65, 66, 68, 69, 75, 76, 79, 81, 84, 85, 86, 88, 89, 90, 91, 92, 
      93, 94, 95, 99, 100 ], 
  [ 50, 65, 66, 69, 75, 76, 79, 81, 84, 85, 86, 87, 88, 89, 90, 91, 92, 93, 
      94, 95, 99, 100 ], 
  [ 50, 65, 68, 69, 75, 77, 81, 82, 84, 85, 86, 87, 88, 89, 90, 91, 92, 94, 
      95, 97, 99, 100 ], 
  [ 50, 60, 65, 68, 69, 75, 77, 79, 81, 84, 85, 86, 87, 88, 91, 93, 94, 95, 
      97, 98, 99, 100 ], 
  [ 50, 65, 68, 75, 77, 78, 79, 81, 84, 85, 86, 87, 88, 89, 90, 91, 94, 95, 
      97, 98, 99, 100 ], 
  [ 50, 60, 65, 68, 69, 75, 77, 79, 81, 84, 85, 86, 87, 88, 91, 92, 94, 95, 
      97, 98, 99, 100 ], 
  [ 50, 64, 65, 68, 69, 75, 77, 79, 81, 84, 86, 88, 89, 90, 91, 92, 93, 95, 
      97, 98, 99, 100 ], 
  [ 49, 50, 68, 72, 79, 81, 82, 83, 84, 85, 86, 87, 88, 89, 90, 92, 93, 94, 
      96, 97, 98, 100 ], 
  [ 49, 50, 68, 72, 81, 82, 83, 84, 85, 86, 87, 88, 89, 90, 91, 92, 93, 94, 
      96, 97, 98, 100 ], 
  [ 49, 68, 71, 72, 75, 79, 81, 82, 84, 85, 86, 87, 88, 89, 90, 91, 92, 93, 
      94, 96, 97, 98 ], 
  [ 49, 50, 68, 69, 79, 81, 82, 83, 84, 85, 86, 87, 89, 90, 92, 93, 94, 95, 
      96, 97, 98, 100 ], 
  [ 49, 68, 69, 75, 79, 81, 82, 83, 84, 85, 86, 87, 89, 90, 92, 93, 94, 95, 
      96, 97, 98, 100 ], 
  [ 49, 50, 68, 69, 75, 79, 81, 82, 83, 84, 85, 87, 88, 89, 90, 92, 94, 95, 
      96, 97, 98, 100 ], 
  [ 49, 50, 68, 69, 75, 79, 81, 82, 83, 84, 85, 87, 88, 89, 90, 93, 94, 95, 
      96, 97, 98, 100 ], 
  [ 49, 50, 68, 69, 70, 75, 79, 81, 82, 83, 84, 85, 87, 88, 89, 92, 93, 94, 
      95, 96, 97, 98, 100 ], 
  [ 49, 50, 68, 69, 75, 79, 81, 82, 83, 85, 87, 88, 89, 90, 92, 93, 94, 95, 
      96, 97, 98, 100 ], 
  [ 49, 50, 68, 69, 79, 81, 82, 83, 84, 85, 87, 88, 89, 90, 92, 93, 94, 95, 
      96, 97, 98, 100 ], 
  [ 40, 49, 50, 68, 69, 75, 77, 79, 81, 82, 83, 84, 86, 87, 88, 89, 90, 92, 
      94, 95, 96, 97, 98, 100 ], 
  [ 40, 49, 50, 68, 69, 75, 79, 81, 82, 84, 86, 88, 89, 90, 92, 93, 94, 95, 
      96, 97, 98, 100 ], 
  [ 49, 50, 68, 72, 78, 79, 81, 82, 83, 84, 85, 86, 87, 88, 89, 90, 93, 94, 
      95, 96, 97, 98, 100 ], 
  [ 49, 50, 68, 72, 79, 81, 82, 83, 84, 85, 86, 87, 88, 89, 92, 93, 94, 95, 
      96, 97, 98, 100 ], 
  [ 49, 50, 68, 72, 79, 81, 82, 83, 85, 86, 87, 88, 89, 90, 92, 93, 94, 95, 
      96, 97, 98, 100 ], 
  [ 49, 50, 68, 69, 75, 79, 81, 82, 83, 84, 85, 87, 88, 89, 90, 92, 94, 95, 
      96, 97, 99, 100 ], 
  [ 49, 50, 68, 69, 70, 75, 79, 81, 83, 84, 85, 87, 88, 89, 92, 94, 95, 96, 
      97, 98, 99, 100 ], 
  [ 49, 50, 68, 69, 75, 77, 79, 81, 83, 84, 85, 87, 88, 90, 92, 94, 95, 96, 
      97, 98, 99, 100 ], 
  [ 49, 50, 68, 69, 75, 77, 79, 81, 83, 84, 87, 88, 89, 90, 92, 94, 95, 96, 
      97, 98, 99, 100 ], 
  [ 49, 50, 68, 70, 72, 75, 81, 82, 84, 85, 87, 88, 89, 91, 92, 93, 94, 95, 
      96, 97, 98, 100 ], 
  [ 49, 60, 68, 70, 72, 75, 79, 81, 84, 85, 87, 88, 89, 91, 92, 93, 94, 95, 
      96, 97, 98, 100 ], 
  [ 49, 50, 60, 68, 69, 70, 75, 81, 84, 85, 87, 88, 91, 92, 93, 94, 95, 96, 
      97, 98, 99, 100 ], 
  [ 50, 65, 68, 69, 75, 76, 77, 81, 82, 84, 85, 86, 87, 88, 89, 90, 91, 92, 
      94, 95, 99, 100 ], 
  [ 44, 49, 68, 71, 72, 75, 79, 81, 82, 84, 85, 86, 87, 88, 89, 90, 91, 92, 
      93, 96, 97, 98 ], 
  [ 44, 49, 68, 71, 72, 75, 79, 81, 82, 84, 85, 86, 87, 88, 89, 90, 91, 93, 
      94, 96, 97, 98 ], 
  [ 40, 44, 49, 68, 71, 72, 73, 75, 79, 81, 82, 84, 85, 86, 88, 89, 90, 91, 
      92, 93, 94, 96, 97, 98 ], 
  [ 44, 49, 68, 71, 72, 75, 79, 81, 82, 85, 86, 87, 88, 89, 90, 91, 92, 93, 
      94, 96, 97, 98 ], 
  [ 44, 49, 50, 68, 72, 79, 81, 82, 83, 85, 86, 87, 88, 89, 90, 92, 93, 94, 
      95, 96, 97, 98 ], 
  [ 26, 49, 50, 68, 69, 70, 75, 79, 81, 83, 84, 85, 87, 88, 89, 92, 94, 95, 
      96, 97, 98, 99 ], 
  [ 24, 26, 35, 39, 48, 49, 50, 60, 68, 69, 70, 75, 77, 79, 81, 83, 84, 85, 
      87, 88, 92, 94, 95, 96, 97, 98, 99, 100 ], 
  [ 48, 49, 50, 68, 69, 70, 75, 79, 81, 83, 84, 87, 88, 89, 92, 94, 95, 96, 
      97, 98, 99, 100 ], 
  [ 44, 49, 68, 71, 72, 73, 75, 79, 81, 82, 85, 86, 87, 88, 89, 90, 91, 92, 
      93, 94, 96, 97 ], 
  [ 26, 48, 49, 50, 68, 69, 70, 75, 79, 81, 83, 84, 87, 88, 89, 92, 94, 95, 
      96, 97, 98, 99 ], 
  [ 22, 40, 49, 50, 68, 69, 75, 79, 82, 84, 86, 87, 88, 89, 91, 92, 93, 94, 
      96, 97, 98, 100 ], 
  [ 40, 44, 46, 49, 68, 71, 72, 73, 75, 79, 81, 82, 84, 86, 88, 89, 90, 91, 
      92, 93, 96, 97 ], 
  [ 3, 49, 56, 57, 58, 59, 60, 71, 72, 73, 74, 75, 85, 86, 90, 91, 92, 93, 
      97, 98, 99, 100 ], 
  [ 2, 39, 42, 43, 47, 48, 50, 76, 77, 78, 79, 80, 83, 84, 85, 86, 87, 94, 
      95, 98, 99, 100 ] ];
