return 
[ [ 2, 3, 5, 6, 7, 8, 9, 10, 11, 12, 13, 14, 15, 16, 18, 19, 20, 31, 34, 35, 
      36 ], 
  [ 1, 2, 3, 4, 6, 7, 8, 10, 11, 12, 13, 15, 17, 18, 19, 20, 31, 32, 33, 35, 
      36 ], [ 1, 2, 3, 4, 6, 7, 8, 9, 10, 11, 12, 13, 15, 17, 18, 19, 20, 31, 
      33, 34, 35 ], 
  [ 1, 2, 3, 5, 6, 7, 8, 9, 10, 11, 12, 13, 14, 15, 17, 18, 19, 20, 31, 33, 
      35 ], [ 2, 3, 5, 7, 8, 9, 10, 11, 12, 13, 14, 15, 16, 17, 18, 19, 20, 
      31, 34, 35, 36 ], 
  [ 2, 3, 5, 6, 7, 8, 10, 11, 13, 14, 15, 17, 18, 19, 20, 21, 31, 32, 33, 35, 
      36 ], 
  [ 1, 2, 3, 5, 7, 8, 9, 10, 11, 12, 13, 14, 15, 16, 18, 20, 22, 31, 33, 34, 
      36 ], 
  [ 1, 2, 3, 5, 7, 8, 9, 10, 11, 12, 13, 14, 15, 16, 19, 20, 22, 31, 33, 34, 
      36 ], 
  [ 1, 3, 5, 6, 7, 8, 9, 10, 11, 12, 13, 14, 18, 19, 20, 22, 31, 32, 33, 34, 
      35 ], [ 2, 3, 5, 6, 7, 8, 10, 11, 12, 13, 14, 15, 18, 19, 20, 22, 31, 
      32, 33, 35, 36 ], 
  [ 2, 3, 5, 7, 8, 9, 10, 11, 12, 13, 14, 15, 16, 18, 19, 20, 22, 31, 33, 34, 
      36 ], 
  [ 3, 4, 5, 6, 7, 8, 9, 10, 11, 12, 13, 17, 18, 19, 20, 22, 31, 32, 33, 35, 
      36 ], [ 2, 3, 4, 5, 6, 7, 8, 9, 10, 11, 12, 13, 17, 18, 19, 20, 22, 31, 
      33, 35, 36 ], 
  [ 2, 3, 5, 6, 7, 8, 10, 11, 12, 13, 14, 15, 18, 19, 21, 22, 31, 32, 34, 35, 
      36 ], 
  [ 3, 4, 5, 6, 7, 8, 9, 10, 11, 12, 13, 18, 20, 21, 22, 31, 32, 33, 34, 35, 
      36 ], 
  [ 2, 3, 5, 6, 7, 8, 9, 10, 11, 12, 13, 15, 18, 20, 21, 22, 31, 33, 34, 35, 
      36 ], [ 2, 3, 5, 7, 8, 9, 10, 11, 12, 13, 14, 15, 18, 20, 21, 22, 31, 
      33, 34, 35, 36 ], 
  [ 2, 3, 5, 6, 7, 8, 9, 10, 11, 12, 13, 14, 15, 18, 20, 21, 22, 31, 34, 35, 
      36 ], 
  [ 2, 3, 4, 6, 7, 8, 9, 10, 11, 13, 14, 17, 18, 20, 21, 22, 31, 32, 33, 35, 
      36 ], [ 2, 3, 5, 7, 8, 10, 11, 13, 14, 15, 18, 19, 20, 21, 22, 31, 32, 
      33, 34, 35, 36 ], 
  [ 2, 3, 5, 6, 7, 8, 10, 11, 13, 14, 15, 18, 19, 20, 21, 22, 31, 32, 33, 35, 
      36 ], 
  [ 2, 3, 4, 5, 7, 8, 9, 11, 12, 13, 16, 18, 19, 20, 21, 22, 31, 33, 34, 35, 
      36 ], [ 2, 3, 4, 5, 6, 7, 8, 9, 11, 12, 13, 16, 18, 19, 20, 21, 22, 31, 
      33, 35, 36 ], 
  [ 2, 3, 4, 5, 6, 7, 8, 9, 10, 11, 12, 13, 16, 18, 19, 20, 21, 22, 34, 35, 
      36 ], 
  [ 2, 3, 5, 6, 7, 8, 9, 10, 11, 12, 13, 14, 16, 18, 19, 20, 21, 22, 34, 35, 
      36 ], [ 2, 3, 4, 7, 8, 9, 10, 11, 13, 14, 17, 18, 19, 20, 21, 22, 31, 
      33, 34, 35, 36 ], 
  [ 2, 3, 5, 6, 7, 8, 10, 11, 13, 14, 15, 17, 18, 19, 20, 21, 22, 31, 32, 33, 
      36 ], [ 1, 2, 3, 5, 6, 7, 8, 9, 10, 11, 12, 13, 14, 15, 17, 18, 19, 23, 
      31, 33, 35 ], 
  [ 2, 3, 4, 5, 6, 7, 8, 10, 11, 12, 15, 17, 18, 19, 21, 23, 31, 32, 33, 35, 
      36 ], [ 1, 2, 3, 4, 6, 7, 8, 9, 10, 11, 14, 15, 17, 18, 20, 21, 23, 31, 
      33, 34, 35 ], 
  [ 3, 4, 5, 6, 7, 8, 9, 10, 11, 14, 17, 18, 19, 20, 21, 23, 31, 32, 33, 34, 
      35 ], [ 1, 2, 3, 4, 7, 8, 10, 11, 14, 15, 17, 18, 19, 20, 21, 23, 31, 
      32, 33, 34, 35 ], 
  [ 3, 4, 5, 7, 8, 10, 11, 14, 15, 17, 18, 19, 20, 21, 23, 31, 32, 33, 34, 
      35, 36 ], 
  [ 2, 3, 4, 5, 7, 8, 9, 10, 11, 16, 17, 18, 19, 20, 21, 23, 31, 33, 34, 35, 
      36 ], 
  [ 1, 2, 3, 6, 7, 8, 9, 10, 11, 12, 13, 14, 18, 19, 22, 23, 31, 32, 33, 34, 
      35 ], [ 1, 2, 3, 5, 6, 7, 8, 9, 10, 11, 12, 14, 15, 18, 19, 20, 22, 23, 
      31, 33, 34 ], 
  [ 1, 2, 3, 5, 6, 9, 10, 11, 12, 13, 14, 15, 18, 19, 20, 22, 23, 31, 33, 34, 
      35 ], [ 2, 3, 5, 6, 7, 9, 10, 11, 12, 13, 14, 15, 18, 19, 20, 22, 23, 
      31, 33, 34, 35 ], 
  [ 1, 3, 4, 5, 6, 7, 8, 9, 10, 11, 14, 17, 18, 20, 21, 22, 23, 31, 32, 33, 
      34 ], 
  [ 3, 4, 5, 6, 7, 8, 9, 10, 11, 14, 18, 19, 20, 21, 22, 23, 31, 32, 33, 34, 
      35 ], 
  [ 2, 3, 5, 6, 7, 8, 9, 10, 11, 13, 14, 18, 19, 20, 21, 22, 23, 31, 33, 34, 
      35 ], [ 3, 4, 5, 6, 7, 9, 10, 11, 14, 17, 18, 19, 20, 21, 22, 23, 31, 
      32, 33, 34, 35 ], 
  [ 3, 4, 5, 6, 8, 9, 10, 11, 14, 17, 18, 19, 20, 21, 22, 23, 31, 32, 33, 34, 
      35 ], 
  [ 1, 2, 3, 4, 6, 7, 8, 10, 11, 12, 13, 15, 17, 19, 20, 24, 31, 32, 33, 35, 
      36 ], [ 1, 2, 3, 4, 6, 7, 8, 9, 10, 11, 12, 13, 15, 17, 19, 20, 24, 31, 
      33, 35, 36 ], 
  [ 2, 3, 4, 5, 6, 7, 8, 10, 11, 12, 13, 17, 18, 19, 21, 24, 31, 32, 33, 35, 
      36 ], 
  [ 2, 3, 4, 5, 6, 7, 8, 10, 11, 12, 15, 17, 18, 19, 21, 24, 31, 32, 33, 35, 
      36 ], [ 1, 3, 4, 5, 6, 7, 8, 9, 10, 11, 12, 13, 17, 18, 19, 22, 24, 31, 
      32, 33, 34 ], 
  [ 3, 4, 5, 6, 7, 8, 9, 10, 11, 12, 13, 19, 20, 22, 24, 31, 32, 33, 34, 35, 
      36 ], 
  [ 1, 2, 3, 5, 7, 8, 9, 10, 11, 12, 13, 14, 15, 19, 20, 22, 24, 31, 33, 34, 
      36 ], 
  [ 1, 2, 3, 5, 7, 8, 9, 10, 11, 12, 13, 14, 15, 16, 19, 20, 22, 24, 31, 34, 
      36 ], 
  [ 2, 3, 5, 6, 7, 8, 9, 10, 11, 13, 14, 17, 19, 21, 22, 24, 31, 32, 33, 35, 
      36 ], 
  [ 2, 3, 4, 5, 6, 7, 8, 10, 11, 12, 13, 18, 19, 21, 22, 24, 31, 32, 33, 35, 
      36 ], [ 2, 3, 5, 6, 7, 8, 10, 11, 12, 13, 15, 18, 19, 21, 22, 24, 31, 
      32, 33, 35, 36 ], 
  [ 2, 3, 4, 5, 6, 7, 8, 10, 11, 13, 17, 18, 19, 21, 22, 24, 31, 32, 33, 35, 
      36 ], 
  [ 3, 4, 5, 6, 7, 8, 9, 10, 11, 12, 13, 20, 21, 22, 24, 31, 32, 33, 34, 35, 
      36 ], 
  [ 3, 4, 5, 6, 7, 8, 9, 10, 11, 12, 13, 18, 20, 21, 22, 24, 31, 32, 33, 34, 
      35 ], [ 2, 3, 4, 5, 6, 7, 8, 9, 10, 11, 12, 13, 18, 20, 21, 22, 24, 31, 
      34, 35, 36 ], 
  [ 3, 4, 5, 6, 7, 8, 9, 10, 11, 13, 19, 20, 21, 22, 24, 31, 32, 33, 34, 35, 
      36 ], [ 3, 5, 6, 7, 8, 9, 10, 11, 13, 14, 19, 20, 21, 22, 24, 31, 32, 
      33, 34, 35, 36 ], 
  [ 2, 3, 5, 6, 7, 8, 10, 11, 13, 14, 15, 19, 20, 21, 22, 24, 31, 32, 33, 35, 
      36 ], [ 3, 4, 5, 6, 7, 9, 10, 11, 13, 17, 19, 20, 21, 22, 24, 31, 32, 
      33, 34, 35, 36 ], 
  [ 3, 4, 5, 6, 7, 8, 9, 10, 11, 13, 17, 19, 20, 21, 22, 24, 31, 32, 33, 34, 
      36 ], 
  [ 3, 4, 5, 6, 7, 8, 9, 10, 11, 13, 17, 19, 20, 21, 22, 24, 31, 32, 33, 35, 
      36 ], [ 2, 3, 5, 6, 7, 10, 11, 13, 14, 15, 17, 19, 20, 21, 22, 24, 31, 
      32, 33, 35, 36 ], 
  [ 2, 3, 4, 5, 6, 7, 8, 9, 10, 11, 12, 15, 16, 19, 21, 23, 24, 31, 34, 35, 
      36 ], 
  [ 2, 3, 5, 6, 7, 8, 9, 10, 11, 12, 13, 14, 15, 16, 19, 21, 23, 24, 34, 35, 
      36 ], 
  [ 3, 4, 5, 6, 7, 8, 9, 11, 12, 13, 16, 17, 18, 19, 21, 23, 24, 31, 33, 34, 
      35 ], 
  [ 2, 3, 5, 6, 7, 8, 9, 10, 11, 12, 13, 15, 16, 17, 18, 19, 21, 23, 24, 34, 
      35 ], [ 2, 3, 4, 5, 6, 7, 8, 9, 10, 11, 12, 15, 16, 18, 20, 21, 23, 24, 
      31, 34, 35 ], 
  [ 2, 3, 4, 5, 6, 7, 8, 9, 10, 11, 12, 15, 16, 18, 20, 21, 23, 24, 33, 34, 
      35 ], [ 3, 4, 5, 6, 7, 8, 10, 11, 15, 17, 18, 19, 20, 21, 23, 24, 31, 
      32, 33, 34, 35 ], 
  [ 2, 3, 5, 6, 7, 9, 10, 11, 13, 14, 17, 19, 21, 22, 23, 24, 31, 32, 33, 35, 
      36 ], 
  [ 2, 3, 5, 6, 7, 8, 9, 10, 11, 12, 13, 14, 18, 21, 22, 23, 25, 31, 33, 34, 
      35 ], 
  [ 1, 2, 3, 4, 7, 8, 9, 10, 11, 12, 13, 16, 19, 20, 22, 24, 25, 31, 33, 34, 
      36 ], [ 1, 2, 3, 4, 6, 8, 10, 11, 12, 15, 17, 18, 19, 23, 24, 25, 27, 
      31, 32, 33, 35 ], 
  [ 2, 3, 4, 5, 6, 7, 8, 9, 10, 11, 12, 13, 18, 19, 20, 21, 22, 31, 33, 34, 
      35, 36 ], 
  [ 1, 2, 3, 5, 6, 7, 8, 9, 10, 11, 12, 13, 14, 15, 18, 19, 20, 23, 31, 33, 
      34, 35 ], 
  [ 1, 3, 5, 6, 7, 8, 9, 10, 11, 13, 14, 15, 17, 18, 20, 21, 23, 31, 32, 33, 
      34, 35 ], 
  [ 2, 3, 5, 6, 7, 8, 9, 10, 11, 13, 14, 15, 17, 18, 19, 20, 21, 23, 31, 33, 
      34, 35 ], 
  [ 3, 5, 6, 7, 8, 9, 10, 11, 13, 14, 15, 17, 19, 20, 21, 24, 31, 32, 33, 34, 
      35, 36 ], 
  [ 2, 3, 4, 6, 7, 8, 9, 10, 11, 14, 15, 16, 17, 19, 20, 21, 23, 24, 31, 34, 
      35, 36 ], 
  [ 2, 3, 5, 6, 7, 9, 10, 11, 13, 14, 15, 17, 19, 20, 21, 22, 23, 24, 31, 33, 
      35, 36 ], 
  [ 2, 3, 4, 6, 7, 8, 10, 11, 12, 13, 15, 18, 19, 20, 21, 22, 24, 31, 32, 33, 
      34, 35, 36 ], 
  [ 1, 2, 3, 4, 6, 7, 8, 9, 11, 12, 13, 15, 16, 17, 18, 19, 20, 23, 24, 31, 
      33, 34, 35 ], 
  [ 2, 3, 4, 5, 6, 7, 8, 9, 10, 11, 15, 16, 17, 18, 19, 20, 21, 23, 24, 31, 
      33, 34, 35 ], 
  [ 1, 2, 3, 4, 6, 7, 8, 10, 11, 12, 13, 15, 17, 18, 19, 23, 24, 25, 31, 32, 
      33, 34, 35 ], 
  [ 2, 3, 4, 5, 6, 7, 8, 9, 10, 11, 12, 13, 16, 18, 19, 20, 21, 22, 24, 25, 
      31, 33, 34, 36 ], 
  [ 2, 3, 5, 6, 8, 10, 11, 13, 14, 15, 17, 18, 19, 20, 21, 22, 24, 25, 27, 
      31, 32, 33, 35, 36 ], 
  [ 1, 2, 3, 4, 6, 7, 8, 9, 10, 11, 12, 13, 15, 17, 18, 21, 23, 24, 25, 26, 
      31, 32, 33, 34, 35 ], 
  [ 2, 3, 4, 5, 6, 7, 8, 9, 10, 11, 12, 13, 15, 16, 17, 18, 19, 20, 21, 24, 
      25, 31, 33, 34, 35, 36 ], 
  [ 1, 2, 3, 5, 6, 7, 8, 9, 10, 11, 13, 14, 15, 16, 17, 18, 19, 20, 21, 22, 
      23, 24, 25, 31, 33, 34 ], 
  [ 2, 3, 4, 5, 6, 7, 9, 10, 11, 12, 13, 15, 16, 17, 18, 19, 20, 21, 22, 23, 
      24, 25, 26, 28, 31, 33, 34, 35, 36 ], 
  [ 1, 2, 3, 4, 5, 6, 7, 8, 9, 10, 12, 13, 14, 15, 16, 17, 18, 19, 20, 21, 
      22, 23, 24, 25, 26, 27, 28, 29, 30, 31, 32, 33, 34, 35, 36 ] ];
