return 
[ [ 265, 271, 272, 277, 459, 493, 494, 495, 496, 504, 505, 506, 507, 508, 
      509, 523, 524, 538, 539, 540, 541, 542, 543, 544, 545, 547, 548, 549, 
      550, 551, 552 ], 
  [ 265, 271, 272, 276, 459, 493, 504, 505, 506, 507, 508, 509, 523, 524, 
      538, 539, 540, 541, 542, 543, 544, 545, 547, 548, 549, 550, 551, 552 ], 
  [ 276, 277, 459, 493, 504, 505, 506, 507, 508, 509, 523, 524, 538, 539, 
      540, 541, 542, 543, 544, 545, 547, 548, 549, 550, 551, 552 ], 
  [ 265, 271, 275, 276, 459, 465, 493, 495, 509, 524, 538, 539, 540, 541, 
      542, 543, 544, 545, 547, 548, 550, 551, 552 ], 
  [ 251, 252, 265, 271, 275, 276, 459, 465, 493, 495, 524, 538, 539, 540, 
      541, 542, 543, 544, 545, 547, 548, 549, 550, 551, 552 ], 
  [ 251, 252, 265, 271, 275, 276, 459, 465, 493, 495, 509, 524, 538, 539, 
      541, 542, 543, 544, 545, 547, 548, 550, 551, 552 ], 
  [ 252, 265, 271, 275, 276, 459, 493, 495, 509, 524, 538, 539, 541, 542, 
      543, 544, 545, 547, 548, 549, 550, 551, 552 ], 
  [ 251, 252, 265, 271, 275, 276, 459, 465, 493, 495, 509, 524, 538, 539, 
      541, 543, 544, 545, 547, 548, 549, 550, 551, 552 ], 
  [ 265, 271, 275, 276, 459, 465, 493, 495, 509, 523, 524, 538, 539, 540, 
      541, 542, 543, 544, 545, 547, 548, 550, 551 ], 
  [ 234, 265, 271, 275, 276, 459, 465, 493, 495, 509, 516, 523, 524, 538, 
      539, 540, 541, 542, 543, 544, 545, 547, 548, 550, 552 ], 
  [ 51, 70, 93, 109, 110, 118, 119, 134, 137, 151, 152, 172, 174, 180, 181, 
      189, 190, 209, 210, 212, 214, 215, 216, 219, 220, 229, 230, 231, 232, 
      233, 234, 240, 243, 244, 250, 251, 252, 253, 260, 261, 262, 263, 264, 
      265, 269, 270, 271, 272, 275, 276, 317, 360, 361, 362, 363, 394, 408, 
      410, 415, 416, 433, 434, 454, 455, 459, 462, 465, 466, 471, 473, 482, 
      483, 493, 495, 496, 500, 506, 507, 508, 509, 515, 516, 518, 522, 523, 
      524, 533, 538, 539, 540, 541, 542, 543, 544, 545, 546, 547, 548, 551, 
      552 ], 
  [ 251, 265, 271, 275, 276, 459, 465, 493, 495, 509, 524, 538, 539, 540, 
      541, 542, 543, 544, 545, 548, 550, 551, 552 ], 
  [ 251, 265, 271, 275, 276, 459, 465, 493, 495, 509, 524, 538, 539, 540, 
      541, 542, 543, 544, 547, 548, 550, 551, 552 ], 
  [ 251, 265, 271, 275, 276, 459, 465, 493, 495, 509, 524, 538, 539, 540, 
      541, 542, 543, 545, 547, 548, 550, 551, 552 ], 
  [ 251, 265, 271, 275, 276, 459, 465, 493, 495, 509, 524, 538, 539, 540, 
      541, 542, 544, 545, 547, 548, 550, 551, 552 ], 
  [ 251, 265, 271, 275, 276, 459, 465, 493, 495, 509, 524, 538, 539, 540, 
      542, 543, 544, 545, 547, 548, 550, 551, 552 ], 
  [ 265, 271, 275, 276, 459, 465, 493, 495, 509, 523, 524, 538, 540, 541, 
      542, 543, 544, 545, 547, 548, 550, 551, 552 ], 
  [ 234, 252, 265, 271, 275, 276, 415, 459, 465, 493, 495, 507, 509, 516, 
      523, 524, 539, 540, 541, 542, 543, 544, 545, 547, 548, 550, 551, 552 ], 
  [ 234, 244, 250, 252, 253, 262, 265, 269, 271, 275, 276, 415, 454, 459, 
      465, 473, 493, 495, 496, 507, 509, 516, 523, 538, 539, 540, 541, 542, 
      543, 544, 545, 546, 547, 548, 550, 551, 552 ], 
  [ 244, 251, 252, 265, 270, 271, 275, 277, 363, 379, 401, 407, 410, 415, 
      416, 419, 459, 465, 471, 474, 482, 490, 492, 493, 494, 495, 496, 506, 
      509, 511, 516, 524, 527, 533, 534, 537, 538, 539, 540, 541, 542, 543, 
      544, 545, 546, 547, 548, 549, 550, 551, 552 ], 
  [ 271, 275, 276, 459, 465, 493, 495, 509, 523, 524, 538, 539, 540, 541, 
      542, 543, 544, 545, 547, 548, 550, 551, 552 ], 
  [ 252, 265, 271, 272, 275, 276, 459, 493, 495, 509, 524, 538, 539, 541, 
      542, 543, 544, 545, 547, 548, 549, 550, 551 ], 
  [ 252, 265, 271, 272, 275, 276, 459, 493, 495, 509, 524, 538, 539, 541, 
      542, 543, 544, 545, 547, 548, 549, 550, 552 ], 
  [ 252, 265, 271, 272, 275, 276, 459, 493, 495, 509, 524, 538, 539, 541, 
      542, 543, 544, 545, 547, 548, 549, 551, 552 ], 
  [ 251, 252, 265, 271, 275, 276, 459, 493, 495, 509, 524, 538, 539, 541, 
      542, 543, 544, 545, 548, 549, 550, 551, 552 ], 
  [ 251, 252, 265, 271, 275, 276, 459, 493, 495, 509, 524, 538, 539, 541, 
      542, 543, 544, 547, 548, 549, 550, 551, 552 ], 
  [ 251, 252, 265, 271, 275, 276, 459, 493, 495, 509, 524, 538, 539, 541, 
      542, 543, 545, 547, 548, 549, 550, 551, 552 ], 
  [ 251, 252, 265, 271, 275, 276, 459, 493, 495, 509, 524, 538, 539, 542, 
      543, 544, 545, 547, 548, 549, 550, 551, 552 ], 
  [ 252, 265, 271, 272, 275, 276, 459, 493, 495, 509, 524, 539, 541, 542, 
      543, 544, 545, 547, 548, 549, 550, 551, 552 ], 
  [ 251, 252, 265, 275, 276, 459, 493, 495, 509, 524, 538, 539, 541, 542, 
      543, 544, 545, 547, 548, 549, 550, 551, 552 ], 
  [ 265, 271, 272, 275, 276, 459, 493, 495, 509, 524, 538, 539, 541, 542, 
      543, 544, 545, 547, 548, 549, 550, 551, 552 ], 
  [ 265, 271, 275, 276, 459, 465, 493, 495, 509, 516, 523, 524, 538, 539, 
      540, 541, 542, 543, 544, 545, 547, 550, 551 ], 
  [ 234, 251, 265, 271, 275, 276, 459, 465, 493, 495, 509, 524, 538, 539, 
      540, 541, 542, 543, 544, 545, 548, 550, 551 ], 
  [ 251, 265, 271, 275, 276, 459, 465, 493, 495, 509, 524, 538, 539, 540, 
      541, 543, 544, 545, 548, 549, 550, 551, 552 ], 
  [ 251, 252, 265, 271, 275, 276, 459, 465, 493, 495, 509, 524, 539, 540, 
      541, 542, 543, 544, 545, 548, 550, 551, 552 ], 
  [ 251, 252, 265, 271, 275, 276, 459, 465, 493, 495, 509, 538, 539, 540, 
      541, 542, 543, 544, 545, 548, 550, 551, 552 ], 
  [ 251, 265, 271, 275, 276, 459, 493, 494, 495, 509, 524, 538, 539, 540, 
      541, 542, 543, 544, 545, 548, 550, 551, 552 ], 
  [ 251, 252, 265, 271, 275, 276, 459, 465, 493, 495, 509, 524, 538, 539, 
      540, 541, 542, 543, 545, 547, 548, 550, 552 ], 
  [ 251, 265, 271, 275, 276, 459, 465, 493, 495, 509, 524, 538, 539, 540, 
      541, 543, 545, 547, 548, 549, 550, 551, 552 ], 
  [ 251, 252, 265, 271, 275, 276, 459, 465, 493, 495, 509, 524, 539, 540, 
      541, 542, 543, 545, 547, 548, 550, 551, 552 ], 
  [ 251, 252, 265, 271, 275, 276, 459, 465, 493, 495, 509, 538, 539, 540, 
      541, 542, 543, 545, 547, 548, 550, 551, 552 ], 
  [ 251, 265, 271, 275, 276, 459, 493, 495, 509, 524, 538, 539, 540, 541, 
      542, 543, 545, 547, 548, 549, 550, 551, 552 ], 
  [ 251, 265, 271, 275, 276, 459, 465, 493, 495, 509, 524, 533, 538, 539, 
      540, 541, 544, 545, 547, 548, 550, 551, 552 ], 
  [ 234, 251, 265, 271, 275, 276, 415, 459, 465, 493, 495, 509, 524, 538, 
      539, 540, 542, 543, 544, 545, 547, 548, 550, 552 ], 
  [ 251, 265, 271, 275, 276, 415, 459, 465, 493, 495, 509, 524, 539, 540, 
      542, 543, 544, 545, 547, 548, 550, 551, 552 ], 
  [ 252, 265, 271, 272, 275, 276, 459, 493, 495, 509, 524, 527, 538, 539, 
      541, 542, 543, 544, 545, 547, 548, 550, 551 ], 
  [ 252, 265, 271, 272, 275, 276, 459, 493, 495, 509, 524, 527, 538, 539, 
      541, 542, 543, 544, 545, 547, 549, 550, 551 ], 
  [ 233, 234, 242, 251, 252, 265, 271, 272, 275, 276, 459, 465, 475, 493, 
      494, 495, 504, 509, 524, 527, 537, 538, 539, 541, 542, 543, 544, 545, 
      548, 549, 550, 551 ], 
  [ 251, 252, 265, 271, 272, 275, 276, 459, 465, 475, 493, 495, 504, 509, 
      524, 527, 538, 539, 541, 542, 543, 544, 547, 548, 549, 550, 551 ], 
  [ 252, 265, 271, 272, 275, 276, 459, 465, 493, 495, 509, 524, 527, 538, 
      539, 541, 543, 544, 545, 547, 548, 549, 550, 551 ], 
  [ 252, 265, 271, 272, 275, 276, 459, 465, 475, 493, 495, 509, 524, 527, 
      538, 539, 542, 543, 544, 545, 547, 548, 549, 550, 551 ], 
  [ 252, 265, 271, 272, 275, 276, 459, 493, 495, 524, 527, 538, 539, 541, 
      542, 543, 544, 545, 547, 548, 549, 550, 551 ], 
  [ 252, 265, 271, 272, 275, 276, 459, 493, 509, 524, 527, 538, 539, 541, 
      542, 543, 544, 545, 547, 548, 549, 550, 551 ], 
  [ 252, 265, 271, 272, 275, 276, 459, 495, 509, 524, 527, 538, 539, 541, 
      542, 543, 544, 545, 547, 548, 549, 550, 551 ], 
  [ 252, 265, 271, 272, 275, 276, 493, 495, 509, 524, 527, 538, 539, 541, 
      542, 543, 544, 545, 547, 548, 549, 550, 551 ], 
  [ 252, 265, 271, 272, 275, 459, 493, 495, 509, 524, 527, 538, 539, 541, 
      542, 543, 544, 545, 547, 548, 549, 550, 551 ], 
  [ 252, 265, 271, 272, 276, 459, 493, 495, 509, 524, 527, 538, 539, 541, 
      542, 543, 544, 545, 547, 548, 549, 550, 551 ], 
  [ 252, 265, 272, 275, 276, 459, 465, 493, 495, 509, 524, 527, 538, 539, 
      541, 542, 543, 544, 545, 547, 548, 549, 550, 551 ], 
  [ 234, 252, 265, 271, 272, 275, 276, 459, 493, 495, 509, 524, 538, 539, 
      541, 542, 543, 544, 545, 547, 548, 550, 552 ], 
  [ 252, 265, 271, 272, 275, 276, 459, 493, 495, 509, 524, 527, 538, 539, 
      541, 542, 543, 544, 545, 547, 549, 550, 552 ], 
  [ 251, 252, 265, 271, 272, 275, 276, 459, 493, 495, 509, 524, 538, 539, 
      541, 542, 543, 544, 547, 548, 549, 550, 552 ], 
  [ 252, 265, 271, 272, 275, 276, 459, 465, 493, 495, 509, 524, 538, 539, 
      541, 543, 544, 545, 547, 548, 549, 550, 552 ], 
  [ 252, 265, 271, 272, 275, 276, 459, 495, 509, 524, 527, 538, 539, 541, 
      542, 543, 544, 545, 547, 548, 549, 550, 552 ], 
  [ 252, 265, 271, 272, 275, 459, 493, 495, 509, 524, 527, 538, 539, 541, 
      542, 543, 544, 545, 547, 548, 549, 550, 552 ], 
  [ 251, 252, 265, 271, 272, 275, 276, 459, 493, 495, 509, 524, 538, 539, 
      541, 542, 543, 544, 545, 548, 549, 551, 552 ], 
  [ 251, 252, 265, 271, 272, 275, 276, 459, 493, 495, 509, 524, 538, 539, 
      541, 542, 543, 544, 547, 548, 549, 551, 552 ], 
  [ 251, 252, 265, 270, 271, 272, 275, 276, 459, 493, 495, 509, 524, 538, 
      539, 541, 542, 543, 545, 547, 548, 549, 551, 552 ], 
  [ 252, 265, 270, 271, 272, 275, 276, 459, 495, 509, 524, 527, 538, 539, 
      541, 542, 543, 544, 545, 547, 548, 549, 551, 552 ], 
  [ 252, 265, 270, 271, 272, 275, 276, 493, 495, 509, 524, 538, 539, 541, 
      542, 543, 544, 545, 547, 548, 549, 551, 552 ], 
  [ 251, 252, 265, 272, 275, 276, 459, 493, 495, 509, 524, 538, 539, 541, 
      542, 543, 544, 545, 547, 548, 549, 551, 552 ], 
  [ 251, 265, 271, 275, 276, 459, 493, 494, 495, 509, 524, 538, 539, 541, 
      542, 543, 544, 545, 548, 549, 550, 551, 552 ], 
  [ 251, 252, 265, 271, 272, 275, 276, 459, 493, 495, 509, 524, 539, 541, 
      542, 543, 544, 547, 548, 549, 550, 551, 552 ], 
  [ 251, 265, 271, 272, 275, 276, 459, 493, 495, 509, 524, 538, 539, 541, 
      542, 543, 544, 547, 548, 549, 550, 551, 552 ], 
  [ 251, 252, 265, 271, 275, 276, 459, 465, 493, 495, 509, 524, 538, 539, 
      542, 543, 544, 545, 547, 548, 549, 550, 551 ], 
  [ 251, 252, 265, 275, 276, 459, 465, 493, 495, 509, 524, 538, 539, 541, 
      542, 543, 544, 545, 547, 548, 549, 550, 551 ], 
  [ 251, 252, 265, 275, 276, 459, 465, 493, 495, 509, 524, 538, 541, 542, 
      543, 544, 545, 547, 548, 549, 550, 551, 552 ], 
  [ 251, 252, 275, 276, 459, 465, 493, 495, 509, 524, 538, 539, 541, 542, 
      543, 544, 545, 547, 548, 549, 550, 551, 552 ], 
  [ 234, 251, 265, 271, 275, 276, 459, 465, 493, 494, 495, 509, 524, 538, 
      539, 540, 541, 542, 543, 544, 545, 550, 551 ], 
  [ 234, 251, 252, 265, 271, 275, 276, 459, 465, 493, 495, 509, 524, 539, 
      540, 541, 542, 543, 544, 545, 548, 550, 551 ], 
  [ 234, 251, 265, 271, 275, 276, 459, 493, 494, 495, 509, 524, 538, 539, 
      540, 541, 542, 543, 544, 545, 548, 550, 551 ], 
  [ 234, 251, 265, 271, 275, 459, 465, 493, 494, 495, 509, 524, 538, 539, 
      540, 541, 542, 543, 544, 545, 548, 550, 551 ], 
  [ 234, 251, 252, 265, 271, 275, 276, 459, 465, 493, 495, 509, 524, 539, 
      540, 541, 543, 544, 545, 548, 550, 551, 552 ], 
  [ 234, 251, 252, 265, 271, 275, 276, 415, 459, 465, 493, 495, 509, 524, 
      539, 540, 542, 543, 544, 545, 548, 550, 551, 552 ], 
  [ 234, 251, 252, 265, 275, 276, 459, 465, 493, 495, 509, 524, 539, 540, 
      541, 542, 543, 544, 545, 548, 550, 551, 552 ], 
  [ 251, 265, 270, 271, 275, 276, 459, 493, 494, 495, 509, 524, 534, 537, 
      538, 539, 540, 541, 542, 543, 544, 545, 549, 550, 551, 552 ], 
  [ 251, 265, 271, 275, 276, 493, 494, 495, 509, 524, 537, 538, 539, 540, 
      541, 542, 543, 544, 545, 548, 549, 550, 551, 552 ], 
  [ 251, 265, 271, 276, 459, 493, 494, 495, 509, 524, 538, 539, 540, 541, 
      542, 543, 544, 545, 548, 549, 550, 551, 552 ], 
  [ 251, 253, 265, 271, 275, 276, 459, 465, 493, 495, 509, 524, 538, 539, 
      540, 541, 543, 545, 547, 548, 549, 551, 552 ], 
  [ 251, 253, 265, 271, 272, 275, 276, 459, 465, 493, 495, 509, 524, 533, 
      538, 539, 540, 541, 545, 547, 548, 549, 550, 551, 552 ], 
  [ 251, 253, 265, 271, 275, 276, 459, 465, 493, 495, 509, 538, 539, 540, 
      541, 543, 545, 547, 548, 549, 550, 551, 552 ], 
  [ 251, 265, 271, 272, 275, 276, 459, 465, 493, 495, 509, 524, 533, 538, 
      539, 541, 544, 545, 547, 548, 549, 550, 551, 552 ], 
  [ 251, 265, 271, 275, 276, 459, 465, 493, 495, 524, 533, 538, 539, 540, 
      541, 544, 545, 547, 548, 549, 550, 551, 552 ], 
  [ 251, 252, 265, 271, 275, 276, 415, 459, 465, 493, 495, 509, 524, 539, 
      542, 543, 544, 545, 547, 548, 550, 551, 552 ], 
  [ 252, 265, 271, 272, 275, 276, 493, 495, 506, 509, 524, 527, 538, 539, 
      541, 542, 544, 545, 547, 548, 549, 550, 551 ], 
  [ 252, 265, 271, 272, 276, 459, 493, 495, 506, 509, 524, 527, 538, 539, 
      541, 542, 543, 544, 545, 547, 548, 549, 551 ], 
  [ 252, 265, 271, 272, 276, 459, 493, 495, 506, 509, 524, 527, 538, 539, 
      541, 542, 544, 545, 547, 548, 549, 550, 551 ], 
  [ 234, 252, 265, 271, 272, 275, 276, 459, 493, 495, 509, 516, 524, 538, 
      539, 541, 542, 543, 544, 545, 547, 550, 552 ], 
  [ 252, 265, 271, 272, 275, 276, 459, 494, 495, 509, 524, 527, 538, 539, 
      541, 542, 543, 544, 545, 548, 549, 550, 552 ], 
  [ 234, 251, 252, 265, 271, 272, 275, 276, 459, 493, 495, 509, 524, 539, 
      541, 542, 543, 544, 547, 548, 550, 551, 552 ], 
  [ 251, 252, 265, 271, 272, 274, 275, 276, 493, 495, 509, 524, 539, 541, 
      542, 543, 544, 547, 548, 549, 550, 551, 552 ], 
  [ 251, 252, 265, 271, 272, 276, 459, 493, 495, 504, 509, 524, 539, 541, 
      542, 543, 544, 547, 548, 549, 550, 551, 552 ], 
  [ 234, 251, 265, 271, 275, 276, 459, 465, 493, 494, 495, 504, 509, 524, 
      538, 539, 540, 541, 542, 543, 544, 550, 551 ], 
  [ 252, 265, 271, 272, 276, 459, 493, 495, 504, 506, 509, 524, 527, 538, 
      539, 541, 542, 543, 544, 547, 548, 549, 551 ], 
  [ 251, 252, 265, 271, 272, 276, 459, 465, 493, 495, 504, 506, 509, 524, 
      527, 538, 539, 541, 542, 544, 547, 548, 549, 550, 551 ], 
  [ 252, 265, 271, 272, 276, 459, 465, 493, 495, 506, 509, 524, 527, 538, 
      539, 541, 544, 545, 547, 548, 549, 550, 551 ], 
  [ 252, 265, 271, 272, 276, 459, 465, 493, 495, 506, 509, 524, 527, 538, 
      539, 542, 544, 545, 547, 548, 549, 550, 551 ], 
  [ 251, 252, 265, 275, 276, 459, 465, 493, 495, 509, 538, 539, 541, 542, 
      543, 544, 545, 546, 547, 548, 550, 551, 552 ], 
  [ 234, 251, 252, 265, 271, 275, 276, 415, 459, 465, 493, 495, 509, 516, 
      524, 539, 540, 542, 543, 544, 545, 550, 552 ], 
  [ 251, 265, 275, 276, 493, 494, 495, 509, 537, 538, 539, 540, 541, 542, 
      543, 544, 545, 546, 548, 549, 550, 551, 552 ], 
  [ 248, 252, 265, 271, 272, 275, 276, 459, 465, 475, 495, 509, 524, 527, 
      539, 543, 544, 545, 547, 548, 549, 550, 551 ], 
  [ 251, 252, 265, 271, 272, 276, 443, 459, 465, 495, 504, 506, 509, 524, 
      527, 538, 539, 541, 544, 547, 548, 549, 550 ], 
  [ 164, 172, 209, 248, 251, 252, 258, 265, 271, 272, 276, 368, 443, 451, 
      459, 465, 495, 504, 506, 507, 509, 511, 524, 527, 533, 539, 541, 544, 
      547, 548, 549, 550, 551 ], 
  [ 172, 251, 252, 265, 271, 272, 276, 443, 459, 465, 495, 504, 506, 509, 
      527, 538, 539, 541, 544, 547, 548, 549, 550 ], 
  [ 172, 251, 265, 271, 272, 276, 443, 459, 465, 495, 504, 506, 509, 527, 
      533, 538, 539, 541, 544, 547, 548, 549, 550 ], 
  [ 234, 252, 265, 271, 317, 415, 459, 465, 493, 495, 507, 509, 516, 523, 
      524, 539, 542, 543, 544, 545, 547, 548, 550 ], 
  [ 70, 260, 263, 264, 271, 272, 276, 500, 503, 506, 507, 508, 509, 518, 522, 
      523, 524, 533, 544, 545, 548, 551, 552 ] ];
