return [[1,2,3,4,5,6,7,8,9,10,11,13,14,15,17,18,19,20,21,22,26,27],
[1,2,3,4,5,6,7,8,9,10,11,13,14,15,17,18,19,20,21,22,26,29],
[1,2,3,4,5,6,7,8,9,10,11,13,14,15,17,18,19,21,22,26,27,29],
[1,2,3,4,5,6,7,8,9,10,11,13,14,15,17,18,20,21,22,26,27,29],
[1,2,3,4,5,6,7,8,9,10,11,13,14,15,17,19,20,21,22,24,26,29],
[1,2,3,4,5,6,7,8,9,10,11,13,14,15,17,19,20,21,22,24,26,32],
[1,2,3,4,5,6,7,8,9,10,11,13,14,15,17,19,20,21,22,26,27,32],
[1,2,3,4,5,6,7,8,9,10,11,13,14,15,17,19,20,21,24,26,29,32],
[1,2,3,4,5,6,7,8,9,10,11,13,14,15,17,20,21,22,24,26,29,32],
[1,2,3,4,5,6,7,8,9,10,11,13,14,15,17,20,21,22,26,27,29,32],
[1,2,3,4,5,6,7,8,9,10,11,13,14,15,18,19,21,22,26,27,28,29],
[1,2,3,4,5,6,7,8,9,10,11,13,14,15,18,19,21,22,26,27,28,32],
[1,2,3,4,5,6,7,8,9,10,11,13,14,15,18,19,21,26,27,28,29,32],
[1,2,3,4,5,6,7,8,9,10,11,13,14,15,19,20,21,22,24,26,29,32],
[1,2,3,4,5,6,7,8,9,10,11,13,15,16,17,18,19,20,21,22,26,27],
[1,2,3,4,5,6,7,8,9,10,11,13,15,16,17,18,19,20,21,22,26,30],
[1,2,3,4,5,6,7,8,9,10,11,13,15,16,17,18,19,20,21,23,25,29],
[1,2,3,4,5,6,7,8,9,10,11,13,15,16,17,18,19,20,21,23,26,29],
[1,2,3,4,5,6,7,8,9,10,11,13,15,16,17,18,19,21,23,25,26,29],
[1,2,3,4,5,6,7,8,9,10,11,13,15,16,17,18,19,21,25,27,29,31],
[1,2,3,4,5,6,7,8,9,10,11,13,15,16,17,18,20,21,22,26,27,29],
[1,2,3,4,5,6,7,8,9,10,11,13,15,16,17,19,20,21,22,24,26,32],
[1,2,3,4,5,6,7,8,9,10,11,13,15,16,17,19,20,21,22,24,31,32],
[1,2,3,4,5,6,7,8,9,10,11,13,15,16,17,19,20,21,22,26,27,32],
[1,2,3,4,5,6,7,8,9,10,11,13,15,16,17,19,20,21,22,27,31,32],
[1,2,3,4,5,6,7,8,9,10,11,13,15,16,17,19,20,21,25,27,29,31],
[1,2,3,4,5,6,7,8,9,10,11,13,15,16,17,20,21,25,26,27,29,32],
[1,2,3,4,5,6,7,8,9,10,11,13,15,16,17,20,21,25,27,29,31,32],
[1,2,3,4,5,6,7,8,9,10,11,13,15,16,17,21,25,26,27,29,31,32],
[1,2,3,4,5,6,7,8,9,10,11,13,15,16,18,19,21,22,26,27,28,32],
[1,2,3,4,5,6,7,8,9,10,11,13,15,16,18,19,21,22,26,28,30,32],
[1,2,3,4,5,6,7,8,9,10,11,13,15,16,18,19,21,25,26,27,28,32],
[1,2,3,4,5,6,7,8,9,10,11,13,15,16,18,21,22,26,27,28,30,32],
[1,2,3,4,5,6,7,8,9,10,11,13,15,16,18,21,23,25,26,27,29,32],
[1,2,3,4,5,6,7,8,9,10,11,13,15,16,19,21,22,25,26,27,28,32],
[1,2,3,4,5,6,7,8,9,10,11,13,15,16,20,21,22,26,29,30,31,32],
[1,2,3,4,5,6,7,8,9,10,11,13,15,16,20,21,23,25,26,27,29,32],
[1,2,3,4,5,6,7,8,9,10,11,13,15,17,18,19,21,25,27,28,29,31],
[1,2,3,4,5,6,7,8,9,10,11,13,15,17,20,21,22,24,26,29,31,32],
[1,2,3,4,5,6,7,8,9,10,11,13,15,19,20,21,22,24,26,29,30,32],
[1,2,3,4,5,6,7,8,9,10,11,13,15,20,21,22,24,26,29,30,31,32],
[1,2,3,4,5,6,7,8,9,10,11,13,21,22,24,26,27,28,29,30,31,32],
[1,2,3,4,5,6,7,8,9,10,11,14,15,16,17,18,19,20,21,23,26,27],
[1,2,3,4,5,6,7,8,9,10,11,14,15,16,17,18,19,20,21,23,27,31],
[1,2,3,4,5,6,7,8,9,10,11,14,15,16,17,19,20,21,22,26,27,32],
[1,2,3,4,5,6,7,8,9,10,11,14,15,16,17,19,20,21,22,26,31,32],
[1,2,3,4,5,6,7,8,9,10,11,14,15,16,17,19,20,21,22,27,31,32],
[1,2,3,4,5,6,7,8,9,10,11,14,15,16,17,20,21,22,26,27,31,32],
[1,2,3,4,5,6,7,8,9,10,11,14,15,17,18,19,21,23,25,28,29,31],
[1,2,3,4,5,6,7,8,9,10,11,14,15,19,20,21,22,28,29,30,31,32],
[1,2,3,4,5,6,7,8,9,11,14,15,16,17,18,19,20,21,23,25,30,31],
[1,2,3,4,5,6,7,8,9,12,13,14,15,20,21,22,27,28,29,30,31,32],
[1,2,3,4,5,7,8,9,10,12,13,15,16,18,19,21,23,25,26,28,30,32],
[1,2,3,4,5,6,7,8,9,10,11,13,15,16,17,18,19,20,21,22,29,30,31],
[1,2,3,4,5,6,7,8,9,10,11,13,15,16,17,18,19,21,22,25,26,27,28],
[1,2,3,4,5,6,7,8,9,10,11,13,15,16,17,18,19,21,22,25,27,28,31],
[1,2,3,4,5,6,7,8,9,10,11,13,15,16,17,18,21,22,25,27,28,29,31],
[1,2,3,4,5,6,7,8,9,10,11,13,15,16,17,19,20,21,22,24,26,30,31],
[1,2,3,4,5,6,7,8,9,10,11,13,15,16,18,19,21,23,25,26,28,30,32],
[1,2,3,4,5,6,7,8,9,10,11,14,15,19,20,21,22,24,26,29,30,31,32],
[1,2,3,4,5,6,7,8,9,10,11,13,14,15,17,19,20,21,22,24,27,29,31,32],
[1,2,3,4,5,6,7,8,9,10,11,13,15,16,17,18,19,20,21,23,25,26,27,32],
[1,2,3,4,5,6,7,8,9,10,11,14,16,17,19,20,21,22,23,24,26,27,31,32],
[1,2,3,4,5,6,7,8,9,10,11,13,14,15,17,18,19,20,21,23,25,26,27,29,32],
[1,2,3,4,5,6,7,8,9,10,11,13,14,15,17,19,21,22,24,25,26,27,28,29,31,32],
[1,2,3,4,5,6,7,8,9,10,11,12,14,15,16,18,20,21,22,23,26,27,28,29,30,31,32],
[1,2,3,4,5,6,7,8,9,10,11,12,13,14,15,16,17,18,19,20,22,23,24,25,26,27,28,29,30,31,32],
[1,2,3,4,5,6,7,9,10,11,12,13,14,15,16,17,18,19,20,21,22,23,24,25,26,27,28,29,30,31,32]];
