return [[1,2,3,4,5,6,7,8,9,10,11,15,16,19,24,25,27,30,32,33],
[1,2,3,4,5,6,7,8,9,10,11,15,16,23,25,27,30,32,33,34],
[1,2,3,4,5,6,7,8,9,10,11,15,16,24,25,27,30,32,33,34],
[1,2,3,4,5,6,7,8,9,10,11,15,19,23,24,25,27,30,32,33],
[1,2,3,4,5,6,7,8,9,10,11,15,19,23,24,25,27,30,32,34],
[1,2,3,4,5,6,7,8,9,10,11,15,23,24,25,27,30,32,33,34],
[1,2,3,4,5,6,7,8,9,11,14,15,16,18,20,24,25,27,32,34],
[1,2,3,4,5,6,7,8,9,11,14,15,16,18,20,24,25,27,33,34],
[1,2,3,4,5,6,7,8,9,11,14,15,16,19,20,21,23,27,32,33],
[1,2,3,4,5,6,7,8,9,11,14,15,16,19,20,23,27,30,32,33],
[1,2,3,4,5,6,7,8,9,11,14,15,16,19,20,24,25,29,30,32],
[1,2,3,4,5,6,7,8,9,11,14,15,16,19,20,24,27,29,30,32],
[1,2,3,4,5,6,7,8,9,11,14,15,16,19,23,24,26,27,30,33],
[1,2,3,4,5,6,7,8,9,11,14,15,16,20,23,27,30,32,33,34],
[1,2,3,4,5,6,7,8,9,11,14,15,16,23,24,26,27,30,33,34],
[1,2,3,4,5,6,7,8,9,11,14,15,17,19,20,23,24,25,27,33],
[1,2,3,4,5,6,7,8,9,11,14,15,17,19,20,23,24,25,30,33],
[1,2,3,4,5,6,7,8,9,11,14,15,17,19,20,23,25,27,32,33],
[1,2,3,4,5,6,7,8,9,11,14,15,17,19,20,23,25,30,32,33],
[1,2,3,4,5,6,7,8,9,11,14,15,17,19,20,23,27,30,32,33],
[1,2,3,4,5,6,7,8,9,11,14,15,17,19,20,24,27,30,32,33],
[1,2,3,4,5,6,7,8,9,11,14,15,19,20,21,23,25,27,32,33],
[1,2,3,4,5,6,7,8,9,11,14,15,19,20,24,25,27,29,32,35],
[1,2,3,4,5,6,7,8,9,11,14,15,19,20,24,25,29,30,32,35],
[1,2,3,4,5,6,7,8,9,11,14,15,19,20,24,27,29,30,32,35],
[1,2,3,4,5,6,7,8,9,11,14,15,19,23,24,25,27,30,32,34],
[1,2,3,4,5,6,7,8,9,11,14,15,20,23,24,25,27,30,32,34],
[1,2,3,4,5,6,7,8,9,11,14,16,17,18,20,24,25,30,32,33],
[1,2,3,4,5,6,7,8,9,11,14,16,17,18,20,24,27,30,32,33],
[1,2,3,4,5,6,7,8,9,11,14,16,17,19,20,24,27,29,30,32],
[1,2,3,4,5,6,7,8,9,11,14,16,17,19,20,24,27,29,30,33],
[1,2,3,4,5,6,7,8,9,11,14,16,17,19,20,24,27,30,32,33],
[1,2,3,4,5,6,7,8,9,11,14,16,19,20,21,23,27,30,32,33],
[1,2,3,4,5,6,7,8,9,11,14,16,19,20,21,27,29,30,32,33],
[1,2,3,4,5,6,7,8,9,11,14,17,19,20,21,23,25,27,29,32],
[1,2,3,4,5,6,7,8,9,11,14,17,19,20,21,23,25,27,29,33],
[1,2,3,4,5,6,7,8,9,11,14,17,19,20,21,23,25,27,32,33],
[1,2,3,4,5,6,7,8,9,11,14,17,19,20,23,24,25,27,30,33],
[1,2,3,4,5,6,7,8,9,11,14,17,19,20,23,25,27,29,30,32],
[1,2,3,4,5,6,7,8,9,11,14,17,19,20,23,25,27,29,30,33],
[1,2,3,4,5,6,7,8,9,11,14,17,19,20,24,25,27,29,30,32],
[1,2,3,4,5,6,7,8,9,11,14,17,19,20,24,25,27,29,30,33],
[1,2,3,4,5,6,7,8,9,11,14,17,20,23,24,25,27,30,32,34],
[1,2,3,4,5,6,7,8,9,11,14,19,20,24,25,27,29,30,32,35],
[1,2,3,4,5,6,7,8,9,11,15,17,19,20,23,24,25,27,30,33],
[1,2,3,4,5,6,7,8,9,11,15,20,23,24,25,27,30,32,33,34],
[1,2,3,4,5,6,7,8,9,11,16,17,19,20,24,27,29,30,32,33],
[1,2,3,4,5,6,7,8,9,11,17,18,20,24,25,27,30,32,33,34],
[1,2,3,4,5,6,7,8,9,11,17,19,20,21,23,25,27,29,32,33],
[1,2,3,4,5,6,7,8,9,11,17,19,20,23,25,27,29,30,32,33],
[1,2,3,4,5,6,7,8,9,11,17,20,23,24,25,27,30,32,33,34],
[1,2,3,4,5,6,7,8,9,11,19,20,21,23,25,27,29,30,32,33],
[1,2,3,4,5,6,7,8,9,14,15,16,19,23,24,25,27,30,32,34],
[1,2,3,4,5,6,7,8,9,14,16,17,19,20,24,25,27,29,30,32],
[1,2,3,4,5,6,7,8,9,14,16,17,19,20,24,25,27,29,30,33],
[1,2,3,4,5,6,7,9,10,11,15,16,19,21,23,27,30,32,33,34],
[1,2,3,4,5,6,7,9,10,15,16,19,21,23,25,27,30,32,33,34],
[1,2,3,4,5,6,7,9,11,14,15,16,17,18,20,21,24,25,33,34],
[1,2,3,4,5,6,7,9,11,14,15,16,17,18,20,21,24,27,33,34],
[1,2,3,4,5,6,7,9,11,14,15,16,17,18,20,21,25,32,33,34],
[1,2,3,4,5,6,7,9,11,14,15,16,17,18,20,21,27,32,33,34],
[1,2,3,4,5,6,7,9,11,14,15,16,17,18,20,24,25,32,33,34],
[1,2,3,4,5,6,7,9,11,14,15,16,17,19,20,22,24,30,32,33],
[1,2,3,4,5,6,7,9,11,14,15,16,17,19,20,24,27,30,31,32],
[1,2,3,4,5,6,7,9,11,14,15,16,17,19,20,24,27,30,31,33],
[1,2,3,4,5,6,7,9,11,14,15,16,17,19,21,24,26,27,32,34],
[1,2,3,4,5,6,7,9,11,14,15,16,17,19,21,24,26,27,33,34],
[1,2,3,4,5,6,7,9,11,14,15,16,17,19,21,24,27,31,33,34],
[1,2,3,4,5,6,7,9,11,14,15,16,17,19,22,24,25,30,32,33],
[1,2,3,4,5,6,7,9,11,14,15,16,17,19,24,26,27,30,32,34],
[1,2,3,4,5,6,7,9,11,14,15,16,17,19,24,26,30,32,33,34],
[1,2,3,4,5,6,7,9,11,14,15,16,17,20,21,24,27,31,33,34],
[1,2,3,4,5,6,7,9,11,14,15,16,17,20,21,25,30,32,33,34],
[1,2,3,4,5,6,7,9,11,14,15,16,17,20,22,24,25,30,32,33],
[1,2,3,4,5,6,7,9,11,14,15,16,17,20,24,25,30,32,33,34],
[1,2,3,4,5,6,7,9,11,14,15,16,17,20,24,26,27,30,32,34],
[1,2,3,4,5,6,7,9,11,14,15,16,17,20,24,26,27,30,33,34],
[1,2,3,4,5,6,7,9,11,14,15,17,18,20,21,24,25,27,33,34],
[1,2,3,4,5,6,7,9,11,14,15,17,19,20,21,23,25,30,32,33],
[1,2,3,4,5,6,7,9,11,14,15,17,19,20,21,23,25,30,32,34],
[1,2,3,4,5,6,7,9,11,14,15,17,19,20,22,24,25,30,32,33],
[1,2,3,4,5,6,7,9,11,14,15,17,19,20,23,25,30,32,34,35],
[1,2,3,4,5,6,7,9,11,14,15,17,19,20,23,27,30,32,34,35],
[1,2,3,4,5,6,7,9,11,14,15,17,19,20,24,25,27,29,32,35],
[1,2,3,4,5,6,7,9,11,14,15,17,19,23,24,25,27,32,34,35],
[1,2,3,4,5,6,7,9,11,14,15,17,19,23,24,25,30,32,34,35],
[1,2,3,4,5,6,7,9,11,14,15,17,19,23,24,27,30,32,34,35],
[1,2,3,4,5,6,7,9,11,14,15,17,20,21,23,25,30,32,33,34],
[1,2,3,4,5,6,7,9,11,14,16,17,18,20,24,25,30,32,33,34],
[1,2,3,4,5,6,7,9,11,14,16,17,19,20,24,27,29,30,31,33],
[1,2,3,4,5,6,7,9,11,14,16,17,20,21,24,25,29,30,33,34],
[1,2,3,4,5,6,7,9,11,14,17,19,20,24,25,27,29,30,32,35],
[1,2,3,4,5,6,7,9,11,14,17,19,24,25,27,29,30,32,34,35],
[1,2,3,4,5,6,7,9,11,14,17,20,24,25,27,29,30,32,34,35],
[1,2,3,4,5,6,7,9,11,15,16,17,18,20,21,25,27,32,33,34],
[1,2,3,4,5,6,7,9,11,15,16,17,18,20,24,25,27,32,33,34],
[1,2,3,4,5,6,7,9,14,15,16,17,18,20,21,24,25,27,33,34],
[1,2,3,4,5,6,7,9,14,15,16,17,18,20,21,25,27,32,33,34],
[1,2,3,4,5,6,7,9,14,15,16,17,19,20,21,23,25,27,32,33],
[1,2,3,4,5,6,7,9,14,15,16,17,19,24,25,26,30,32,33,34],
[1,2,3,4,5,6,7,9,14,15,17,19,20,23,25,27,30,32,34,35],
[1,2,3,4,5,6,7,9,14,15,17,19,23,24,25,27,30,32,34,35],
[1,2,3,4,5,6,7,11,14,15,17,19,20,23,25,27,30,32,34,35],
[1,2,3,4,5,6,7,11,14,15,17,19,23,24,25,27,30,32,34,35],
[1,2,3,4,5,6,8,9,10,11,14,15,16,19,21,24,25,26,30,33],
[1,2,3,4,5,6,8,9,10,11,14,15,16,19,21,24,26,27,32,35],
[1,2,3,4,5,6,8,9,10,11,14,15,16,21,24,25,26,32,34,35],
[1,2,3,4,5,6,8,9,10,11,14,15,16,21,24,26,27,32,34,35],
[1,2,3,4,5,6,8,9,10,11,14,15,16,24,25,26,30,32,34,35],
[1,2,3,4,5,6,8,9,10,11,14,15,21,23,25,26,30,32,34,35],
[1,2,3,4,5,6,8,9,10,11,15,16,19,21,22,24,25,26,30,33],
[1,2,3,4,5,6,8,9,10,11,15,16,19,21,22,25,26,30,32,33],
[1,2,3,4,5,6,8,9,10,11,15,19,21,22,25,26,30,32,33,35],
[1,2,3,4,5,6,8,9,10,11,15,19,21,23,25,26,27,32,33,35],
[1,2,3,4,5,6,8,9,10,11,15,19,21,23,25,26,30,32,33,35],
[1,2,3,4,5,6,8,9,10,11,15,19,21,23,26,27,30,32,33,35],
[1,2,3,4,5,6,8,9,10,11,15,19,22,24,25,26,30,32,33,35],
[1,2,3,4,5,6,8,9,10,14,15,16,19,24,25,26,30,32,34,35],
[1,2,3,4,5,6,8,9,11,14,15,16,19,20,21,22,26,27,32,35],
[1,2,3,4,5,6,8,9,11,14,15,16,19,20,21,22,26,30,32,33],
[1,2,3,4,5,6,8,9,11,14,15,16,19,20,21,22,26,30,32,35],
[1,2,3,4,5,6,8,9,11,14,15,16,20,24,26,27,30,32,34,35],
[1,2,3,4,5,6,8,9,11,14,15,17,19,20,21,23,26,27,32,33],
[1,2,3,4,5,6,8,9,11,14,15,17,19,20,21,23,26,27,32,35],
[1,2,3,4,5,6,8,9,11,14,15,17,19,21,22,24,26,27,32,35],
[1,2,3,4,5,6,8,9,11,14,15,17,19,22,24,25,26,30,33,35],
[1,2,3,4,5,6,9,14,15,16,17,19,21,24,25,26,27,32,34,35],
[1,2,4,5,6,8,9,10,12,14,15,16,19,22,24,25,26,30,32,35],
[1,2,3,4,5,6,7,8,9,10,15,16,19,23,24,25,27,30,32,33,34],
[1,2,3,4,5,6,7,8,9,11,14,15,16,18,20,24,25,30,32,33,34],
[1,2,3,4,5,6,7,8,9,11,14,15,16,19,20,22,24,25,30,32,33],
[1,2,3,4,5,6,7,8,9,11,14,15,17,18,20,23,24,25,27,32,34],
[1,2,3,4,5,6,7,8,9,11,14,15,17,19,23,24,26,27,30,32,33],
[1,2,3,4,5,6,7,8,9,11,14,17,19,20,21,23,25,29,30,32,33],
[1,2,3,4,5,6,7,8,9,11,15,17,18,20,23,24,25,27,32,33,34],
[1,2,3,4,5,6,7,8,11,14,16,17,19,20,24,25,27,28,29,30,33],
[1,2,3,4,5,6,7,9,11,14,15,16,17,19,20,21,22,25,30,32,33],
[1,2,3,4,5,6,7,9,11,14,15,16,17,19,24,26,27,30,31,33,34],
[1,2,3,4,5,6,7,9,11,14,15,17,18,20,21,23,25,27,32,33,34],
[1,2,3,4,5,6,7,9,11,14,15,17,19,20,21,23,25,27,32,34,35],
[1,2,3,4,5,6,7,9,11,14,15,17,20,23,24,25,27,30,32,34,35],
[1,2,3,4,5,6,7,8,9,10,11,15,16,19,20,21,23,25,27,30,32,33],
[1,2,3,4,5,6,7,8,9,10,11,15,16,19,23,24,26,27,30,32,33,34],
[1,2,3,4,5,6,7,8,9,11,14,15,16,18,20,21,23,25,27,32,33,34],
[1,2,3,4,5,6,7,8,9,11,14,15,17,19,20,23,24,25,27,30,32,35],
[1,2,3,4,5,6,7,8,9,11,14,16,17,19,20,22,24,25,29,30,32,33],
[1,2,3,4,5,6,7,9,11,14,17,19,20,21,23,25,27,29,30,32,34,35],
[1,2,3,4,5,6,8,9,10,11,14,15,16,19,21,22,24,25,26,30,32,35],
[1,2,3,4,5,6,7,8,9,10,11,14,15,16,19,23,24,25,26,30,32,33,34],
[1,2,3,4,5,6,7,8,9,10,11,14,15,16,19,24,25,27,29,30,32,34,35],
[1,2,3,4,5,6,8,9,11,14,15,17,19,20,21,22,23,25,26,30,32,33,35],
[1,2,3,4,5,6,7,9,11,14,15,16,17,19,20,21,23,26,27,30,31,32,33,34],
[1,2,3,4,5,6,7,8,9,10,11,14,15,16,18,19,21,23,24,25,26,27,32,33,34],
[1,2,3,4,5,6,7,8,9,10,11,14,15,16,19,20,21,23,25,27,29,30,32,34,35],
[1,2,3,4,5,6,7,8,9,11,14,15,16,17,18,19,20,21,22,24,25,27,29,32,33],
[1,2,3,4,5,6,8,9,11,14,16,17,19,20,21,22,24,26,27,28,29,30,31,33,35],
[1,2,3,4,5,6,7,8,9,10,11,14,15,16,19,20,21,23,24,25,27,28,29,30,31,33,34,35],
[1,2,3,4,5,6,7,8,9,10,11,14,16,17,18,19,21,23,24,25,26,27,28,29,30,32,33,34]];
