return [[1,2,3,4,5,6,7,8,9,11,12,15,16,18,26,28,29,36,38,41,42,43],
[1,2,3,4,5,6,7,8,9,11,12,15,16,18,26,28,29,36,38,41,43,44],
[1,2,3,4,5,6,7,8,9,11,12,15,16,18,26,28,29,36,41,42,43,44],
[1,2,3,4,5,6,7,8,9,11,12,15,16,20,26,28,29,34,35,38,41,44],
[1,2,3,4,5,6,7,8,9,11,12,15,16,20,26,28,29,35,36,38,41,44],
[1,2,3,4,5,6,7,8,9,11,12,15,16,20,26,29,34,35,38,39,41,44],
[1,2,3,4,5,6,7,8,9,11,12,15,16,20,26,29,34,36,38,39,41,44],
[1,2,3,4,5,6,7,8,9,11,12,15,16,20,28,29,35,36,38,39,41,43],
[1,2,3,4,5,6,7,8,9,11,12,15,16,20,28,29,35,36,38,41,43,44],
[1,2,3,4,5,6,7,8,9,11,12,15,16,26,27,28,34,38,41,42,43,44],
[1,2,3,4,5,6,7,8,9,11,12,15,16,26,28,29,35,36,38,41,43,44],
[1,2,3,4,5,6,7,8,9,11,12,15,16,26,28,34,35,38,39,41,42,43],
[1,2,3,4,5,6,7,8,9,11,12,15,16,26,29,34,35,38,39,41,42,43],
[1,2,3,4,5,6,7,8,9,11,12,15,16,26,29,34,35,38,39,41,43,44],
[1,2,3,4,5,6,7,8,9,11,12,16,20,26,27,28,29,36,38,41,43,44],
[1,2,3,4,5,6,7,8,9,11,12,16,20,26,28,29,35,36,38,41,43,44],
[1,2,3,4,5,6,7,8,9,11,12,16,20,26,29,34,35,38,39,41,43,44],
[1,2,3,4,5,6,7,8,9,11,12,16,25,26,27,28,34,38,41,42,43,44],
[1,2,3,4,5,6,7,8,9,11,12,16,25,26,27,29,34,38,41,42,43,44],
[1,2,3,4,5,6,7,8,9,11,12,25,26,27,28,29,34,38,41,42,43,44],
[1,2,3,4,5,6,7,8,9,11,13,15,16,18,25,26,29,34,36,38,41,42],
[1,2,3,4,5,6,7,8,9,11,13,15,16,18,25,26,29,34,36,38,41,44],
[1,2,3,4,5,6,7,8,9,11,13,15,16,18,25,26,29,36,38,41,42,43],
[1,2,3,4,5,6,7,8,9,11,13,15,16,19,25,29,34,35,38,39,41,42],
[1,2,3,4,5,6,7,8,9,11,13,15,16,19,25,29,34,35,39,41,42,43],
[1,2,3,4,5,6,7,8,9,11,13,15,16,19,29,34,35,38,39,41,42,43],
[1,2,3,4,5,6,7,8,9,11,13,15,16,25,26,29,33,34,35,36,41,44],
[1,2,3,4,5,6,7,8,9,11,13,15,16,25,26,29,33,34,35,41,43,44],
[1,2,3,4,5,6,7,8,9,11,13,15,16,25,26,29,33,34,41,42,43,44],
[1,2,3,4,5,6,7,8,9,11,13,15,16,25,26,29,33,35,36,41,43,44],
[1,2,3,4,5,6,7,8,9,11,13,15,16,25,26,29,34,35,36,38,41,42],
[1,2,3,4,5,6,7,8,9,11,13,15,16,25,26,29,34,35,36,38,41,44],
[1,2,3,4,5,6,7,8,9,11,13,15,16,25,26,29,35,36,38,41,42,43],
[1,2,3,4,5,6,7,8,9,11,13,15,16,25,29,34,35,36,38,39,41,42],
[1,2,3,4,5,6,7,8,9,11,13,15,16,26,29,34,35,36,38,39,41,42],
[1,2,3,4,5,6,7,8,9,11,13,15,16,26,29,34,35,38,39,41,42,43],
[1,2,3,4,5,6,7,8,9,11,13,15,16,26,29,35,36,38,39,41,42,43],
[1,2,3,4,5,6,7,8,9,11,13,15,16,26,34,35,36,38,39,41,42,43],
[1,2,3,4,5,6,7,8,9,11,13,15,25,26,29,33,34,35,36,38,41,42],
[1,2,3,4,5,6,7,8,9,11,13,15,25,26,29,33,34,35,36,38,41,44],
[1,2,3,4,5,6,7,8,9,11,13,15,25,26,29,33,34,35,41,42,43,44],
[1,2,3,4,5,6,7,8,9,11,13,15,25,29,30,33,34,35,41,42,43,44],
[1,2,3,4,5,6,7,8,9,11,13,15,26,29,30,33,34,35,38,41,42,43],
[1,2,3,4,5,6,7,8,9,11,13,15,26,29,30,33,34,35,38,41,43,44],
[1,2,3,4,5,6,7,8,9,11,13,15,26,29,30,33,34,35,41,42,43,44],
[1,2,3,4,5,6,7,8,9,11,13,15,26,29,30,33,34,38,41,42,43,44],
[1,2,3,4,5,6,7,8,9,11,13,16,19,25,29,34,35,38,39,41,42,43],
[1,2,3,4,5,6,7,8,9,11,15,16,18,25,26,28,29,35,36,38,41,44],
[1,2,3,4,5,6,7,8,9,11,15,16,18,25,26,28,29,35,36,41,43,44],
[1,2,3,4,5,6,7,8,9,11,15,16,18,26,28,29,35,36,38,41,43,44],
[1,2,3,4,5,6,7,8,9,11,15,16,19,25,28,29,35,36,38,41,42,43],
[1,2,3,4,5,6,7,8,9,11,15,16,19,28,29,35,36,38,39,41,42,43],
[1,2,3,4,5,6,7,8,9,11,15,16,20,26,29,34,35,36,38,39,41,44],
[1,2,3,4,5,6,7,8,9,11,15,16,21,25,26,28,29,35,36,38,41,42],
[1,2,3,4,5,6,7,8,9,11,15,16,21,25,26,28,34,35,36,38,41,42],
[1,2,3,4,5,6,7,8,9,11,15,25,26,29,33,34,35,36,38,41,42,44],
[1,2,3,4,5,6,7,8,9,11,16,18,25,26,28,29,35,36,38,41,43,44],
[1,2,3,4,5,6,7,8,9,11,16,19,25,28,29,34,35,38,39,41,42,43],
[1,2,3,4,5,6,7,8,9,11,16,19,25,28,29,35,36,38,39,41,42,43],
[1,2,3,4,5,6,7,8,9,11,16,20,25,26,27,28,34,35,36,38,41,44],
[1,2,3,4,5,6,7,8,9,11,16,20,25,27,28,34,35,36,38,41,43,44],
[1,2,3,4,5,6,7,8,9,11,16,20,26,29,34,35,36,38,39,41,43,44],
[1,2,3,4,5,6,7,8,9,11,18,25,26,28,29,35,36,38,41,42,43,44],
[1,2,3,4,5,6,7,8,9,11,20,25,26,27,28,29,34,35,36,38,41,44],
[1,2,3,4,5,6,7,8,9,11,25,26,27,28,29,34,35,36,38,41,42,44],
[1,2,3,4,5,6,7,8,9,11,25,26,27,28,29,34,35,38,41,42,43,44],
[1,2,3,4,5,6,7,8,9,11,25,26,27,28,29,35,36,38,41,42,43,44],
[1,2,3,4,5,6,7,8,9,11,25,28,29,30,33,35,36,38,41,42,43,44],
[1,2,3,4,5,6,7,8,9,12,13,14,15,16,18,25,28,32,36,37,41,42],
[1,2,3,4,5,6,7,8,9,12,13,14,15,16,18,25,28,32,37,41,42,43],
[1,2,3,4,5,6,7,8,9,12,13,14,15,16,18,28,32,36,37,41,42,43],
[1,2,3,4,5,6,7,8,9,12,13,14,15,16,20,23,29,35,36,38,41,44],
[1,2,3,4,5,6,7,8,9,12,13,14,15,16,20,25,29,31,34,35,41,44],
[1,2,3,4,5,6,7,8,9,12,13,14,15,16,23,28,35,36,37,38,41,43],
[1,2,3,4,5,6,7,8,9,12,13,14,15,16,24,25,26,29,31,36,41,42],
[1,2,3,4,5,6,7,8,9,12,13,14,15,16,24,25,28,32,35,37,41,42],
[1,2,3,4,5,6,7,8,9,12,13,14,15,16,24,26,32,35,36,37,41,43],
[1,2,3,4,5,6,7,8,9,12,13,14,15,16,24,26,32,36,37,41,42,43],
[1,2,3,4,5,6,7,8,9,12,13,14,15,16,25,26,29,31,33,41,43,44],
[1,2,3,4,5,6,7,8,9,12,13,14,15,16,25,26,29,31,34,35,41,44],
[1,2,3,4,5,6,7,8,9,12,13,14,15,16,26,29,31,33,36,41,43,44],
[1,2,3,4,5,6,7,8,9,12,13,14,15,16,26,32,33,34,35,37,41,44],
[1,2,3,4,5,6,7,8,9,12,13,14,15,16,26,32,33,35,37,41,43,44],
[1,2,3,4,5,6,7,8,9,12,13,14,15,16,32,33,34,35,37,41,43,44],
[1,2,3,4,5,6,7,8,9,12,13,14,15,23,28,29,35,36,37,38,41,43],
[1,2,3,4,5,6,7,8,9,12,13,14,15,24,26,32,35,36,37,41,42,43],
[1,2,3,4,5,6,7,8,9,12,13,14,15,26,29,31,33,36,37,41,42,43],
[1,2,3,4,5,6,7,8,9,12,13,14,16,18,25,28,29,35,36,38,41,43],
[1,2,3,4,5,6,7,8,9,12,13,14,16,18,25,28,32,36,37,41,42,43],
[1,2,3,4,5,6,7,8,9,12,13,14,16,24,25,26,29,31,36,41,42,43],
[1,2,3,4,5,6,7,8,9,12,13,14,16,24,25,26,31,36,37,41,42,43],
[1,2,3,4,5,6,7,8,9,12,13,14,16,24,25,28,32,35,37,41,42,43],
[1,2,3,4,5,6,7,8,9,12,13,14,16,24,25,28,32,36,37,41,42,43],
[1,2,3,4,5,6,7,8,9,12,13,15,16,18,23,26,28,35,36,38,41,43],
[1,2,3,4,5,6,7,8,9,12,13,15,16,18,23,26,28,35,38,41,43,44],
[1,2,3,4,5,6,7,8,9,12,13,15,16,18,23,26,28,36,37,38,41,43],
[1,2,3,4,5,6,7,8,9,12,13,15,16,18,23,26,36,37,38,41,42,43],
[1,2,3,4,5,6,7,8,9,12,13,15,16,18,26,28,32,36,37,41,42,43],
[1,2,3,4,5,6,7,8,9,12,13,15,16,18,26,28,36,37,38,41,42,43],
[1,2,3,4,5,6,7,8,9,12,13,15,16,20,23,26,29,34,35,38,41,44],
[1,2,3,4,5,6,7,8,9,12,13,15,16,20,23,26,29,35,36,38,41,44],
[1,2,3,4,5,6,7,8,9,12,13,15,16,20,23,34,35,36,37,38,39,41],
[1,2,3,4,5,6,7,8,9,12,13,15,16,20,26,29,31,34,35,36,38,41],
[1,2,3,4,5,6,7,8,9,12,13,15,16,21,24,26,28,35,36,38,41,42],
[1,2,3,4,5,6,7,8,9,12,13,15,16,23,26,28,35,36,37,38,41,43],
[1,2,3,4,5,6,7,8,9,12,13,15,16,23,26,29,35,36,38,39,41,43],
[1,2,3,4,5,6,7,8,9,12,13,15,16,23,26,33,34,37,39,41,43,44],
[1,2,3,4,5,6,7,8,9,12,13,15,16,23,26,34,35,36,37,38,39,41],
[1,2,3,4,5,6,7,8,9,12,13,15,16,23,26,34,35,37,38,39,41,43],
[1,2,3,4,5,6,7,8,9,12,13,15,16,23,26,34,35,37,39,41,43,44],
[1,2,3,4,5,6,7,8,9,12,13,15,16,23,26,34,36,37,38,39,41,42],
[1,2,3,4,5,6,7,8,9,12,13,15,16,23,26,34,37,38,39,41,42,43],
[1,2,3,4,5,6,7,8,9,12,13,15,16,23,26,35,36,37,38,39,41,43],
[1,2,3,4,5,6,7,8,9,12,13,15,16,23,26,36,37,38,39,41,42,43],
[1,2,3,4,5,6,7,8,9,12,13,15,16,24,26,28,32,35,36,37,41,42],
[1,2,3,4,5,6,7,8,9,12,13,15,16,24,26,28,35,36,37,38,41,42],
[1,2,3,4,5,6,7,8,9,12,13,15,16,24,26,31,34,35,36,37,39,41],
[1,2,3,4,5,6,7,8,9,12,13,15,16,24,26,31,34,36,37,39,41,42],
[1,2,3,4,5,6,7,8,9,12,13,15,16,24,26,34,35,36,37,38,41,42],
[1,2,3,4,5,6,7,8,9,12,13,15,16,24,26,34,35,36,37,39,41,42],
[1,2,3,4,5,6,7,8,9,12,13,15,16,26,28,35,36,37,38,41,42,43],
[1,2,3,4,5,6,7,8,9,12,13,15,16,26,29,34,35,38,39,41,42,43],
[1,2,3,4,5,6,7,8,9,12,13,15,16,26,29,35,36,38,39,41,42,43],
[1,2,3,4,5,6,7,8,9,12,13,15,16,26,31,33,34,36,37,39,41,42],
[1,2,3,4,5,6,7,8,9,12,13,15,16,26,31,33,36,37,39,41,42,43],
[1,2,3,4,5,6,7,8,9,12,13,15,16,26,32,33,34,35,37,41,43,44],
[1,2,3,4,5,6,7,8,9,12,13,15,16,26,33,34,35,37,39,41,43,44],
[1,2,3,4,5,6,7,8,9,12,13,15,16,26,34,35,36,37,38,39,41,42],
[1,2,3,4,5,6,7,8,9,12,13,15,16,26,35,36,37,38,39,41,42,43],
[1,2,3,4,5,6,7,8,9,12,13,15,16,28,29,35,36,38,39,41,42,43],
[1,2,3,4,5,6,7,8,9,12,13,15,16,28,35,36,37,38,39,41,42,43],
[1,2,3,4,5,6,7,8,9,12,13,15,18,23,26,28,30,35,38,41,43,44],
[1,2,3,4,5,6,7,8,9,12,13,15,20,23,29,34,35,36,37,38,39,41],
[1,2,3,4,5,6,7,8,9,12,13,15,23,26,29,33,34,35,39,41,43,44],
[1,2,3,4,5,6,7,8,9,12,13,15,23,26,29,34,35,36,37,38,39,41],
[1,2,3,4,5,6,7,8,9,12,13,15,23,26,29,35,36,37,38,39,41,43],
[1,2,3,4,5,6,7,8,9,12,13,15,23,26,30,33,34,35,37,41,43,44],
[1,2,3,4,5,6,7,8,9,12,13,15,23,26,33,34,35,37,39,41,43,44],
[1,2,3,4,5,6,7,8,9,12,13,15,26,29,31,33,34,36,37,39,41,42],
[1,2,3,4,5,6,7,8,9,12,13,15,26,29,34,35,36,37,38,39,41,42],
[1,2,3,4,5,6,7,8,9,12,13,15,28,29,35,36,37,38,39,41,42,43],
[1,2,3,4,5,6,7,8,9,12,13,16,24,25,28,32,35,37,38,41,42,43],
[1,2,3,4,5,6,7,8,9,12,13,16,24,25,34,35,37,38,39,41,42,43],
[1,2,3,4,5,6,7,8,9,12,13,17,24,25,34,35,37,38,39,41,42,43],
[1,2,3,4,5,6,7,8,9,12,13,17,25,28,30,34,35,37,38,41,42,43],
[1,2,3,4,5,6,7,8,9,12,13,17,25,28,30,34,35,37,38,41,43,44],
[1,2,3,4,5,6,7,8,9,12,14,15,16,20,23,28,29,35,36,38,41,44],
[1,2,3,4,5,6,7,8,9,12,14,15,16,20,23,28,29,35,36,41,43,44],
[1,2,3,4,5,6,7,8,9,12,14,15,16,20,23,28,35,36,37,41,43,44],
[1,2,3,4,5,6,7,8,9,12,14,16,17,20,25,28,29,35,36,38,41,43],
[1,2,3,4,5,6,7,8,9,12,14,16,17,20,25,28,29,35,38,41,43,44],
[1,2,3,4,5,6,7,8,9,12,14,16,17,20,25,28,34,35,37,38,41,44],
[1,2,3,4,5,6,7,8,9,12,14,16,20,23,28,29,35,36,38,41,43,44],
[1,2,3,4,5,6,7,8,9,12,14,16,20,23,28,35,36,37,38,41,43,44],
[1,2,3,4,5,6,7,8,9,12,14,16,20,25,28,29,35,36,38,41,43,44],
[1,2,3,4,5,6,7,8,9,12,14,17,20,25,28,29,35,36,38,41,43,44],
[1,2,3,4,5,6,7,8,9,12,15,16,20,23,28,29,35,36,38,41,43,44],
[1,2,3,4,5,6,7,8,9,12,15,16,20,23,29,35,36,38,39,41,43,44],
[1,2,3,4,5,6,7,8,9,13,14,15,16,18,25,26,29,35,36,41,43,44],
[1,2,3,4,5,6,7,8,9,13,14,15,16,18,25,26,32,35,36,41,43,44],
[1,2,3,4,5,6,7,8,9,13,14,15,16,18,25,28,29,35,36,38,41,44],
[1,2,3,4,5,6,7,8,9,13,14,15,16,18,25,28,29,35,36,41,43,44],
[1,2,3,4,5,6,7,8,9,13,14,15,16,18,25,28,32,35,36,41,43,44],
[1,2,3,4,5,6,7,8,9,13,14,15,16,18,25,28,32,36,37,41,42,43],
[1,2,3,4,5,6,7,8,9,13,14,15,16,18,25,28,32,36,37,41,43,44],
[1,2,3,4,5,6,7,8,9,13,14,15,16,19,25,28,29,35,36,41,42,43],
[1,2,3,4,5,6,7,8,9,13,14,15,16,19,25,28,35,36,37,41,42,43],
[1,2,3,4,5,6,7,8,9,13,14,15,16,24,25,28,32,35,36,37,41,42],
[1,2,3,4,5,6,7,8,9,13,14,15,16,25,26,29,31,33,35,36,41,44],
[1,2,3,4,5,6,7,8,9,13,14,15,16,25,26,29,31,33,36,41,43,44],
[1,2,3,4,5,6,7,8,9,13,14,15,16,25,26,29,33,35,36,41,43,44],
[1,2,3,4,5,6,7,8,9,13,14,15,16,25,28,32,35,36,37,41,42,43],
[1,2,3,4,5,6,7,8,9,13,14,15,16,25,28,32,35,36,37,41,43,44],
[1,2,3,4,5,6,7,8,9,13,14,15,18,25,26,29,32,35,36,41,43,44],
[1,2,3,4,5,6,7,8,9,13,14,15,19,25,28,29,35,36,37,41,42,43],
[1,2,3,4,5,6,7,8,9,13,14,15,25,26,29,32,33,35,36,41,42,43],
[1,2,3,4,5,6,7,8,9,13,14,15,25,26,29,32,33,35,36,41,43,44],
[1,2,3,4,5,6,7,8,9,13,14,15,25,28,29,33,35,36,37,41,42,43],
[1,2,3,4,5,6,7,8,9,13,14,15,25,28,32,33,35,36,37,41,42,43],
[1,2,3,4,5,6,7,8,9,13,14,15,25,28,32,33,35,36,37,41,43,44],
[1,2,3,4,5,6,7,8,9,13,14,16,18,25,28,29,35,36,38,41,43,44],
[1,2,3,4,5,6,7,8,9,13,14,16,24,25,28,32,35,36,37,41,42,43],
[1,2,3,4,5,6,7,8,9,13,15,16,18,21,25,26,28,35,36,38,41,42],
[1,2,3,4,5,6,7,8,9,13,15,16,18,21,25,26,29,35,36,38,41,42],
[1,2,3,4,5,6,7,8,9,13,15,16,18,21,25,28,29,35,36,38,41,42],
[1,2,3,4,5,6,7,8,9,13,15,16,18,25,26,29,35,36,38,41,42,43],
[1,2,3,4,5,6,7,8,9,13,15,16,18,25,28,29,35,36,38,41,42,43],
[1,2,3,4,5,6,7,8,9,13,15,16,18,25,28,29,35,36,38,41,43,44],
[1,2,3,4,5,6,7,8,9,13,15,16,19,25,28,29,35,36,38,41,42,43],
[1,2,3,4,5,6,7,8,9,13,15,16,19,28,29,35,36,38,39,41,42,43],
[1,2,3,4,5,6,7,8,9,13,15,16,20,23,26,29,34,35,36,38,41,44],
[1,2,3,4,5,6,7,8,9,13,15,16,21,24,25,26,29,31,35,36,41,42],
[1,2,3,4,5,6,7,8,9,13,15,16,21,24,25,26,31,34,35,36,41,42],
[1,2,3,4,5,6,7,8,9,13,15,16,23,26,33,34,35,37,39,41,43,44],
[1,2,3,4,5,6,7,8,9,13,15,16,24,26,31,34,35,36,37,39,41,42],
[1,2,3,4,5,6,7,8,9,13,15,16,25,26,27,31,33,34,36,37,41,42],
[1,2,3,4,5,6,7,8,9,13,15,16,25,26,27,31,33,34,36,37,41,44],
[1,2,3,4,5,6,7,8,9,13,15,18,25,28,29,30,35,36,38,41,42,43],
[1,2,3,4,5,6,7,8,9,13,15,18,25,28,29,30,35,36,38,41,43,44],
[1,2,3,4,5,6,7,8,9,13,15,23,26,29,30,33,34,35,38,41,43,44],
[1,2,3,4,5,6,7,8,9,13,15,23,26,29,30,33,35,36,38,41,42,43],
[1,2,3,4,5,6,7,8,9,13,15,23,26,33,34,35,36,37,38,39,41,43],
[1,2,3,4,5,6,7,8,9,13,15,23,26,33,34,36,37,38,39,41,42,43],
[1,2,3,4,5,6,7,8,9,13,15,23,29,30,33,35,36,37,38,41,42,43],
[1,2,3,4,5,6,7,8,9,13,15,26,33,34,35,36,37,38,39,41,42,43],
[1,2,3,4,5,6,7,8,9,13,16,24,25,26,29,35,36,38,39,41,42,43],
[1,2,3,4,5,6,7,8,9,13,16,25,26,27,31,33,34,36,37,41,42,43],
[1,2,3,4,5,6,7,8,9,14,15,16,18,25,26,28,29,35,36,41,43,44],
[1,2,3,4,5,6,7,8,9,14,15,16,18,25,26,28,32,35,36,41,43,44],
[1,2,3,4,5,6,7,8,9,14,15,18,25,26,28,29,32,35,36,41,43,44],
[1,2,3,4,5,6,7,8,9,15,16,18,21,25,26,28,29,35,36,38,41,42],
[1,2,3,4,5,6,7,8,9,15,16,18,21,25,26,28,29,35,36,38,41,44],
[1,2,3,4,5,6,7,8,9,15,16,20,23,26,29,34,35,36,38,39,41,44],
[1,2,3,4,5,6,7,8,9,15,18,23,26,28,29,30,35,36,38,41,43,44],
[1,2,3,4,5,6,7,8,10,11,13,15,16,18,21,25,26,30,34,38,41,42],
[1,2,3,4,5,6,7,8,10,11,13,15,16,18,21,25,26,35,36,38,41,42],
[1,2,3,4,5,6,7,8,10,11,13,15,16,18,21,26,27,30,34,38,41,42],
[1,2,3,4,5,6,7,8,10,11,13,15,16,18,21,26,27,30,38,39,41,42],
[1,2,3,4,5,6,7,8,10,11,13,15,16,18,26,27,30,36,38,39,41,42],
[1,2,3,4,5,6,7,8,10,11,13,15,16,21,26,27,30,34,38,39,41,42],
[1,2,3,4,5,6,7,8,10,11,13,15,16,21,26,30,34,35,38,39,41,42],
[1,2,3,4,5,6,7,8,10,11,13,16,19,25,30,34,35,38,39,41,42,43],
[1,2,3,4,5,6,7,8,10,11,14,15,16,18,21,27,28,30,36,38,39,41],
[1,2,3,4,5,6,7,8,10,11,14,15,16,18,21,27,28,30,36,39,41,42],
[1,2,3,4,5,6,7,8,10,11,14,15,16,20,25,27,28,34,35,36,41,44],
[1,2,3,4,5,6,7,8,10,11,14,15,16,21,25,27,28,35,36,39,41,42],
[1,2,3,4,5,6,7,8,10,11,14,15,16,25,27,28,33,34,35,36,41,44],
[1,2,3,4,5,6,7,8,10,11,14,15,25,27,28,30,33,35,36,41,42,43],
[1,2,3,4,5,6,7,8,10,11,14,16,21,25,27,28,30,35,39,41,42,43],
[1,2,3,4,5,6,7,8,10,11,14,16,21,25,27,28,35,36,39,41,42,43],
[1,2,3,4,5,6,7,8,10,11,14,21,25,27,28,29,30,36,38,39,41,42],
[1,2,3,4,5,6,7,8,10,11,14,21,25,27,28,30,35,36,39,41,42,43],
[1,2,3,4,5,6,7,8,10,11,15,16,18,21,26,27,30,36,38,39,41,42],
[1,2,3,4,5,6,7,8,10,11,15,16,18,21,27,28,30,36,38,39,41,42],
[1,2,3,4,5,6,7,8,10,11,15,16,19,21,25,28,30,34,35,38,41,42],
[1,2,3,4,5,6,7,8,10,11,15,16,19,21,25,28,34,35,38,39,41,42],
[1,2,3,4,5,6,7,8,10,11,15,16,19,21,28,30,34,35,38,39,41,42],
[1,2,3,4,5,6,7,8,10,11,15,16,20,21,25,27,28,34,35,36,38,41],
[1,2,3,4,5,6,7,8,10,11,15,16,20,21,25,28,34,35,36,38,39,41],
[1,2,3,4,5,6,7,8,10,11,15,16,20,21,25,28,34,36,38,39,41,42],
[1,2,3,4,5,6,7,8,10,11,15,16,20,21,27,28,30,34,35,38,39,41],
[1,2,3,4,5,6,7,8,10,11,15,16,20,21,27,28,34,35,36,38,39,41],
[1,2,3,4,5,6,7,8,10,11,15,16,20,25,27,28,34,35,36,38,41,44],
[1,2,3,4,5,6,7,8,10,11,15,16,21,25,26,27,34,35,36,38,41,42],
[1,2,3,4,5,6,7,8,10,11,15,16,21,25,26,27,34,35,36,39,41,42],
[1,2,3,4,5,6,7,8,10,11,15,16,21,25,27,28,34,35,36,38,41,42],
[1,2,3,4,5,6,7,8,10,11,15,16,21,25,27,28,34,35,36,39,41,42],
[1,2,3,4,5,6,7,8,10,11,15,16,21,25,28,34,35,36,38,39,41,42],
[1,2,3,4,5,6,7,8,10,11,15,16,21,26,27,30,34,35,38,39,41,42],
[1,2,3,4,5,6,7,8,10,11,15,16,21,27,28,30,34,35,38,39,41,42],
[1,2,3,4,5,6,7,8,10,11,15,16,21,27,28,34,35,36,38,39,41,42],
[1,2,3,4,5,6,7,8,10,11,15,16,25,26,27,33,34,35,36,39,41,42],
[1,2,3,4,5,6,7,8,10,11,15,21,25,26,27,33,34,35,36,39,41,42],
[1,2,3,4,5,6,7,8,10,11,15,21,25,27,28,30,34,35,36,38,41,42],
[1,2,3,4,5,6,7,8,10,11,15,21,26,27,30,33,34,35,36,39,41,42],
[1,2,3,4,5,6,7,8,10,11,15,25,27,28,33,34,35,36,37,39,41,42],
[1,2,3,4,5,6,7,8,10,11,15,27,28,30,33,34,35,36,37,39,41,42],
[1,2,3,4,5,6,7,8,10,11,15,27,28,30,34,35,36,37,38,39,41,42],
[1,2,3,4,5,6,7,8,10,11,16,19,21,25,28,30,34,35,38,39,41,42],
[1,2,3,4,5,6,7,8,10,11,16,19,25,28,30,34,35,38,39,41,42,43],
[1,2,3,4,5,6,7,8,10,11,16,21,25,27,28,30,34,35,38,39,41,42],
[1,2,3,4,5,6,7,8,10,11,16,25,27,28,30,34,35,38,39,41,42,43],
[1,2,3,4,5,6,7,8,10,12,13,14,15,16,21,27,30,32,34,39,41,42],
[1,2,3,4,5,6,7,8,10,12,13,14,15,16,21,27,32,34,37,39,41,42],
[1,2,3,4,5,6,7,8,10,12,13,14,15,16,23,28,30,34,35,37,38,41],
[1,2,3,4,5,6,7,8,10,12,13,14,15,16,27,28,30,32,34,37,41,42],
[1,2,3,4,5,6,7,8,10,12,13,14,15,16,27,30,32,34,37,39,41,42],
[1,2,3,4,5,6,7,8,10,12,13,14,15,21,27,30,32,34,37,39,41,42],
[1,2,3,4,5,6,7,8,10,12,13,14,16,21,24,25,27,31,34,37,41,42],
[1,2,3,4,5,6,7,8,10,12,13,14,16,23,27,30,34,35,37,38,39,41],
[1,2,3,4,5,6,7,8,10,12,13,15,16,21,28,30,34,35,38,39,41,42],
[1,2,3,4,5,6,7,8,10,12,13,15,16,27,28,30,32,34,37,38,41,42],
[1,2,3,4,5,6,7,8,10,12,13,15,16,28,30,32,34,35,37,38,41,42],
[1,2,3,4,5,6,7,8,10,12,13,15,16,28,30,34,35,37,38,39,41,42],
[1,2,3,4,5,6,7,8,10,12,13,16,18,21,25,27,28,30,34,38,41,42],
[1,2,3,4,5,6,7,8,10,12,15,16,20,21,27,28,34,35,37,38,39,41],
[1,2,3,4,5,6,7,8,10,13,14,15,16,18,25,28,32,35,36,41,42,43],
[1,2,3,4,5,6,7,8,10,13,14,15,16,19,21,25,28,30,32,34,41,42],
[1,2,3,4,5,6,7,8,10,13,14,15,16,19,25,28,30,32,34,35,37,41],
[1,2,3,4,5,6,7,8,10,13,14,15,16,19,25,28,30,32,34,37,41,42],
[1,2,3,4,5,6,7,8,10,13,14,15,16,19,25,28,32,34,35,37,41,42],
[1,2,3,4,5,6,7,8,10,13,14,15,16,19,28,30,35,37,39,41,42,43],
[1,2,3,4,5,6,7,8,10,13,14,15,16,25,27,28,30,32,34,37,41,42],
[1,2,3,4,5,6,7,8,10,13,14,15,16,25,28,32,35,36,37,41,42,43],
[1,2,3,4,5,6,7,8,10,13,14,15,19,25,28,30,32,34,35,37,41,42],
[1,2,3,4,5,6,7,8,10,13,14,15,27,30,33,35,36,37,39,41,42,43],
[1,2,3,4,5,6,7,8,10,13,14,21,25,27,29,30,31,34,38,39,41,42],
[1,2,3,4,5,6,7,8,10,13,15,16,18,21,25,28,30,32,34,38,41,42],
[1,2,3,4,5,6,7,8,10,13,15,16,18,21,26,27,30,32,34,38,41,42],
[1,2,3,4,5,6,7,8,10,13,15,16,19,21,25,28,30,32,34,35,41,42],
[1,2,3,4,5,6,7,8,10,13,15,16,19,21,25,28,30,34,35,38,41,42],
[1,2,3,4,5,6,7,8,10,13,15,16,19,25,28,30,32,34,35,37,41,42],
[1,2,3,4,5,6,7,8,10,13,16,18,21,25,27,28,30,32,34,38,41,42],
[1,2,3,4,5,6,7,8,10,13,16,18,21,25,27,30,32,35,38,41,42,43],
[1,2,3,4,5,6,7,8,10,13,16,18,21,25,28,30,32,35,38,41,42,43],
[1,2,3,4,5,6,7,8,10,14,15,16,21,25,27,28,31,34,36,37,41,42],
[1,2,3,4,5,6,7,8,10,14,15,16,21,25,27,28,32,34,35,37,41,42],
[1,2,3,4,5,6,7,8,10,14,15,16,21,25,27,28,32,35,36,37,41,42],
[1,2,3,4,5,6,7,8,10,14,15,16,25,27,28,33,34,35,36,37,41,44],
[1,2,3,4,5,6,7,8,10,14,15,21,25,27,29,31,33,34,36,39,41,42],
[1,2,3,4,5,6,7,8,10,14,15,25,27,28,32,33,35,36,37,41,42,43],
[1,2,3,4,5,6,7,8,10,14,15,27,28,30,32,33,35,36,37,41,42,43],
[1,2,3,4,5,6,7,8,10,14,17,21,25,27,28,29,30,36,38,39,41,42],
[1,2,3,4,5,6,7,8,10,14,17,24,25,27,28,35,36,37,38,39,41,42],
[1,2,3,4,5,6,7,8,10,14,17,25,27,28,30,35,36,38,39,41,42,43],
[1,2,3,4,5,6,7,8,10,14,17,25,27,28,33,34,35,36,37,39,41,42],
[1,2,3,4,5,6,7,8,10,14,17,25,27,28,35,36,37,38,39,41,42,43],
[1,2,3,4,5,6,7,8,10,14,17,27,28,30,35,36,37,38,39,41,42,43],
[1,2,3,4,5,6,7,8,10,15,16,21,25,27,28,32,34,35,36,37,41,42],
[1,2,3,4,5,6,7,8,10,15,16,21,26,27,28,32,34,35,36,37,41,42],
[1,2,3,4,5,6,7,8,11,12,14,15,16,18,21,27,28,30,39,41,42,43],
[1,2,3,4,5,6,7,8,11,12,14,15,16,19,21,27,28,30,39,41,42,43],
[1,2,3,4,5,6,7,8,11,12,14,15,16,19,21,28,29,30,35,39,41,43],
[1,2,3,4,5,6,7,8,11,12,15,16,18,21,26,27,28,30,34,38,41,42],
[1,2,3,4,5,6,7,8,11,12,15,16,18,21,26,27,28,30,34,38,41,44],
[1,2,3,4,5,6,7,8,11,12,15,16,18,21,26,28,29,36,38,41,42,43],
[1,2,3,4,5,6,7,8,11,12,15,16,18,21,26,29,36,38,39,41,42,43],
[1,2,3,4,5,6,7,8,11,12,15,16,18,21,28,29,36,38,39,41,42,43],
[1,2,3,4,5,6,7,8,11,12,15,16,19,21,28,29,35,38,39,41,42,43],
[1,2,3,4,5,6,7,8,11,12,15,16,19,21,28,30,35,38,39,41,42,43],
[1,2,3,4,5,6,7,8,11,12,15,16,20,21,27,28,30,34,35,38,41,44],
[1,2,3,4,5,6,7,8,11,12,18,25,26,27,29,30,34,38,41,42,43,44],
[1,2,3,4,5,6,7,8,11,12,21,25,26,27,29,30,34,38,41,42,43,44],
[1,2,3,4,5,6,7,8,11,12,21,26,27,28,29,30,34,35,38,41,43,44],
[1,2,3,4,5,6,7,8,11,13,15,18,26,29,30,35,36,38,39,41,42,43],
[1,2,3,4,5,6,7,8,11,13,25,26,29,33,34,35,36,38,39,41,42,43],
[1,2,3,4,5,6,7,8,11,14,15,16,18,25,26,29,33,35,36,41,43,44],
[1,2,3,4,5,6,7,8,11,14,15,16,19,21,25,28,30,32,34,35,41,44],
[1,2,3,4,5,6,7,8,11,14,15,16,21,25,27,28,30,32,34,35,41,44],
[1,2,3,4,5,6,7,8,11,14,15,18,26,27,29,30,33,36,39,41,42,43],
[1,2,3,4,5,6,7,8,11,14,15,21,25,27,28,30,32,33,34,35,41,44],
[1,2,3,4,5,6,7,8,11,14,17,20,25,27,28,29,30,33,34,35,41,44],
[1,2,3,4,5,6,7,8,11,14,17,20,25,27,28,29,30,33,35,36,41,44],
[1,2,3,4,5,6,7,8,11,14,17,25,27,29,30,33,34,35,39,41,43,44],
[1,2,3,4,5,6,7,8,11,15,16,21,25,26,27,28,34,35,36,38,41,42],
[1,2,3,4,5,6,7,8,11,15,16,21,26,27,28,34,35,36,38,39,41,42],
[1,2,3,4,5,6,7,8,11,15,18,25,26,27,29,31,33,34,36,41,42,44],
[1,2,3,4,5,6,7,8,11,15,21,25,26,27,28,30,32,34,35,41,42,44],
[1,2,3,4,5,6,7,8,11,15,21,25,26,27,29,30,33,34,35,41,42,44],
[1,2,3,4,5,6,7,8,11,15,21,25,26,27,30,32,33,34,35,41,42,44],
[1,2,3,4,5,6,7,8,11,17,25,27,29,33,34,35,36,38,39,41,42,43],
[1,2,3,4,5,6,7,8,11,18,25,26,27,29,30,33,36,38,41,42,43,44],
[1,2,3,4,5,6,7,8,12,13,14,15,16,25,27,31,32,33,34,37,41,44],
[1,2,3,4,5,6,7,8,13,14,15,16,25,26,27,31,33,34,36,37,41,44],
[1,2,3,4,5,6,7,8,13,14,16,18,25,26,27,32,33,35,36,41,43,44],
[1,2,3,4,5,6,7,8,14,15,18,25,26,27,29,31,33,36,41,42,43,44],
[1,2,3,4,5,6,12,13,15,16,21,26,27,31,34,36,37,38,39,41,42,44],
[1,2,3,4,5,6,12,14,16,17,20,21,25,27,28,31,34,36,37,38,41,44],
[1,2,3,4,5,6,7,8,9,11,12,15,16,18,26,27,28,36,38,41,42,43,44],
[1,2,3,4,5,6,7,8,9,11,12,15,16,19,28,29,34,35,38,39,41,42,43],
[1,2,3,4,5,6,7,8,9,11,12,15,16,20,26,29,35,36,38,39,41,43,44],
[1,2,3,4,5,6,7,8,9,11,12,15,16,20,28,29,34,35,38,39,41,43,44],
[1,2,3,4,5,6,7,8,9,11,12,15,16,26,28,29,35,36,38,39,41,42,43],
[1,2,3,4,5,6,7,8,9,11,12,16,20,26,27,29,34,36,38,39,41,43,44],
[1,2,3,4,5,6,7,8,9,11,13,15,16,18,25,26,29,33,36,41,42,43,44],
[1,2,3,4,5,6,7,8,9,11,13,15,16,18,25,26,29,35,36,38,41,43,44],
[1,2,3,4,5,6,7,8,9,11,13,15,16,19,25,29,35,36,38,39,41,42,43],
[1,2,3,4,5,6,7,8,9,11,13,15,18,25,26,29,33,34,36,38,41,42,44],
[1,2,3,4,5,6,7,8,9,11,13,15,25,26,29,30,33,34,35,38,41,42,44],
[1,2,3,4,5,6,7,8,9,11,13,15,26,29,33,34,35,36,38,39,41,42,43],
[1,2,3,4,5,6,7,8,9,11,13,16,25,26,29,33,34,35,36,38,41,43,44],
[1,2,3,4,5,6,7,8,9,11,13,16,25,26,29,34,35,36,38,39,41,42,43],
[1,2,3,4,5,6,7,8,9,11,13,25,26,29,30,33,34,35,38,41,42,43,44],
[1,2,3,4,5,6,7,8,9,11,15,16,18,25,26,28,29,35,36,38,41,42,43],
[1,2,3,4,5,6,7,8,9,11,15,16,26,28,34,35,36,37,38,39,41,42,43],
[1,2,3,4,5,6,7,8,9,11,15,25,28,29,30,33,34,35,36,38,41,42,44],
[1,2,3,4,5,6,7,8,9,11,16,20,25,26,27,28,29,35,36,38,41,43,44],
[1,2,3,4,5,6,7,8,9,11,16,20,25,26,27,29,34,35,36,38,41,43,44],
[1,2,3,4,5,6,7,8,9,11,17,20,25,27,28,29,34,35,36,38,41,43,44],
[1,2,3,4,5,6,7,8,9,12,13,14,15,16,18,21,25,28,29,35,36,38,41],
[1,2,3,4,5,6,7,8,9,12,13,14,15,16,21,24,25,26,29,31,35,36,41],
[1,2,3,4,5,6,7,8,9,12,13,14,15,16,24,28,32,35,36,37,41,42,43],
[1,2,3,4,5,6,7,8,9,12,13,14,15,16,24,29,35,36,37,39,41,42,43],
[1,2,3,4,5,6,7,8,9,12,13,14,15,16,29,33,34,35,37,39,41,43,44],
[1,2,3,4,5,6,7,8,9,12,13,14,16,17,25,28,34,35,37,38,41,43,44],
[1,2,3,4,5,6,7,8,9,12,13,14,16,24,25,29,31,36,37,39,41,42,43],
[1,2,3,4,5,6,7,8,9,12,13,15,16,20,23,26,29,34,35,36,38,39,41],
[1,2,3,4,5,6,7,8,9,12,13,15,16,23,26,29,34,35,38,39,41,43,44],
[1,2,3,4,5,6,7,8,9,12,13,15,23,26,29,33,34,36,37,38,39,41,42],
[1,2,3,4,5,6,7,8,9,12,13,15,23,28,29,30,35,36,37,38,41,42,43],
[1,2,3,4,5,6,7,8,9,13,14,15,16,25,26,31,33,34,35,36,37,41,44],
[1,2,3,4,5,6,7,8,9,13,14,15,16,25,26,32,33,35,36,37,41,43,44],
[1,2,3,4,5,6,7,8,9,13,15,16,25,26,31,33,34,35,36,37,39,41,42],
[1,2,3,4,5,6,7,8,9,13,15,23,26,29,33,35,36,37,38,39,41,42,43],
[1,2,3,4,5,6,7,8,10,11,13,15,16,18,21,26,30,35,36,38,39,41,42],
[1,2,3,4,5,6,7,8,10,11,13,15,16,19,21,25,30,34,35,38,39,41,42],
[1,2,3,4,5,6,7,8,10,11,13,15,16,21,25,26,34,35,36,38,39,41,42],
[1,2,3,4,5,6,7,8,10,11,14,15,16,20,21,25,27,28,34,35,36,39,41],
[1,2,3,4,5,6,7,8,10,12,13,14,16,21,24,25,27,31,34,38,39,41,42],
[1,2,3,4,5,6,7,8,10,12,14,15,16,21,27,28,30,32,34,37,39,41,42],
[1,2,3,4,5,6,7,8,10,13,14,15,16,18,21,25,29,31,36,38,39,41,42],
[1,2,3,4,5,6,7,8,10,14,17,20,21,25,27,29,31,34,36,38,39,41,42],
[1,2,3,4,5,6,7,8,11,12,14,15,16,18,21,27,28,29,36,39,41,42,43],
[1,2,3,4,5,6,7,8,11,13,18,25,26,27,29,30,33,34,38,41,42,43,44],
[1,2,3,4,5,6,7,8,12,14,15,16,18,20,21,25,27,28,29,31,36,41,44],
[1,2,3,4,5,6,7,11,16,25,26,27,31,33,34,36,37,38,39,41,42,43,44],
[1,2,3,4,5,6,7,8,9,11,12,15,16,26,27,28,34,36,37,38,39,41,42,43],
[1,2,3,4,5,6,7,8,9,11,12,16,18,25,26,27,28,29,36,38,41,42,43,44],
[1,2,3,4,5,6,7,8,9,11,12,16,20,25,26,27,28,29,34,35,38,41,43,44],
[1,2,3,4,5,6,7,8,9,11,13,15,16,18,25,26,29,31,33,34,36,41,42,44],
[1,2,3,4,5,6,7,8,9,11,13,15,16,25,26,29,33,34,35,36,39,41,42,43],
[1,2,3,4,5,6,7,8,9,12,14,16,17,20,25,27,28,35,36,37,38,41,43,44],
[1,2,3,4,5,6,7,8,9,11,12,15,16,20,21,26,28,29,34,35,36,38,39,41,42],
[1,2,3,4,5,6,7,8,9,11,13,15,16,23,26,29,33,34,35,36,38,39,41,43,44],
[1,2,3,4,5,6,7,8,9,11,13,15,18,25,26,29,30,33,35,36,38,41,42,43,44],
[1,2,3,4,5,6,7,8,9,12,13,15,16,21,24,26,29,31,34,35,36,38,39,41,42],
[1,2,3,4,5,6,7,8,10,12,13,14,15,16,19,21,28,30,32,34,35,37,39,41,42],
[1,2,3,4,5,6,7,8,11,12,13,15,16,19,21,26,29,30,34,35,38,39,41,42,43],
[1,2,3,4,5,6,7,8,9,10,11,13,15,16,19,25,28,34,35,36,37,38,39,41,42,43],
[1,2,3,4,5,6,7,8,12,13,14,15,16,23,26,27,30,32,33,34,35,37,39,41,43,44],
[1,2,3,4,5,6,8,11,13,17,21,25,26,27,29,30,33,34,35,36,38,39,41,42,43,44],
[1,2,3,4,5,6,7,8,9,11,12,15,16,20,23,26,27,28,34,35,36,37,38,39,41,43,44],
[1,2,3,4,5,6,7,8,9,12,13,14,15,16,18,21,24,25,26,28,29,32,35,36,41,42,43],
[1,2,3,4,5,6,7,8,9,11,12,15,16,18,20,21,25,26,27,28,29,31,34,36,38,41,42,44],
[1,2,3,4,5,6,7,8,9,12,13,14,16,18,23,24,25,26,27,28,32,35,36,37,38,41,43,44],
[1,2,3,4,5,6,7,8,11,12,14,16,17,19,20,21,25,27,28,29,30,34,35,38,39,41,43,44],
[1,2,3,4,5,6,7,8,9,10,11,13,15,17,19,25,28,29,30,33,34,35,36,37,38,39,41,42,43],
[1,2,3,4,5,6,7,8,9,11,12,13,15,16,18,19,21,25,26,28,29,30,32,34,35,38,41,42,43,44],
[1,2,3,4,5,6,7,8,10,12,13,14,16,17,19,21,24,25,27,28,30,32,34,35,37,38,39,41,42,43],
[1,2,3,4,5,6,7,8,9,10,11,13,15,16,18,23,25,26,27,28,30,32,33,34,35,36,37,38,41,42,43,44],
[1,2,3,4,5,6,7,8,9,10,12,13,14,15,16,17,19,20,21,24,25,28,29,31,34,35,36,37,38,39,41,42],
[1,2,3,4,5,6,7,8,9,10,11,13,14,15,16,17,19,20,23,25,28,29,30,33,34,35,36,37,38,39,41,43,44],
[1,2,3,4,5,6,7,8,9,10,11,12,13,14,15,16,17,18,19,20,22,23,25,27,28,29,30,31,33,34,36,37,38,39,41,42,43,44],
[1,2,3,4,5,6,7,8,9,10,11,12,13,14,15,16,17,18,19,20,21,22,23,24,25,26,27,28,29,30,31,32,33,34,35,36,37,38,39,40,42,43,44],
[1,2,3,4,6,7,8,9,10,11,12,13,14,15,16,17,18,19,20,21,22,23,24,25,26,27,28,29,30,31,32,33,34,35,36,37,38,39,40,41,42,43,44]];
