return [[1,2,3,4,5,6,7,8,9,10,11,13,14,15,16,21,22,23,25,31,32],
[1,2,3,4,5,6,7,8,9,10,11,13,14,15,16,21,22,23,29,31,32],
[1,2,3,4,5,6,7,8,9,10,11,13,14,15,16,22,23,25,30,31,32],
[1,2,3,4,5,6,7,8,9,10,11,13,14,15,21,22,23,25,30,31,32],
[1,2,3,4,5,6,7,8,9,10,11,13,14,15,21,22,23,29,30,31,32],
[1,2,3,4,5,6,7,8,9,10,11,13,14,16,20,21,22,23,25,29,32],
[1,2,3,4,5,6,7,8,9,10,11,13,14,16,20,21,22,25,29,31,32],
[1,2,3,4,5,6,7,8,9,10,11,13,14,16,20,21,23,25,29,30,32],
[1,2,3,4,5,6,7,8,9,10,11,13,14,16,20,21,25,29,30,31,32],
[1,2,3,4,5,6,7,8,9,10,11,13,14,16,20,22,23,25,29,31,32],
[1,2,3,4,5,6,7,8,9,10,11,13,14,16,20,22,23,25,30,31,32],
[1,2,3,4,5,6,7,8,9,10,11,13,14,16,20,22,23,28,29,31,32],
[1,2,3,4,5,6,7,8,9,10,11,13,14,16,20,22,23,28,30,31,32],
[1,2,3,4,5,6,7,8,9,10,11,13,14,16,20,23,25,29,30,31,32],
[1,2,3,4,5,6,7,8,9,10,11,13,14,16,20,23,28,29,30,31,32],
[1,2,3,4,5,6,7,8,9,10,11,13,14,16,21,22,23,25,29,31,32],
[1,2,3,4,5,6,7,8,9,10,11,13,15,16,20,21,22,23,25,27,29],
[1,2,3,4,5,6,7,8,9,10,11,13,15,16,20,21,22,23,25,29,32],
[1,2,3,4,5,6,7,8,9,10,11,13,15,16,20,21,22,25,27,29,31],
[1,2,3,4,5,6,7,8,9,10,11,13,15,16,20,21,22,25,29,31,32],
[1,2,3,4,5,6,7,8,9,10,11,13,15,16,20,21,23,25,29,30,32],
[1,2,3,4,5,6,7,8,9,10,11,13,15,16,20,22,23,25,27,29,31],
[1,2,3,4,5,6,7,8,9,10,11,13,15,16,20,22,23,25,29,31,32],
[1,2,3,4,5,6,7,8,9,10,11,13,15,16,20,22,23,25,30,31,32],
[1,2,3,4,5,6,7,8,9,10,11,13,15,16,20,23,25,29,30,31,32],
[1,2,3,4,5,6,7,8,9,10,11,13,15,16,21,22,23,25,27,29,31],
[1,2,3,4,5,6,7,8,9,10,11,13,15,16,21,22,23,25,29,31,32],
[1,2,3,4,5,6,7,8,9,10,11,13,15,20,21,22,23,25,27,29,32],
[1,2,3,4,5,6,7,8,9,10,11,13,15,20,21,22,23,25,27,30,32],
[1,2,3,4,5,6,7,8,9,10,11,13,15,20,21,22,23,27,29,30,32],
[1,2,3,4,5,6,7,8,9,10,11,13,15,20,21,23,25,27,29,30,32],
[1,2,3,4,5,6,7,8,9,10,11,13,15,21,22,23,25,27,29,30,31],
[1,2,3,4,5,6,7,8,9,10,11,13,15,21,22,23,25,27,29,30,32],
[1,2,3,4,5,6,7,8,9,10,11,13,15,21,22,23,25,29,30,31,32],
[1,2,3,4,5,6,7,8,9,10,11,14,15,16,21,22,23,25,30,31,32],
[1,2,3,4,5,6,7,8,9,10,11,14,16,20,21,22,23,24,25,29,32],
[1,2,3,4,5,6,7,8,9,10,11,14,16,20,21,22,23,24,28,29,31],
[1,2,3,4,5,6,7,8,9,10,11,14,16,20,21,22,23,24,28,29,32],
[1,2,3,4,5,6,7,8,9,10,11,14,16,20,21,22,24,28,29,31,32],
[1,2,3,4,5,6,7,8,9,10,11,14,16,20,22,23,24,25,29,31,32],
[1,2,3,4,5,6,7,8,9,10,11,14,16,20,22,23,24,28,29,31,32],
[1,2,3,4,5,6,7,8,9,10,11,14,16,21,22,23,24,25,29,31,32],
[1,2,3,4,5,6,7,8,9,10,11,14,16,21,22,23,24,28,29,31,32],
[1,2,3,4,5,6,7,8,9,10,12,13,14,15,16,18,19,20,21,26,29],
[1,2,3,4,5,6,7,8,9,10,12,13,14,15,16,18,19,22,23,25,27],
[1,2,3,4,5,6,7,8,9,10,12,13,14,15,16,18,19,22,23,26,27],
[1,2,3,4,5,6,7,8,9,10,12,13,14,15,16,18,20,21,25,26,32],
[1,2,3,4,5,6,7,8,9,10,12,13,14,15,16,18,20,21,26,29,32],
[1,2,3,4,5,6,7,8,9,10,12,13,14,15,16,18,20,22,25,26,32],
[1,2,3,4,5,6,7,8,9,10,12,13,14,15,16,18,20,22,26,28,31],
[1,2,3,4,5,6,7,8,9,10,12,13,14,15,16,18,20,22,26,28,32],
[1,2,3,4,5,6,7,8,9,10,12,13,14,15,16,18,22,23,25,27,31],
[1,2,3,4,5,6,7,8,9,10,12,13,14,15,16,18,22,23,26,28,32],
[1,2,3,4,5,6,7,8,9,10,12,13,14,15,16,20,21,22,25,26,32],
[1,2,3,4,5,6,7,8,9,10,12,13,14,15,17,18,22,23,26,27,28],
[1,2,3,4,5,6,7,8,9,10,12,13,14,15,17,18,22,23,26,28,32],
[1,2,3,4,5,6,7,8,9,10,12,13,14,15,17,21,22,23,25,27,32],
[1,2,3,4,5,6,7,8,9,10,12,13,14,15,18,19,21,23,25,27,30],
[1,2,3,4,5,6,7,8,9,10,12,13,14,15,18,19,21,23,26,27,29],
[1,2,3,4,5,6,7,8,9,10,12,13,14,15,18,19,21,23,27,29,30],
[1,2,3,4,5,6,7,8,9,10,12,13,14,15,18,20,21,26,29,30,32],
[1,2,3,4,5,6,7,8,9,10,12,13,14,15,18,22,23,25,27,30,31],
[1,2,3,4,5,6,7,8,9,10,12,13,14,15,18,22,23,27,28,30,31],
[1,2,3,4,5,6,7,8,9,10,12,13,14,15,21,22,23,25,27,30,32],
[1,2,3,4,5,6,7,8,9,10,12,13,14,16,18,20,22,23,25,27,31],
[1,2,3,4,5,6,7,8,9,10,12,13,14,16,18,20,22,23,26,27,28],
[1,2,3,4,5,6,7,8,9,10,12,13,14,16,18,20,22,23,26,28,32],
[1,2,3,4,5,6,7,8,9,10,12,13,14,16,18,20,22,23,27,28,31],
[1,2,3,4,5,6,7,8,9,10,12,13,14,16,18,20,22,26,27,28,31],
[1,2,3,4,5,6,7,8,9,10,12,13,14,18,19,20,21,23,25,27,30],
[1,2,3,4,5,6,7,8,9,10,12,13,14,18,19,20,21,23,27,29,30],
[1,2,3,4,5,6,7,8,9,10,12,13,14,18,20,21,23,25,27,30,32],
[1,2,3,4,5,6,7,8,9,10,12,13,14,18,20,21,23,27,29,30,32],
[1,2,3,4,5,6,7,8,9,10,12,13,14,18,20,22,23,26,27,28,32],
[1,2,3,4,5,6,7,8,9,10,12,13,14,18,20,23,25,27,28,30,32],
[1,2,3,4,5,6,7,8,9,10,12,13,14,18,20,23,26,27,28,29,32],
[1,2,3,4,5,6,7,8,9,10,12,13,14,18,20,23,27,28,29,30,32],
[1,2,3,4,5,6,7,8,9,10,12,13,14,20,21,22,23,25,27,30,32],
[1,2,3,4,5,6,7,8,9,10,12,13,14,20,21,22,23,27,28,30,32],
[1,2,3,4,5,6,7,8,9,10,12,13,14,20,21,23,27,28,29,30,32],
[1,2,3,4,5,6,7,8,9,10,12,13,14,20,22,23,25,27,28,30,32],
[1,2,3,4,5,6,7,8,9,10,12,13,15,16,18,19,20,21,25,27,29],
[1,2,3,4,5,6,7,8,9,10,12,13,15,16,18,19,20,23,25,27,29],
[1,2,3,4,5,6,7,8,9,10,12,13,15,16,18,20,22,23,25,27,31],
[1,2,3,4,5,6,7,8,9,10,12,13,15,16,18,20,23,25,27,29,32],
[1,2,3,4,5,6,7,8,9,10,12,13,15,16,19,20,21,23,25,27,29],
[1,2,3,4,5,6,7,8,9,10,12,13,15,16,20,21,22,23,25,27,32],
[1,2,3,4,5,6,7,8,9,10,12,13,15,16,20,21,22,23,27,29,32],
[1,2,3,4,5,6,7,8,9,10,12,13,15,16,20,21,23,25,27,29,32],
[1,2,3,4,5,6,7,8,9,10,12,13,15,18,20,21,25,27,29,30,32],
[1,2,3,4,5,6,7,8,9,10,12,13,15,18,20,23,25,27,29,30,32],
[1,2,3,4,5,6,7,8,9,10,12,13,15,18,21,23,25,27,29,30,32],
[1,2,3,4,5,6,7,8,9,10,12,13,15,20,21,22,23,25,27,30,32],
[1,2,3,4,5,6,7,8,9,10,12,13,15,20,21,23,25,27,29,30,32],
[1,2,3,4,5,6,7,8,9,10,12,13,18,20,21,23,25,27,29,30,32],
[1,2,3,4,5,6,7,8,9,10,12,14,15,16,17,18,21,23,26,29,32],
[1,2,3,4,5,6,7,8,9,10,12,14,15,16,17,18,21,26,28,29,32],
[1,2,3,4,5,6,7,8,9,10,12,14,15,16,17,18,21,26,28,31,32],
[1,2,3,4,5,6,7,8,9,10,12,14,15,16,17,18,22,23,25,28,32],
[1,2,3,4,5,6,7,8,9,10,12,14,15,16,17,18,22,23,26,28,32],
[1,2,3,4,5,6,7,8,9,10,12,14,15,16,17,18,22,25,28,31,32],
[1,2,3,4,5,6,7,8,9,10,12,14,15,16,17,18,22,26,28,31,32],
[1,2,3,4,5,6,7,8,9,10,12,14,15,16,17,18,23,26,28,29,32],
[1,2,3,4,5,6,7,8,9,10,12,14,15,16,17,21,22,26,28,31,32],
[1,2,3,4,5,6,7,8,9,10,12,14,15,16,18,19,20,21,26,29,31],
[1,2,3,4,5,6,7,8,9,10,12,14,15,16,18,19,21,23,25,30,31],
[1,2,3,4,5,6,7,8,9,10,12,14,15,16,18,19,21,23,29,30,31],
[1,2,3,4,5,6,7,8,9,10,12,14,15,16,18,20,22,25,26,31,32],
[1,2,3,4,5,6,7,8,9,10,12,14,15,16,18,20,22,26,28,31,32],
[1,2,3,4,5,6,7,8,9,10,12,14,15,16,20,21,22,26,28,31,32],
[1,2,3,4,5,6,7,8,9,10,12,14,15,16,20,21,22,28,30,31,32],
[1,2,3,4,5,6,7,8,9,10,12,14,15,17,18,21,23,25,27,30,31],
[1,2,3,4,5,6,7,8,9,10,12,14,15,17,21,22,23,25,27,30,32],
[1,2,3,4,5,6,7,8,9,10,12,14,15,17,21,22,23,27,28,30,32],
[1,2,3,4,5,6,7,8,9,10,12,14,15,18,19,21,23,25,27,30,31],
[1,2,3,4,5,6,7,8,9,10,12,14,16,17,18,21,24,26,28,29,32],
[1,2,3,4,5,6,7,8,9,10,12,14,16,17,18,22,23,24,25,28,32],
[1,2,3,4,5,6,7,8,9,10,12,14,16,17,21,22,23,24,28,29,32],
[1,2,3,4,5,6,7,8,9,10,12,14,16,17,21,22,24,26,28,29,32],
[1,2,3,4,5,6,7,8,9,10,12,14,16,18,20,21,22,24,26,27,31],
[1,2,3,4,5,6,7,8,9,10,12,14,16,18,20,21,24,26,28,29,32],
[1,2,3,4,5,6,7,8,9,10,12,14,16,18,20,22,23,24,25,28,32],
[1,2,3,4,5,6,7,8,9,10,12,14,16,18,20,22,24,26,27,28,31],
[1,2,3,4,5,6,7,8,9,10,12,14,16,18,20,23,24,27,28,29,31],
[1,2,3,4,5,6,7,8,9,10,12,14,16,20,21,22,23,24,27,28,29],
[1,2,3,4,5,6,7,8,9,10,12,14,16,20,21,22,23,24,27,28,31],
[1,2,3,4,5,6,7,8,9,10,12,14,16,20,21,22,23,24,28,29,32],
[1,2,3,4,5,6,7,8,9,10,12,14,16,20,21,22,24,26,27,28,29],
[1,2,3,4,5,6,7,8,9,10,12,14,16,20,21,22,24,26,27,28,31],
[1,2,3,4,5,6,7,8,9,10,12,14,16,20,21,22,24,26,28,29,32],
[1,2,3,4,5,6,7,8,9,10,12,14,16,20,21,23,24,27,28,29,31],
[1,2,3,4,5,6,7,8,9,10,12,14,16,20,21,23,24,28,29,30,31],
[1,2,3,4,5,6,7,8,9,10,12,14,17,18,20,21,22,24,26,27,28],
[1,2,3,4,5,6,7,8,9,10,12,14,17,18,20,21,24,26,27,28,29],
[1,2,3,4,5,6,7,8,9,10,12,14,17,18,20,21,24,26,28,29,32],
[1,2,3,4,5,6,7,8,9,10,12,14,17,18,20,21,26,27,28,29,32],
[1,2,3,4,5,6,7,8,9,10,12,14,17,20,21,22,24,25,27,28,32],
[1,2,3,4,5,6,7,8,9,10,12,14,17,21,22,23,24,27,28,29,32],
[1,2,3,4,5,6,7,8,9,10,12,14,18,20,21,22,24,26,27,28,31],
[1,2,3,4,5,6,7,8,9,10,12,14,18,20,21,24,25,27,28,30,31],
[1,2,3,4,5,6,7,8,9,10,12,14,18,20,21,24,27,28,29,30,31],
[1,2,3,4,5,6,7,8,9,10,12,14,18,20,21,26,27,28,29,30,31],
[1,2,3,4,5,6,7,8,9,10,12,14,18,20,23,24,25,27,28,30,31],
[1,2,3,4,5,6,7,8,9,10,12,14,20,21,22,23,24,27,28,29,32],
[1,2,3,4,5,6,7,8,9,10,12,15,16,17,18,22,23,26,28,29,32],
[1,2,3,4,5,6,7,8,9,10,12,15,16,17,21,22,23,24,28,29,32],
[1,2,3,4,5,6,7,8,9,10,12,15,16,18,19,20,21,25,27,29,30],
[1,2,3,4,5,6,7,8,9,10,12,15,16,18,19,20,21,25,27,30,31],
[1,2,3,4,5,6,7,8,9,10,12,15,16,18,19,20,21,26,27,29,31],
[1,2,3,4,5,6,7,8,9,10,12,15,16,18,19,20,21,27,29,30,31],
[1,2,3,4,5,6,7,8,9,10,12,15,16,18,19,20,23,25,27,29,30],
[1,2,3,4,5,6,7,8,9,10,12,15,16,18,20,21,25,27,29,30,31],
[1,2,3,4,5,6,7,8,9,10,12,15,16,18,20,21,25,29,30,31,32],
[1,2,3,4,5,6,7,8,9,10,12,15,16,18,20,22,23,25,27,28,32],
[1,2,3,4,5,6,7,8,9,10,12,15,16,18,21,23,24,25,27,29,31],
[1,2,3,4,5,6,7,8,9,10,12,15,16,18,22,23,24,25,27,28,31],
[1,2,3,4,5,6,7,8,9,10,12,15,17,18,21,23,25,27,29,30,32],
[1,2,3,4,5,6,7,8,9,10,12,15,17,21,22,23,24,25,27,29,32],
[1,2,3,4,5,6,7,8,9,10,12,16,18,20,22,23,24,25,27,28,32],
[1,2,3,4,5,6,7,8,9,10,12,16,18,20,22,23,24,27,28,29,32],
[1,2,3,4,5,6,7,8,9,10,12,16,18,20,23,24,25,27,28,29,32],
[1,2,3,4,5,6,7,8,9,10,12,18,20,21,24,25,27,28,29,30,31],
[1,2,3,4,5,6,7,8,9,10,12,18,20,23,24,25,27,28,29,30,31],
[1,2,3,4,5,6,7,8,9,10,13,14,15,16,17,18,19,21,25,29,31],
[1,2,3,4,5,6,7,8,9,10,13,14,15,16,17,18,19,21,26,29,31],
[1,2,3,4,5,6,7,8,9,10,13,14,15,16,17,18,19,22,23,25,31],
[1,2,3,4,5,6,7,8,9,10,13,14,15,16,17,18,19,22,23,26,29],
[1,2,3,4,5,6,7,8,9,10,13,14,15,16,17,18,19,23,25,29,31],
[1,2,3,4,5,6,7,8,9,10,13,14,15,16,17,18,22,23,25,31,32],
[1,2,3,4,5,6,7,8,9,10,13,14,15,16,17,18,22,25,26,31,32],
[1,2,3,4,5,6,7,8,9,10,13,14,15,16,17,18,23,25,29,31,32],
[1,2,3,4,5,6,7,8,9,10,13,14,15,16,17,21,22,25,26,31,32],
[1,2,3,4,5,6,7,8,9,10,13,14,15,16,17,21,22,25,29,31,32],
[1,2,3,4,5,6,7,8,9,10,13,14,15,16,17,22,23,25,29,31,32],
[1,2,3,4,5,6,7,8,9,10,13,14,15,16,18,19,20,21,26,29,31],
[1,2,3,4,5,6,7,8,9,10,13,14,15,16,18,19,22,23,25,27,31],
[1,2,3,4,5,6,7,8,9,10,13,14,15,16,18,19,22,23,26,29,31],
[1,2,3,4,5,6,7,8,9,10,13,14,15,16,18,19,23,25,29,30,31],
[1,2,3,4,5,6,7,8,9,10,13,14,15,16,18,20,21,25,26,31,32],
[1,2,3,4,5,6,7,8,9,10,13,14,15,16,18,20,21,25,29,31,32],
[1,2,3,4,5,6,7,8,9,10,13,14,15,16,18,20,21,26,29,31,32],
[1,2,3,4,5,6,7,8,9,10,13,14,15,16,18,20,25,29,30,31,32],
[1,2,3,4,5,6,7,8,9,10,13,14,15,16,18,23,25,29,30,31,32],
[1,2,3,4,5,6,7,8,9,10,13,14,15,16,18,23,28,29,30,31,32],
[1,2,3,4,5,6,7,8,9,10,13,14,15,16,20,21,22,25,26,31,32],
[1,2,3,4,5,6,7,8,9,10,13,14,15,16,20,21,25,29,30,31,32],
[1,2,3,4,5,6,7,8,9,10,13,14,15,17,18,21,23,25,29,30,32],
[1,2,3,4,5,6,7,8,9,10,13,14,15,17,18,21,25,29,30,31,32],
[1,2,3,4,5,6,7,8,9,10,13,14,15,17,18,21,26,29,30,31,32],
[1,2,3,4,5,6,7,8,9,10,13,14,15,17,18,23,25,28,30,31,32],
[1,2,3,4,5,6,7,8,9,10,13,14,15,17,18,23,25,29,30,31,32],
[1,2,3,4,5,6,7,8,9,10,13,14,15,17,21,22,23,25,30,31,32],
[1,2,3,4,5,6,7,8,9,10,13,14,15,17,21,22,23,27,28,30,31],
[1,2,3,4,5,6,7,8,9,10,13,14,15,17,21,22,23,27,28,30,32],
[1,2,3,4,5,6,7,8,9,10,13,14,15,18,20,21,25,29,30,31,32],
[1,2,3,4,5,6,7,8,9,10,13,14,15,18,20,21,26,29,30,31,32],
[1,2,3,4,5,6,7,8,9,10,13,14,16,18,20,21,25,26,29,31,32],
[1,2,3,4,5,6,7,8,9,10,13,14,16,18,20,23,25,29,30,31,32],
[1,2,3,4,5,6,7,8,9,10,13,14,16,18,20,23,28,29,30,31,32],
[1,2,3,4,5,6,7,8,9,10,13,14,17,18,20,21,25,29,30,31,32],
[1,2,3,4,5,6,7,8,9,10,13,14,17,18,20,23,27,28,29,30,32],
[1,2,3,4,5,6,7,8,9,10,13,14,17,18,23,25,28,29,30,31,32],
[1,2,3,4,5,6,7,8,9,10,13,14,17,20,21,22,26,28,29,31,32],
[1,2,3,4,5,6,7,8,9,10,13,15,16,17,18,22,23,25,29,31,32],
[1,2,3,4,5,6,7,8,9,10,13,15,16,18,20,23,28,29,30,31,32],
[1,2,3,4,5,6,7,8,9,10,14,15,16,17,18,21,26,28,29,31,32],
[1,2,3,4,5,6,7,8,9,10,14,15,16,17,18,22,23,25,28,31,32],
[1,2,3,4,5,6,7,8,9,10,14,15,16,17,21,22,26,28,29,31,32],
[1,2,3,4,5,6,7,8,9,10,14,15,16,18,20,21,25,29,30,31,32],
[1,2,3,4,5,6,7,8,9,10,14,16,17,18,20,21,25,26,29,31,32],
[1,2,3,4,5,6,7,8,9,10,14,16,17,18,20,22,24,26,28,29,32],
[1,2,3,4,5,6,7,8,9,10,14,16,17,18,20,22,26,28,29,31,32],
[1,2,3,4,5,6,7,8,9,10,14,16,18,20,23,25,28,29,30,31,32],
[1,2,3,4,5,6,7,8,9,10,14,16,20,21,22,24,26,28,29,31,32],
[1,2,3,4,5,6,7,8,9,10,14,16,20,23,24,25,28,29,30,31,32],
[1,2,3,4,5,6,7,8,9,10,14,17,18,20,22,24,26,27,28,29,31],
[1,2,3,4,5,6,7,8,9,10,14,17,18,20,23,24,25,27,28,29,31],
[1,2,3,4,5,6,7,8,9,10,14,17,20,21,22,24,26,28,29,31,32],
[1,2,3,4,5,6,7,8,9,10,15,16,17,18,22,23,25,28,29,31,32],
[1,2,3,4,5,6,7,8,9,10,15,16,17,22,23,24,25,28,29,31,32],
[1,2,3,4,5,6,7,8,9,10,15,16,18,19,20,21,25,27,29,30,31],
[1,2,3,4,5,6,7,8,9,10,15,16,18,20,23,25,28,29,30,31,32],
[1,2,3,4,5,6,7,8,9,10,15,18,20,21,25,27,28,29,30,31,32],
[1,2,3,4,5,6,7,8,9,10,16,18,20,22,23,24,25,27,28,29,31],
[1,2,3,4,5,6,7,8,9,10,16,18,20,22,23,24,25,27,28,29,32],
[1,2,3,4,5,6,7,8,9,10,17,18,20,22,23,24,25,27,28,29,32],
[1,2,3,4,5,6,7,8,9,11,12,14,15,21,22,23,25,27,28,30,31],
[1,2,3,4,5,6,7,8,9,11,12,14,16,20,21,22,23,24,27,28,31],
[1,2,3,4,5,6,7,8,9,11,13,14,15,16,18,19,20,23,25,29,31],
[1,2,3,4,5,6,7,8,9,11,13,14,15,16,19,21,22,23,25,29,31],
[1,2,3,4,5,6,7,8,9,11,13,14,15,16,21,22,23,25,29,31,32],
[1,2,3,4,5,6,7,8,9,11,13,14,15,17,21,22,23,25,27,28,31],
[1,2,3,4,5,6,7,8,9,11,13,14,15,21,22,23,28,29,30,31,32],
[1,2,3,4,5,6,7,8,9,11,13,14,16,20,22,23,24,27,28,29,31],
[1,2,3,4,5,6,7,8,9,11,13,15,16,19,21,22,23,25,27,29,31],
[1,2,3,4,5,6,7,8,9,11,13,15,16,20,22,23,25,28,29,31,32],
[1,2,3,4,5,6,7,8,9,11,13,15,20,21,22,23,27,28,29,30,32],
[1,2,3,4,5,6,7,8,9,11,13,15,20,21,22,27,28,29,30,31,32],
[1,2,3,4,5,6,7,8,9,11,13,15,20,22,23,27,28,29,30,31,32],
[1,2,3,4,5,6,7,8,9,11,14,15,16,19,21,22,23,24,25,27,31],
[1,2,3,4,5,6,7,8,9,11,14,15,16,19,21,22,23,24,25,29,31],
[1,2,3,4,5,6,7,8,9,11,14,15,16,20,21,25,28,29,30,31,32],
[1,2,3,4,5,6,7,8,9,11,14,16,20,23,24,25,28,29,30,31,32],
[1,2,3,4,5,6,7,8,9,11,15,16,19,21,22,23,24,25,27,29,31],
[1,2,3,4,5,6,7,8,9,12,13,14,15,16,18,20,22,23,27,28,31],
[1,2,3,4,5,6,7,8,9,12,13,14,15,16,18,20,22,26,27,28,31],
[1,2,3,4,5,6,7,8,9,12,13,14,15,18,19,20,21,23,27,29,30],
[1,2,3,4,5,6,7,8,9,12,13,14,15,18,20,21,26,27,28,29,30],
[1,2,3,4,5,6,7,8,9,12,13,14,15,18,20,21,26,28,29,30,32],
[1,2,3,4,5,6,7,8,9,12,13,15,18,20,21,26,27,28,29,30,32],
[1,2,3,4,5,6,7,8,9,12,14,15,16,18,20,23,25,28,29,30,32],
[1,2,3,4,5,6,7,8,9,12,14,15,16,18,21,22,24,25,27,28,31],
[1,2,3,4,5,6,7,8,9,12,14,15,17,18,21,22,24,25,27,28,31],
[1,2,3,4,5,6,7,8,9,13,14,17,18,20,23,24,25,27,28,29,31],
[1,2,3,4,5,6,7,8,9,13,15,16,17,18,22,23,25,28,29,31,32],
[1,2,3,4,5,6,7,8,9,13,15,17,20,21,22,26,27,28,29,31,32],
[1,2,3,4,5,6,7,8,9,13,16,18,20,22,23,24,25,27,28,29,31],
[1,2,3,4,5,6,7,8,10,12,13,14,15,16,19,20,21,22,23,25,32],
[1,2,3,4,5,6,7,8,10,12,13,15,16,18,19,20,22,23,26,27,29],
[1,2,3,4,5,6,7,8,10,12,14,15,16,17,18,21,22,26,28,29,32],
[1,2,3,4,5,6,7,8,10,12,14,15,16,17,18,22,23,26,28,29,32],
[1,2,3,4,5,6,7,8,10,12,14,15,16,18,19,20,21,22,26,29,32],
[1,2,3,4,5,6,7,8,10,12,14,15,16,18,19,20,22,23,26,28,29],
[1,2,3,4,5,6,7,8,10,12,14,15,16,18,19,20,22,23,26,29,32],
[1,2,3,4,5,6,7,8,10,12,14,15,16,18,20,21,22,26,28,29,32],
[1,2,3,4,5,6,7,8,10,12,14,15,16,18,20,21,22,26,28,31,32],
[1,2,3,4,5,6,7,8,10,12,14,15,16,18,20,22,23,26,28,29,32],
[1,2,3,4,5,6,7,8,10,12,14,15,18,19,20,21,22,26,27,28,31],
[1,2,3,4,5,6,7,8,10,12,14,15,18,19,20,22,23,27,28,30,31],
[1,2,3,4,5,6,7,8,10,12,14,16,18,19,20,22,23,24,27,28,29],
[1,2,3,4,5,6,7,8,10,12,14,16,18,19,20,22,23,24,27,28,31],
[1,2,3,4,5,6,7,8,10,12,14,16,18,19,20,22,23,26,27,28,29],
[1,2,3,4,5,6,7,8,10,12,14,16,18,19,20,23,24,27,28,29,31],
[1,2,3,4,5,6,7,8,10,12,14,17,20,21,22,23,24,25,27,28,32],
[1,2,3,4,5,6,7,8,10,12,15,16,18,19,20,21,22,26,27,29,31],
[1,2,3,4,5,6,7,8,10,12,15,16,18,19,20,22,23,26,27,28,29],
[1,2,3,4,5,6,7,8,10,12,15,16,18,19,20,22,23,27,28,29,31],
[1,2,3,4,5,6,7,8,10,12,15,16,18,19,20,22,26,27,28,29,31],
[1,2,3,4,5,6,7,8,10,12,15,17,18,20,23,25,27,28,29,30,32],
[1,2,3,4,5,6,7,8,10,13,15,16,18,19,20,22,23,25,27,29,31],
[1,2,3,4,5,6,7,8,11,13,14,15,16,20,22,23,25,28,29,31,32],
[1,2,3,4,5,6,7,8,11,14,15,16,20,21,22,23,25,28,29,31,32],
[1,2,3,4,5,6,7,8,11,14,15,16,20,21,23,25,28,29,30,31,32],
[1,2,3,4,5,6,7,8,11,14,15,20,21,22,23,25,28,29,30,31,32],
[1,2,3,4,5,6,7,8,12,14,15,16,18,19,20,21,22,26,27,28,31],
[1,2,3,4,5,6,7,9,10,11,12,13,15,19,21,22,23,27,29,30,32],
[1,2,3,4,5,6,7,9,10,11,12,13,15,20,21,22,23,27,29,30,32],
[1,2,3,4,5,6,7,9,10,11,12,14,16,20,21,22,23,24,28,29,32],
[1,2,3,4,5,6,7,9,10,11,12,14,16,20,21,22,24,26,28,29,32],
[1,2,3,4,5,6,7,9,10,11,12,14,16,20,22,23,24,26,28,29,32],
[1,2,3,4,5,6,7,9,10,11,12,16,20,21,22,24,26,28,29,31,32],
[1,2,3,4,5,6,7,9,10,11,13,14,16,17,19,22,23,24,25,29,32],
[1,2,3,4,5,6,7,9,10,11,13,14,16,20,22,23,24,26,28,29,32],
[1,2,3,4,5,6,7,9,10,12,13,14,15,16,18,19,22,23,25,27,31],
[1,2,3,4,5,6,7,9,11,12,15,16,19,21,22,23,24,27,28,29,31],
[1,2,3,4,5,6,7,10,11,12,14,16,19,20,22,23,24,26,28,29,32],
[1,2,3,4,5,6,7,8,9,10,11,13,14,15,16,20,21,22,25,30,31,32],
[1,2,3,4,5,6,7,8,9,10,11,13,14,15,16,21,23,25,29,30,31,32],
[1,2,3,4,5,6,7,8,9,10,11,13,14,15,16,22,23,28,29,30,31,32],
[1,2,3,4,5,6,7,8,9,10,11,13,15,16,20,22,23,28,29,30,31,32],
[1,2,3,4,5,6,7,8,9,10,11,13,15,20,21,22,25,27,29,30,31,32],
[1,2,3,4,5,6,7,8,9,10,11,13,15,20,22,23,25,27,29,30,31,32],
[1,2,3,4,5,6,7,8,9,10,11,14,15,16,21,22,23,28,29,30,31,32],
[1,2,3,4,5,6,7,8,9,10,12,13,14,15,16,18,22,23,26,27,28,31],
[1,2,3,4,5,6,7,8,9,10,12,13,14,15,17,18,19,21,22,23,25,27],
[1,2,3,4,5,6,7,8,9,10,12,13,14,15,17,18,21,23,25,27,30,32],
[1,2,3,4,5,6,7,8,9,10,12,13,14,15,17,21,22,23,26,27,28,32],
[1,2,3,4,5,6,7,8,9,10,12,13,14,18,20,22,23,25,27,28,30,31],
[1,2,3,4,5,6,7,8,9,10,12,13,14,20,21,22,23,26,27,28,29,32],
[1,2,3,4,5,6,7,8,9,10,12,13,15,18,19,20,21,23,25,27,29,30],
[1,2,3,4,5,6,7,8,9,10,12,14,15,16,17,21,22,23,26,28,29,32],
[1,2,3,4,5,6,7,8,9,10,12,14,16,17,18,22,23,24,26,28,29,32],
[1,2,3,4,5,6,7,8,9,10,12,14,16,18,20,22,23,24,25,27,28,31],
[1,2,3,4,5,6,7,8,9,10,12,14,16,18,20,22,23,24,26,27,28,29],
[1,2,3,4,5,6,7,8,9,10,12,14,16,18,20,22,23,24,26,28,29,32],
[1,2,3,4,5,6,7,8,9,10,12,14,16,18,20,23,24,25,28,29,30,32],
[1,2,3,4,5,6,7,8,9,10,12,14,17,18,20,22,23,24,25,27,28,32],
[1,2,3,4,5,6,7,8,9,10,12,14,17,20,21,22,24,26,27,28,29,32],
[1,2,3,4,5,6,7,8,9,10,12,15,16,18,19,21,23,25,27,29,30,31],
[1,2,3,4,5,6,7,8,9,10,13,14,15,16,17,18,21,25,26,29,31,32],
[1,2,3,4,5,6,7,8,9,10,13,14,15,16,18,19,20,21,25,29,30,31],
[1,2,3,4,5,6,7,8,9,10,13,14,15,16,18,20,26,28,29,30,31,32],
[1,2,3,4,5,6,7,8,9,10,13,14,15,17,18,22,23,25,27,28,30,31],
[1,2,3,4,5,6,7,8,9,10,13,14,17,18,20,23,25,27,28,29,30,31],
[1,2,3,4,5,6,7,8,9,10,13,15,16,17,18,19,22,23,25,27,29,31],
[1,2,3,4,5,6,7,8,9,10,13,15,17,18,23,25,27,28,29,30,31,32],
[1,2,3,4,5,6,7,8,9,10,15,16,17,18,22,23,24,25,27,28,29,31],
[1,2,3,4,5,6,7,8,9,11,13,14,15,16,18,19,20,23,27,28,29,31],
[1,2,3,4,5,6,7,8,9,11,14,15,16,19,21,22,23,24,27,28,29,31],
[1,2,3,4,5,6,7,8,9,12,13,14,15,18,20,21,23,27,28,29,30,32],
[1,2,3,4,5,6,7,8,9,13,14,15,16,18,19,22,23,26,27,28,29,31],
[1,2,3,4,5,6,7,8,10,12,13,14,15,16,19,20,21,22,23,26,29,32],
[1,2,3,4,5,6,7,8,10,12,13,15,16,19,20,21,22,23,25,27,29,32],
[1,2,3,4,5,6,7,8,10,12,14,15,16,18,19,20,21,22,26,28,29,31],
[1,2,3,4,5,6,7,9,11,12,15,16,19,20,21,22,24,26,27,28,29,31],
[1,2,3,4,5,6,7,8,9,10,11,12,13,14,15,16,20,21,22,23,25,30,32],
[1,2,3,4,5,6,7,8,9,10,12,13,14,15,16,18,20,23,26,28,29,30,32],
[1,2,3,4,5,6,7,8,9,10,12,13,14,15,17,18,22,23,25,27,28,30,32],
[1,2,3,4,5,6,7,8,9,10,12,13,15,16,18,20,22,23,26,27,28,29,32],
[1,2,3,4,5,6,7,8,9,10,12,14,15,16,18,20,21,26,28,29,30,31,32],
[1,2,3,4,5,6,7,8,9,10,12,14,17,18,20,22,23,24,26,27,28,29,32],
[1,2,3,4,5,6,7,8,9,10,12,15,16,17,18,22,23,24,25,27,28,29,32],
[1,2,3,4,5,6,7,8,9,10,13,14,15,16,17,18,22,23,26,28,29,31,32],
[1,2,3,4,5,6,7,8,9,10,13,14,15,17,18,19,21,23,25,27,29,30,31],
[1,2,3,4,5,6,7,8,9,11,13,14,15,16,18,20,23,25,28,29,30,31,32],
[1,2,3,4,5,6,7,8,9,11,13,15,17,21,22,23,25,27,28,29,30,31,32],
[1,2,3,4,5,6,7,8,10,12,14,16,18,19,20,21,22,24,26,27,28,29,31],
[1,2,3,4,5,6,7,9,11,12,13,14,15,16,18,19,20,23,26,28,29,30,32],
[1,2,3,4,5,7,8,9,10,13,14,15,16,17,18,21,23,25,28,29,30,31,32],
[1,2,3,4,5,6,7,8,9,10,11,12,14,16,20,21,22,23,24,25,28,30,31,32],
[1,2,3,4,5,6,7,8,9,10,11,13,14,15,16,20,21,22,26,28,29,30,31,32],
[1,2,3,4,5,6,7,8,9,10,11,13,14,16,19,20,21,22,23,24,25,27,29,31],
[1,2,3,4,5,6,7,8,9,10,12,13,14,15,16,18,19,20,21,22,25,26,27,31],
[1,2,3,4,5,6,7,8,9,10,12,13,14,15,16,18,20,22,23,25,28,30,31,32],
[1,2,3,4,5,6,7,8,9,10,11,12,13,14,15,16,19,20,21,22,23,25,27,30,31],
[1,2,3,4,5,6,7,8,9,10,11,12,13,14,15,16,20,21,22,23,26,28,29,30,32],
[1,2,3,4,5,6,7,8,9,10,11,12,15,16,20,21,22,23,24,25,27,28,29,30,31,32],
[1,2,3,4,5,6,7,8,9,10,11,13,14,17,20,21,22,23,24,25,27,28,29,30,31,32],
[1,2,3,4,5,6,7,8,9,10,12,13,14,15,17,18,20,21,22,25,26,27,28,30,31,32],
[1,2,3,4,5,6,7,8,9,10,12,15,16,17,18,20,21,22,24,25,26,27,28,29,31,32],
[1,2,3,4,5,6,7,8,9,10,11,12,13,14,15,16,19,20,21,22,23,26,27,28,29,30,31],
[1,2,3,4,5,6,7,8,9,11,12,13,14,15,16,17,18,19,20,21,22,23,24,25,26,27,28,29,32],
[1,3,4,5,6,7,8,9,10,11,12,13,14,15,16,17,18,19,20,21,22,23,24,25,26,27,28,29,30,31,32],
[2,3,4,5,6,7,8,9,10,11,12,13,14,15,16,17,18,19,20,21,22,23,24,25,26,27,28,29,30,31,32]];
