return [[1,2,3,4,5,6,7,8,9,12,13,14,15,16,17,21,30,35,40,42,43],
[1,2,3,4,5,6,7,8,9,12,13,14,15,16,21,24,29,30,35,40,43],
[1,2,3,4,5,6,7,8,9,12,13,14,15,16,21,26,29,30,34,35,40],
[1,2,3,4,5,6,7,8,9,12,13,14,15,17,21,26,30,35,40,42,43],
[1,2,3,4,5,6,7,8,9,12,13,14,15,17,26,29,30,34,35,40,42],
[1,2,3,4,5,6,7,8,9,12,13,14,15,17,26,29,30,35,40,42,43],
[1,2,3,4,5,6,7,8,9,12,13,14,15,18,21,24,28,29,35,42,43],
[1,2,3,4,5,6,7,8,9,12,13,14,15,18,21,24,29,30,35,42,43],
[1,2,3,4,5,6,7,8,9,12,13,14,15,21,26,29,30,35,40,42,43],
[1,2,3,4,5,6,7,8,9,12,13,14,17,21,26,29,30,35,40,42,43],
[1,2,3,4,5,6,7,8,9,12,13,14,18,21,24,29,30,35,40,42,43],
[1,2,3,4,5,6,7,8,9,12,13,14,18,21,29,30,32,35,40,42,43],
[1,2,3,4,5,6,7,8,9,12,13,14,21,28,29,31,32,34,35,40,42],
[1,2,3,4,5,6,7,8,9,12,13,14,21,29,30,31,32,35,40,42,43],
[1,2,3,4,5,6,7,8,9,12,13,15,16,21,23,24,29,30,35,40,43],
[1,2,3,4,5,6,7,8,9,12,13,15,16,21,23,26,28,29,34,35,40],
[1,2,3,4,5,6,7,8,9,12,13,15,16,21,23,26,29,30,34,35,40],
[1,2,3,4,5,6,7,8,9,12,13,15,17,26,29,30,33,35,40,42,43],
[1,2,3,4,5,6,7,8,9,12,13,15,18,21,23,24,29,30,35,40,43],
[1,2,3,4,5,6,7,8,9,12,13,15,18,21,26,30,35,36,40,42,43],
[1,2,3,4,5,6,7,8,9,12,13,15,18,24,26,28,29,33,35,40,42],
[1,2,3,4,5,6,7,8,9,12,13,15,18,24,26,28,29,33,35,42,43],
[1,2,3,4,5,6,7,8,9,12,13,15,18,24,26,29,33,35,40,42,43],
[1,2,3,4,5,6,7,8,9,12,13,15,18,26,28,29,31,33,35,42,43],
[1,2,3,4,5,6,7,8,9,12,13,16,18,21,26,29,30,31,35,40,43],
[1,2,3,4,5,6,7,8,9,12,13,16,18,21,26,30,31,35,36,40,43],
[1,2,3,4,5,6,7,8,9,12,13,16,18,26,29,30,31,35,36,40,43],
[1,2,3,4,5,6,7,8,9,12,13,16,21,26,30,31,35,36,40,42,43],
[1,2,3,4,5,6,7,8,9,12,13,18,21,26,29,30,31,32,35,40,42],
[1,2,3,4,5,6,7,8,9,12,13,18,21,26,29,30,31,35,40,42,43],
[1,2,3,4,5,6,7,8,9,12,13,18,21,29,30,31,32,35,40,42,43],
[1,2,3,4,5,6,7,8,9,12,14,15,16,17,21,26,29,30,34,35,40],
[1,2,3,4,5,6,7,8,9,12,14,15,16,17,21,29,30,34,35,40,43],
[1,2,3,4,5,6,7,8,9,12,14,15,16,21,24,29,30,34,35,40,43],
[1,2,3,4,5,6,7,8,9,12,14,15,17,18,24,25,29,34,35,39,42],
[1,2,3,4,5,6,7,8,9,12,14,15,17,18,24,25,29,34,35,42,43],
[1,2,3,4,5,6,7,8,9,12,14,15,17,18,24,25,29,35,39,42,43],
[1,2,3,4,5,6,7,8,9,12,14,15,17,18,25,29,30,34,35,39,42],
[1,2,3,4,5,6,7,8,9,12,14,15,17,18,25,29,30,35,39,42,43],
[1,2,3,4,5,6,7,8,9,12,14,15,17,21,24,25,29,30,34,35,39],
[1,2,3,4,5,6,7,8,9,12,14,15,17,21,24,29,30,34,35,39,40],
[1,2,3,4,5,6,7,8,9,12,14,15,17,21,24,29,30,34,35,40,43],
[1,2,3,4,5,6,7,8,9,12,14,15,17,21,24,30,34,35,38,40,43],
[1,2,3,4,5,6,7,8,9,12,14,15,17,21,25,26,29,30,34,35,39],
[1,2,3,4,5,6,7,8,9,12,14,15,17,21,25,26,30,34,35,39,42],
[1,2,3,4,5,6,7,8,9,12,14,15,17,21,26,29,30,34,35,39,40],
[1,2,3,4,5,6,7,8,9,12,14,15,17,21,26,30,34,35,39,40,42],
[1,2,3,4,5,6,7,8,9,12,14,15,17,24,25,26,29,34,35,39,42],
[1,2,3,4,5,6,7,8,9,12,14,15,17,24,26,29,34,35,39,40,42],
[1,2,3,4,5,6,7,8,9,12,14,15,17,25,26,29,30,34,35,39,42],
[1,2,3,4,5,6,7,8,9,12,14,15,17,26,29,30,34,35,39,40,42],
[1,2,3,4,5,6,7,8,9,12,14,15,18,21,24,25,29,30,34,35,39],
[1,2,3,4,5,6,7,8,9,12,14,15,18,24,25,29,30,35,39,42,43],
[1,2,3,4,5,6,7,8,9,12,14,16,17,21,29,30,31,34,35,40,43],
[1,2,3,4,5,6,7,8,9,12,14,17,21,25,26,29,30,34,35,39,42],
[1,2,3,4,5,6,7,8,9,12,14,17,21,25,26,29,34,35,39,40,42],
[1,2,3,4,5,6,7,8,9,12,14,17,21,26,29,30,34,35,39,40,42],
[1,2,3,4,5,6,7,8,9,12,14,17,24,25,26,29,34,35,39,40,42],
[1,2,3,4,5,6,7,8,9,12,14,18,21,24,28,29,31,32,34,35,42],
[1,2,3,4,5,6,7,8,9,12,14,18,21,24,28,29,31,34,35,42,43],
[1,2,3,4,5,6,7,8,9,12,14,21,24,25,26,29,34,35,39,40,42],
[1,2,3,4,5,6,7,8,9,12,14,21,24,28,29,31,32,34,35,40,42],
[1,2,3,4,5,6,7,8,9,12,15,16,17,21,26,30,34,35,37,40,42],
[1,2,3,4,5,6,7,8,9,12,15,16,17,21,26,31,34,35,37,40,42],
[1,2,3,4,5,6,7,8,9,12,15,16,17,21,31,34,35,37,40,42,43],
[1,2,3,4,5,6,7,8,9,12,15,16,17,26,31,33,35,36,40,42,43],
[1,2,3,4,5,6,7,8,9,12,15,16,18,21,23,24,28,29,31,34,35],
[1,2,3,4,5,6,7,8,9,12,15,17,18,24,25,29,31,33,35,42,43],
[1,2,3,4,5,6,7,8,9,12,15,17,18,24,25,31,34,35,37,39,42],
[1,2,3,4,5,6,7,8,9,12,15,17,18,25,26,29,30,34,35,39,42],
[1,2,3,4,5,6,7,8,9,12,15,17,18,25,26,29,30,35,39,42,43],
[1,2,3,4,5,6,7,8,9,12,15,17,18,25,26,29,31,33,35,42,43],
[1,2,3,4,5,6,7,8,9,12,15,17,18,25,26,31,34,35,37,39,42],
[1,2,3,4,5,6,7,8,9,12,15,17,18,26,29,30,33,35,39,42,43],
[1,2,3,4,5,6,7,8,9,12,15,17,18,26,30,31,35,36,37,42,43],
[1,2,3,4,5,6,7,8,9,12,15,17,21,24,30,35,38,39,40,42,43],
[1,2,3,4,5,6,7,8,9,12,15,17,21,24,34,35,37,38,39,40,42],
[1,2,3,4,5,6,7,8,9,12,15,17,21,26,30,34,35,37,39,40,42],
[1,2,3,4,5,6,7,8,9,12,15,17,21,30,34,35,37,38,39,40,42],
[1,2,3,4,5,6,7,8,9,12,15,17,26,29,30,33,35,39,40,42,43],
[1,2,3,4,5,6,7,8,9,12,15,18,21,23,24,26,28,31,34,35,40],
[1,2,3,4,5,6,7,8,9,12,15,18,21,24,25,26,28,31,34,35,42],
[1,2,3,4,5,6,7,8,9,12,15,18,21,24,26,28,31,34,35,40,42],
[1,2,3,4,5,6,7,8,9,12,15,18,21,24,30,35,38,39,40,42,43],
[1,2,3,4,5,6,7,8,9,12,15,18,21,26,30,31,35,36,37,42,43],
[1,2,3,4,5,6,7,8,9,12,15,18,24,25,26,28,29,31,34,35,42],
[1,2,3,4,5,6,7,8,9,12,15,18,24,25,26,29,31,33,35,42,43],
[1,2,3,4,5,6,7,8,9,12,15,18,24,25,28,29,31,34,35,42,43],
[1,2,3,4,5,6,7,8,9,12,15,18,24,26,28,29,31,33,34,35,42],
[1,2,3,4,5,6,7,8,9,12,15,18,24,26,28,29,31,33,35,42,43],
[1,2,3,4,5,6,7,8,9,12,15,18,24,26,28,31,33,34,35,40,42],
[1,2,3,4,5,6,7,8,9,12,15,18,24,26,29,30,35,39,40,42,43],
[1,2,3,4,5,6,7,8,9,12,15,18,24,26,29,33,35,39,40,42,43],
[1,2,3,4,5,6,7,8,9,12,15,18,24,26,31,33,34,35,39,40,42],
[1,2,3,4,5,6,7,8,9,12,15,18,26,29,30,33,35,39,40,42,43],
[1,2,3,4,5,6,7,8,9,12,16,17,21,26,30,31,34,35,37,40,42],
[1,2,3,4,5,6,7,8,9,12,17,18,19,25,26,29,30,35,39,42,43],
[1,2,3,4,5,6,7,8,9,12,17,18,19,26,29,30,31,35,40,42,43],
[1,2,3,4,5,6,7,8,9,12,17,18,19,26,29,30,35,39,40,42,43],
[1,2,3,4,5,6,7,8,9,12,17,18,26,29,30,33,35,39,40,42,43],
[1,2,3,4,5,6,7,8,9,12,17,18,26,30,31,35,36,37,40,42,43],
[1,2,3,4,5,6,7,8,9,12,17,19,21,25,26,29,31,35,40,42,43],
[1,2,3,4,5,6,7,8,9,12,17,19,21,26,29,30,31,35,40,42,43],
[1,2,3,4,5,6,7,8,9,12,17,24,25,26,29,31,34,35,39,40,42],
[1,2,3,4,5,6,7,8,9,12,18,19,21,24,25,26,29,35,39,40,42],
[1,2,3,4,5,6,7,8,9,12,18,19,21,24,26,29,30,35,39,40,42],
[1,2,3,4,5,6,7,8,9,12,18,19,21,24,26,29,30,35,40,42,43],
[1,2,3,4,5,6,7,8,9,12,18,19,21,26,29,30,31,35,40,42,43],
[1,2,3,4,5,6,7,8,9,12,18,19,24,26,29,30,35,39,40,42,43],
[1,2,3,4,5,6,7,8,9,12,18,21,23,24,26,28,29,31,34,35,40],
[1,2,3,4,5,6,7,8,9,12,18,21,24,25,26,28,29,31,34,35,42],
[1,2,3,4,5,6,7,8,9,12,18,21,24,25,26,29,31,34,35,40,42],
[1,2,3,4,5,6,7,8,9,12,18,21,24,25,26,29,34,35,39,40,42],
[1,2,3,4,5,6,7,8,9,12,18,21,24,25,26,31,34,35,39,40,42],
[1,2,3,4,5,6,7,8,9,12,18,21,24,26,28,29,31,34,35,40,42],
[1,2,3,4,5,6,7,8,9,12,18,21,24,28,29,31,32,34,35,40,42],
[1,2,3,4,5,6,7,8,9,12,18,21,26,28,29,31,32,34,35,40,42],
[1,2,3,4,5,6,7,8,9,12,18,21,26,30,31,35,36,37,40,42,43],
[1,2,3,4,5,6,7,8,9,12,18,24,25,26,29,31,34,35,39,40,42],
[1,2,3,4,5,6,7,8,9,12,18,24,26,28,29,31,33,34,35,40,42],
[1,2,3,4,5,6,7,8,9,12,18,24,26,29,31,33,34,35,39,40,42],
[1,2,3,4,5,6,7,8,9,13,14,15,16,21,24,29,30,34,35,40,43],
[1,2,3,4,5,6,7,8,9,14,16,17,21,29,30,31,34,35,40,42,43],
[1,2,3,4,5,6,7,8,9,15,16,17,26,30,31,33,35,36,40,42,43],
[1,2,3,4,5,6,7,8,9,15,18,24,26,29,30,33,35,39,40,42,43],
[1,2,3,4,5,6,7,8,9,16,17,26,29,30,31,33,34,35,40,42,43],
[1,2,3,4,5,6,7,8,9,17,19,21,25,26,29,30,31,35,40,42,43],
[1,2,3,4,5,6,7,8,12,13,16,18,26,29,30,31,33,35,36,40,43],
[1,2,3,4,5,6,7,8,12,17,18,19,21,25,26,29,31,35,40,42,43],
[1,2,3,4,5,6,7,8,12,18,21,24,25,26,29,31,33,34,35,40,42],
[1,2,3,4,5,6,7,8,12,18,21,24,25,26,29,31,33,35,40,42,43],
[1,2,3,4,5,6,7,9,12,13,16,18,21,26,28,29,30,31,35,40,43],
[1,2,3,4,5,6,7,9,12,14,15,17,21,25,26,30,34,35,39,40,42],
[1,2,3,4,5,6,7,9,12,14,15,18,21,24,28,29,30,34,35,40,43],
[1,2,3,4,5,6,7,9,12,14,15,18,21,24,29,30,34,35,39,40,43],
[1,2,3,4,5,6,7,9,12,14,17,21,25,26,29,30,34,35,39,40,42],
[1,2,3,4,5,6,7,9,12,15,17,18,21,25,26,30,35,37,39,42,43],
[1,2,3,4,5,6,7,9,12,15,17,18,25,26,29,30,34,35,37,39,42],
[1,2,3,4,5,6,7,9,12,15,17,18,25,26,29,30,35,37,39,42,43],
[1,2,3,4,5,6,7,9,12,15,17,18,26,29,30,33,35,39,40,42,43],
[1,2,3,4,5,6,7,9,12,15,17,18,26,29,30,35,37,39,40,42,43],
[1,2,3,4,5,6,7,9,12,15,17,21,25,26,30,34,35,37,39,40,42],
[1,2,3,4,5,6,7,9,12,15,17,21,25,26,30,35,37,39,40,42,43],
[1,2,3,4,5,6,7,9,12,15,18,21,24,25,26,34,35,37,39,40,42],
[1,2,3,4,5,6,7,9,12,15,18,21,24,30,35,37,38,39,40,42,43],
[1,2,3,4,5,6,7,9,12,16,18,21,26,28,29,30,31,34,35,37,40],
[1,2,3,4,5,6,7,9,12,16,18,21,26,28,29,30,31,35,37,40,43],
[1,2,3,4,5,6,7,9,12,18,19,21,24,25,26,29,35,39,40,42,43],
[1,2,3,4,5,6,7,9,12,18,19,21,24,26,29,30,35,39,40,42,43],
[1,2,3,4,5,6,7,9,12,18,19,21,25,26,29,30,35,39,40,42,43],
[1,2,3,4,5,6,7,9,12,18,21,24,25,26,28,29,31,34,35,40,42],
[1,2,3,4,5,6,7,9,12,18,21,24,25,26,28,29,31,35,40,42,43],
[1,2,3,4,5,6,7,9,12,18,21,24,25,26,31,34,35,37,39,40,42],
[1,2,3,4,5,6,7,9,12,18,21,26,28,29,30,31,32,34,35,37,40],
[1,2,3,4,5,6,7,9,12,18,21,26,28,29,30,32,34,35,37,40,42],
[1,2,3,4,5,6,7,9,12,18,21,26,28,29,31,32,34,35,37,40,42],
[1,2,3,4,5,6,7,9,12,18,21,28,29,30,31,32,34,35,37,40,43],
[1,2,3,4,5,6,7,9,12,18,21,28,29,31,32,34,35,37,40,42,43],
[1,2,3,4,5,6,7,9,15,17,18,25,26,29,30,34,35,37,39,42,43],
[1,2,3,4,5,6,7,9,15,17,18,26,27,29,30,33,35,39,40,42,43],
[1,2,3,4,5,6,7,9,15,18,24,26,27,29,30,33,35,39,40,42,43],
[1,2,3,4,5,6,7,9,15,18,26,27,28,29,30,31,34,35,37,42,43],
[1,2,3,4,5,6,7,9,18,19,21,24,25,26,29,30,35,39,40,42,43],
[1,2,3,4,5,6,7,9,18,21,26,28,29,30,31,32,34,35,37,40,42],
[1,2,3,4,5,6,7,9,18,21,28,29,30,31,32,34,35,37,40,42,43],
[1,2,3,4,5,6,8,9,12,15,16,17,21,26,30,31,34,35,37,40,42],
[1,2,3,4,5,6,8,9,12,15,17,19,21,24,25,26,31,35,41,42,43],
[1,2,3,4,5,6,8,9,12,15,17,19,21,26,30,31,35,38,41,42,43],
[1,2,3,4,5,6,8,9,12,15,17,19,21,26,30,35,38,40,41,42,43],
[1,2,3,4,5,6,8,9,12,15,17,21,26,30,31,35,36,37,38,40,42],
[1,2,3,4,5,6,8,9,12,15,17,21,26,30,31,35,36,38,40,42,43],
[1,2,3,4,5,6,8,9,12,15,17,21,26,30,31,35,38,40,41,42,43],
[1,2,3,4,5,6,8,9,12,15,17,21,26,31,34,35,37,38,39,40,42],
[1,2,3,4,5,6,8,9,12,15,17,21,30,31,35,36,37,38,40,42,43],
[1,2,3,4,5,6,8,9,12,15,18,19,21,24,25,26,31,35,41,42,43],
[1,2,3,4,5,6,8,9,12,17,19,21,26,30,31,35,38,40,41,42,43],
[1,2,3,4,5,6,8,9,12,18,19,21,24,25,26,29,31,35,41,42,43],
[1,2,3,4,5,6,8,9,12,18,21,23,24,26,29,31,32,34,35,39,40],
[1,2,3,4,5,6,8,9,12,18,21,23,24,29,30,31,32,34,35,39,40],
[1,2,3,4,5,6,8,9,12,18,21,23,26,29,30,31,32,34,35,39,40],
[1,2,3,4,5,7,8,9,11,12,14,15,17,18,21,24,30,32,34,35,42],
[1,2,3,4,5,7,8,9,11,12,14,15,17,18,21,24,30,32,35,42,43],
[1,2,3,4,5,7,8,9,11,12,15,17,18,21,24,30,32,34,35,37,42],
[1,2,3,4,5,7,8,9,11,12,15,17,18,21,24,31,32,34,35,37,42],
[1,2,3,4,5,7,8,9,12,13,14,15,17,18,21,24,30,32,35,42,43],
[1,2,3,4,5,7,8,9,12,13,14,17,18,21,24,29,30,32,35,42,43],
[1,2,3,4,5,7,8,9,12,13,14,17,21,24,26,29,30,32,34,35,40],
[1,2,3,4,5,7,8,9,12,13,14,17,21,24,26,29,30,32,35,40,42],
[1,2,3,4,5,7,8,9,12,13,14,17,21,24,26,29,32,34,35,40,42],
[1,2,3,4,5,7,8,9,12,13,14,17,21,24,29,30,32,35,40,42,43],
[1,2,3,4,5,7,8,9,12,13,14,17,21,24,29,31,32,34,35,40,42],
[1,2,3,4,5,7,8,9,12,13,14,17,21,24,29,31,32,35,40,42,43],
[1,2,3,4,5,7,8,9,12,13,14,17,21,29,30,31,32,35,40,42,43],
[1,2,3,4,5,7,8,9,12,13,14,18,21,24,29,30,32,35,40,42,43],
[1,2,3,4,5,7,8,9,12,13,14,21,24,28,29,31,32,34,35,40,42],
[1,2,3,4,5,7,8,9,12,13,15,16,17,21,24,26,31,34,35,36,40],
[1,2,3,4,5,7,8,9,12,13,15,16,17,21,26,30,31,35,36,42,43],
[1,2,3,4,5,7,8,9,12,13,15,16,17,21,26,30,35,36,40,42,43],
[1,2,3,4,5,7,8,9,12,13,15,16,21,23,24,26,28,31,34,35,40],
[1,2,3,4,5,7,8,9,12,13,15,16,21,23,24,26,31,34,35,36,40],
[1,2,3,4,5,7,8,9,12,13,15,17,18,21,24,26,30,32,35,36,42],
[1,2,3,4,5,7,8,9,12,13,15,17,18,21,24,26,30,35,36,42,43],
[1,2,3,4,5,7,8,9,12,13,15,17,18,21,24,26,31,32,35,36,42],
[1,2,3,4,5,7,8,9,12,13,15,17,18,21,24,26,31,35,36,42,43],
[1,2,3,4,5,7,8,9,12,13,15,17,18,21,24,30,32,35,36,42,43],
[1,2,3,4,5,7,8,9,12,13,15,17,18,21,24,31,32,35,36,42,43],
[1,2,3,4,5,7,8,9,12,13,15,17,21,24,26,30,32,34,35,36,40],
[1,2,3,4,5,7,8,9,12,13,15,17,21,24,26,30,32,35,36,40,42],
[1,2,3,4,5,7,8,9,12,13,15,17,21,24,26,31,35,36,40,42,43],
[1,2,3,4,5,7,8,9,12,13,15,17,23,24,26,30,32,34,35,36,40],
[1,2,3,4,5,7,8,9,12,13,15,21,23,24,26,30,32,34,35,36,40],
[1,2,3,4,5,7,8,9,12,13,16,17,21,24,29,30,31,35,36,40,43],
[1,2,3,4,5,7,8,9,12,13,16,18,21,23,26,29,30,31,35,36,40],
[1,2,3,4,5,7,8,9,12,13,16,21,23,24,26,28,29,31,34,35,40],
[1,2,3,4,5,7,8,9,12,13,17,18,24,26,29,30,32,35,39,40,42],
[1,2,3,4,5,7,8,9,12,13,18,21,23,24,26,29,30,32,35,36,40],
[1,2,3,4,5,7,8,9,12,13,18,21,23,24,26,29,31,32,35,36,40],
[1,2,3,4,5,7,8,9,12,13,18,21,23,24,29,30,31,32,35,36,40],
[1,2,3,4,5,7,8,9,12,13,18,21,23,26,29,30,31,32,35,36,40],
[1,2,3,4,5,7,8,9,12,15,17,18,19,21,24,25,26,30,35,39,42],
[1,2,3,4,5,7,8,9,12,15,17,18,21,24,25,26,31,34,35,37,42],
[1,2,3,4,5,7,8,9,12,15,17,18,21,24,25,26,34,35,37,39,42],
[1,2,3,4,5,7,8,9,12,15,17,18,21,24,26,31,32,34,35,36,42],
[1,2,3,4,5,7,8,9,12,15,17,18,21,24,26,31,34,35,36,37,42],
[1,2,3,4,5,7,8,9,12,15,17,18,21,24,30,35,36,37,38,42,43],
[1,2,3,4,5,7,8,9,12,15,17,18,21,24,31,32,34,35,36,37,42],
[1,2,3,4,5,7,8,9,12,15,17,18,21,26,31,32,34,35,36,37,42],
[1,2,3,4,5,7,8,9,12,15,17,18,24,25,26,31,34,35,37,39,42],
[1,2,3,4,5,7,8,9,12,15,17,21,24,26,31,34,35,36,37,40,42],
[1,2,3,4,5,7,8,9,12,15,18,21,24,26,31,34,35,36,37,40,42],
[1,2,3,4,5,7,8,9,12,17,18,19,21,24,26,29,30,32,35,39,40],
[1,2,3,4,5,7,8,9,12,17,18,19,21,24,26,30,32,35,39,40,42],
[1,2,3,4,5,7,8,9,12,17,18,19,24,26,29,30,32,35,39,40,42],
[1,2,3,4,5,7,8,9,12,17,18,21,24,25,26,31,34,35,37,39,42],
[1,2,3,4,5,7,8,9,12,17,18,21,24,26,29,30,31,32,34,35,40],
[1,2,3,4,5,7,8,9,12,17,18,21,24,26,29,30,32,34,35,39,40],
[1,2,3,4,5,7,8,9,12,17,18,21,24,26,30,31,32,34,35,36,40],
[1,2,3,4,5,7,8,9,12,17,18,21,24,26,31,34,35,37,39,40,42],
[1,2,3,4,5,7,8,9,12,17,18,21,24,30,31,32,34,35,36,37,40],
[1,2,3,4,5,7,8,9,12,17,18,21,26,30,31,32,34,35,36,37,40],
[1,2,3,4,5,7,8,9,12,17,18,21,26,30,31,32,35,36,37,40,42],
[1,2,3,4,5,7,8,9,12,17,18,23,24,26,29,30,32,34,35,39,40],
[1,2,3,4,5,7,8,9,12,18,21,23,24,26,30,31,32,34,35,36,40],
[1,2,3,4,5,7,8,9,13,15,17,21,24,26,30,32,34,35,36,40,42],
[1,2,3,4,5,7,8,9,13,18,21,23,24,26,29,30,31,32,35,36,40],
[1,2,3,4,5,7,8,9,17,18,19,21,24,25,26,29,30,31,34,35,42],
[1,2,3,4,5,7,8,9,17,18,19,21,24,25,26,29,30,34,35,39,42],
[1,2,3,4,5,7,8,9,17,18,21,26,30,31,32,34,35,36,37,40,42],
[1,2,3,4,5,7,8,9,17,19,21,24,25,26,29,30,34,35,39,40,42],
[1,2,3,4,5,7,8,12,13,15,16,17,21,24,26,31,33,34,35,36,40],
[1,2,3,4,5,7,8,12,13,15,16,18,21,24,26,31,33,34,35,36,40],
[1,2,3,4,5,7,8,12,13,16,17,18,26,29,30,31,33,35,36,40,43],
[1,2,3,4,5,7,8,12,13,16,18,21,23,24,29,30,31,34,35,36,40],
[1,2,3,4,5,7,8,12,13,17,18,23,24,26,29,30,32,34,35,36,40],
[1,2,3,4,5,7,8,17,18,24,26,27,29,30,31,33,34,35,36,40,42],
[1,2,3,4,5,7,9,12,15,17,18,21,24,26,28,31,32,34,35,37,42],
[1,2,3,4,5,7,9,12,15,17,18,21,24,26,31,32,34,35,36,37,42],
[1,2,3,4,5,7,9,12,15,17,18,24,26,28,31,32,34,35,37,40,42],
[1,2,3,4,5,7,9,12,15,17,21,24,26,28,31,32,34,35,37,40,42],
[1,2,3,4,5,7,9,12,15,17,21,24,26,31,32,34,35,36,37,40,42],
[1,2,3,4,5,7,9,12,15,18,21,24,26,28,31,32,34,35,37,40,42],
[1,2,3,4,5,7,9,12,15,18,21,24,26,31,32,34,35,36,37,40,42],
[1,2,3,4,5,7,12,15,17,18,21,24,26,31,32,34,35,36,37,40,42],
[1,2,3,4,5,8,9,12,15,17,18,21,24,25,26,31,34,35,37,39,42],
[1,2,3,4,5,8,9,12,17,18,23,24,26,29,30,31,32,34,35,39,40],
[1,2,3,4,6,7,8,9,11,12,13,14,17,21,24,31,32,34,35,40,42],
[1,2,3,5,6,7,8,9,10,12,14,15,16,17,26,29,30,33,35,37,43],
[1,2,3,5,6,7,8,9,10,12,14,15,16,17,26,30,33,35,37,42,43],
[1,2,3,5,6,7,8,9,10,12,14,15,18,25,26,28,29,33,35,37,42],
[1,2,3,5,6,7,8,9,10,12,14,15,18,25,26,28,29,33,35,42,43],
[1,2,3,5,6,7,8,9,10,14,15,16,17,26,29,30,33,35,37,42,43],
[1,2,3,5,6,7,8,9,12,14,15,16,17,21,26,30,33,35,37,40,43],
[1,2,3,5,6,7,8,9,12,14,15,16,17,21,26,30,35,37,40,42,43],
[1,2,3,5,6,7,8,9,12,14,15,16,17,21,26,33,34,35,37,40,42],
[1,2,3,5,6,7,8,9,12,14,15,16,17,21,26,33,35,37,40,42,43],
[1,2,3,5,6,7,8,9,12,14,15,16,17,26,30,33,35,37,40,42,43],
[1,2,3,5,6,7,8,9,12,14,15,16,21,23,24,28,29,33,34,35,40],
[1,2,3,5,6,7,8,9,12,14,15,16,21,23,26,28,33,34,35,37,40],
[1,2,3,5,6,7,8,9,12,14,15,16,21,23,26,28,33,35,37,40,42],
[1,2,3,5,6,7,8,9,12,14,15,16,21,23,30,33,35,36,37,40,43],
[1,2,3,5,6,7,8,9,12,14,15,16,21,26,28,33,34,35,37,40,42],
[1,2,3,5,6,7,8,9,12,14,15,16,21,26,30,33,35,37,40,42,43],
[1,2,3,5,6,7,8,9,12,14,15,16,21,30,33,35,36,37,40,42,43],
[1,2,3,5,6,7,8,9,12,14,15,17,19,21,25,26,30,35,37,39,42],
[1,2,3,5,6,7,8,9,12,14,15,17,19,21,25,26,30,35,37,42,43],
[1,2,3,5,6,7,8,9,12,14,15,17,19,21,25,26,33,35,37,42,43],
[1,2,3,5,6,7,8,9,12,14,15,17,19,21,25,30,35,37,39,42,43],
[1,2,3,5,6,7,8,9,12,14,15,17,19,21,26,30,35,37,39,40,42],
[1,2,3,5,6,7,8,9,12,14,15,17,19,30,33,35,37,39,40,42,43],
[1,2,3,5,6,7,8,9,12,14,15,18,19,21,23,24,25,33,35,37,39],
[1,2,3,5,6,7,8,9,12,14,15,18,19,21,23,25,26,33,35,37,39],
[1,2,3,5,6,7,8,9,12,14,15,18,19,21,23,26,33,35,37,39,42],
[1,2,3,5,6,7,8,9,12,14,15,18,19,21,25,26,30,35,37,39,42],
[1,2,3,5,6,7,8,9,12,14,15,18,19,21,25,26,30,35,37,42,43],
[1,2,3,5,6,7,8,9,12,14,15,18,19,21,25,26,33,35,37,39,42],
[1,2,3,5,6,7,8,9,12,14,15,18,19,21,25,30,35,37,39,42,43],
[1,2,3,5,6,7,8,9,12,14,15,18,19,23,26,30,33,35,37,39,42],
[1,2,3,5,6,7,8,9,12,14,15,18,21,23,24,25,26,28,29,33,35],
[1,2,3,5,6,7,8,9,12,14,15,18,21,23,24,25,26,28,29,34,35],
[1,2,3,5,6,7,8,9,12,14,15,18,23,24,25,29,33,34,35,37,39],
[1,2,3,5,6,7,8,9,12,14,15,18,23,25,26,28,29,33,34,35,37],
[1,2,3,5,6,7,8,9,12,14,15,19,21,23,24,26,33,35,39,40,42],
[1,2,3,5,6,7,8,9,12,14,15,21,23,24,25,26,28,29,33,34,35],
[1,2,3,5,6,7,8,9,12,14,15,21,23,24,26,28,29,33,34,35,40],
[1,2,3,5,6,7,8,9,12,14,15,21,23,26,33,34,35,37,39,40,42],
[1,2,3,5,6,7,8,9,12,14,15,23,24,26,28,29,33,34,35,39,40],
[1,2,3,5,6,7,8,9,12,14,15,23,24,26,28,29,33,35,39,40,42],
[1,2,3,5,6,7,8,9,12,14,15,23,24,26,28,33,34,35,39,40,42],
[1,2,3,5,6,7,8,9,12,14,15,24,26,28,29,33,34,35,39,40,42],
[1,2,3,5,6,7,8,9,12,14,16,17,19,21,26,29,30,35,37,40,43],
[1,2,3,5,6,7,8,9,12,14,16,17,19,21,26,30,33,35,37,40,43],
[1,2,3,5,6,7,8,9,12,14,16,17,19,26,29,30,33,35,37,40,43],
[1,2,3,5,6,7,8,9,12,14,16,17,21,26,29,30,31,35,37,40,43],
[1,2,3,5,6,7,8,9,12,14,16,17,21,26,30,31,35,37,40,42,43],
[1,2,3,5,6,7,8,9,12,14,16,17,21,26,31,33,34,35,37,40,42],
[1,2,3,5,6,7,8,9,12,14,16,17,21,26,31,33,35,37,40,42,43],
[1,2,3,5,6,7,8,9,12,14,16,21,23,26,28,31,33,34,35,37,40],
[1,2,3,5,6,7,8,9,12,14,17,19,21,25,26,29,30,35,37,42,43],
[1,2,3,5,6,7,8,9,12,14,17,19,21,25,26,29,31,35,37,40,42],
[1,2,3,5,6,7,8,9,12,14,17,19,21,25,26,29,31,35,37,42,43],
[1,2,3,5,6,7,8,9,12,14,17,19,21,25,26,29,31,35,40,42,43],
[1,2,3,5,6,7,8,9,12,14,17,19,26,29,30,33,35,39,40,42,43],
[1,2,3,5,6,7,8,9,12,14,17,19,29,30,33,35,37,39,40,42,43],
[1,2,3,5,6,7,8,9,12,14,17,21,25,26,29,31,34,35,37,40,42],
[1,2,3,5,6,7,8,9,12,14,17,25,29,31,33,34,35,37,39,40,42],
[1,2,3,5,6,7,8,9,12,14,18,19,20,21,23,24,29,30,35,40,43],
[1,2,3,5,6,7,8,9,12,14,18,19,20,21,25,29,31,33,35,37,43],
[1,2,3,5,6,7,8,9,12,14,18,19,20,25,29,31,33,35,37,42,43],
[1,2,3,5,6,7,8,9,12,14,18,19,21,25,26,29,30,35,37,42,43],
[1,2,3,5,6,7,8,9,12,14,18,20,24,25,29,31,33,35,37,42,43],
[1,2,3,5,6,7,8,9,12,15,16,18,21,23,26,28,31,33,35,36,37],
[1,2,3,5,6,7,8,9,12,15,16,21,23,26,28,31,33,34,35,37,40],
[1,2,3,5,6,7,8,9,12,15,16,21,26,31,33,35,36,37,40,42,43],
[1,2,3,5,6,7,8,9,12,15,18,21,23,24,26,28,29,31,33,34,35],
[1,2,3,5,6,7,8,9,12,15,18,21,23,24,26,28,31,33,34,35,42],
[1,2,3,5,6,7,8,9,12,15,18,21,23,26,28,31,33,34,35,37,42],
[1,2,3,5,6,7,8,9,12,15,18,21,23,26,28,31,33,35,36,37,42],
[1,2,3,5,6,7,8,9,12,15,21,23,24,28,31,33,34,35,37,40,42],
[1,2,3,5,6,7,8,9,12,16,17,26,30,31,33,35,36,37,40,42,43],
[1,2,3,5,6,7,8,9,12,17,18,25,26,29,31,33,34,35,37,39,42],
[1,2,3,5,6,7,8,9,14,15,16,20,21,30,33,34,35,37,40,42,43],
[1,2,3,5,6,7,8,9,14,15,18,20,21,23,24,33,34,35,37,39,42],
[1,2,3,5,6,7,8,9,14,15,20,21,23,24,30,33,34,35,39,40,42],
[1,2,3,5,6,7,9,12,15,18,21,23,26,28,30,35,36,37,40,42,43],
[1,2,3,5,6,7,9,12,15,18,21,23,26,28,33,35,36,37,40,42,43],
[1,2,3,5,6,8,9,10,12,14,15,17,18,25,29,31,33,35,37,42,43],
[1,2,3,5,6,8,9,11,12,14,15,18,21,23,24,30,34,35,37,38,39],
[1,2,3,6,7,8,9,11,12,13,14,15,18,19,21,23,24,29,30,35,43],
[1,2,3,4,5,6,7,8,9,11,12,14,15,18,21,24,25,29,30,34,35,43],
[1,2,3,4,5,6,7,8,9,12,13,14,15,16,17,21,26,29,30,35,40,43],
[1,2,3,4,5,6,7,8,9,12,13,14,15,16,17,21,26,30,34,35,40,42],
[1,2,3,4,5,6,7,8,9,12,13,14,15,16,21,23,24,29,30,34,35,40],
[1,2,3,4,5,6,7,8,9,12,13,14,16,17,21,29,30,31,35,40,42,43],
[1,2,3,4,5,6,7,8,9,12,13,15,16,18,21,23,26,28,29,30,34,35],
[1,2,3,4,5,6,7,8,9,12,13,15,18,21,24,26,29,30,35,40,42,43],
[1,2,3,4,5,6,7,8,9,12,13,15,18,26,29,30,33,35,36,40,42,43],
[1,2,3,4,5,6,7,8,9,12,13,16,17,21,26,29,30,31,35,40,42,43],
[1,2,3,4,5,6,7,8,9,12,14,15,16,17,21,30,34,35,37,40,42,43],
[1,2,3,4,5,6,7,8,9,12,14,15,17,21,30,34,35,37,38,40,42,43],
[1,2,3,4,5,6,7,8,9,12,14,16,17,21,30,31,34,35,37,40,42,43],
[1,2,3,4,5,6,7,8,9,12,15,17,18,19,21,25,26,30,35,39,42,43],
[1,2,3,4,5,6,7,8,9,12,15,17,18,21,25,26,30,34,35,37,39,42],
[1,2,3,4,5,6,7,8,9,12,15,17,18,24,25,26,29,33,35,39,42,43],
[1,2,3,4,5,6,7,8,9,12,15,17,18,26,30,33,35,36,39,40,42,43],
[1,2,3,4,5,6,7,8,9,12,15,17,21,24,31,34,35,37,38,40,42,43],
[1,2,3,4,5,6,7,8,9,12,15,18,19,21,24,26,30,35,39,40,42,43],
[1,2,3,4,5,6,7,8,9,12,15,18,21,24,25,26,31,34,35,37,39,42],
[1,2,3,4,5,6,7,8,9,12,15,18,21,24,26,31,34,35,37,39,40,42],
[1,2,3,4,5,6,7,8,9,12,15,18,23,24,26,28,29,31,33,34,35,40],
[1,2,3,4,5,6,7,8,9,12,15,18,24,26,28,29,33,34,35,39,40,42],
[1,2,3,4,5,6,7,8,9,12,17,18,26,29,30,31,33,35,36,40,42,43],
[1,2,3,4,5,6,7,8,9,12,18,19,21,24,25,26,29,31,35,40,42,43],
[1,2,3,4,5,6,7,8,12,13,16,17,18,26,29,30,31,33,34,35,40,43],
[1,2,3,4,5,6,7,9,12,14,15,17,18,25,29,30,34,35,37,39,42,43],
[1,2,3,4,5,6,7,9,12,14,18,21,24,28,29,31,32,34,35,40,42,43],
[1,2,3,4,5,6,7,9,12,14,18,21,28,29,30,32,34,35,37,40,42,43],
[1,2,3,4,5,6,7,9,12,18,21,26,28,29,30,31,32,35,37,40,42,43],
[1,2,3,4,5,6,7,9,15,17,18,26,27,29,30,34,35,37,39,40,42,43],
[1,2,3,4,5,6,8,9,12,15,17,18,19,21,24,25,30,35,38,39,42,43],
[1,2,3,4,5,6,8,9,12,17,19,21,24,25,26,29,31,35,40,41,42,43],
[1,2,3,4,5,6,8,9,17,19,21,24,25,26,29,30,34,35,39,40,41,42],
[1,2,3,4,5,7,8,9,12,13,14,15,17,21,24,26,30,32,34,35,40,42],
[1,2,3,4,5,7,8,9,12,13,15,16,17,21,23,24,26,30,34,35,36,40],
[1,2,3,4,5,7,8,9,12,13,15,17,21,24,26,31,32,34,35,36,40,42],
[1,2,3,4,5,7,8,9,12,13,18,21,23,24,26,28,29,31,32,34,35,40],
[1,2,3,4,5,7,8,9,12,17,18,21,24,26,31,32,34,35,36,37,40,42],
[1,2,3,4,5,7,8,9,12,17,18,21,24,30,31,35,36,37,38,40,42,43],
[1,2,3,4,5,7,8,9,17,18,19,21,24,26,29,30,32,34,35,39,40,42],
[1,2,3,5,6,7,8,9,12,14,15,16,21,23,26,30,33,35,36,37,40,42],
[1,2,3,5,6,7,8,9,12,14,15,17,19,21,26,30,33,35,37,40,42,43],
[1,2,3,5,6,7,8,9,12,14,15,17,19,21,30,35,37,38,39,40,42,43],
[1,2,3,5,6,7,8,9,12,14,15,18,19,21,23,24,25,26,29,33,35,39],
[1,2,3,5,6,7,8,9,12,14,15,18,23,24,25,26,28,29,33,34,35,39],
[1,2,3,5,6,7,8,9,12,14,15,19,21,23,26,30,33,35,37,39,40,42],
[1,2,3,5,6,7,8,9,12,14,18,19,20,29,30,33,35,37,39,40,42,43],
[1,2,3,5,6,7,9,12,14,15,17,19,21,25,26,30,35,37,39,40,42,43],
[1,2,3,4,5,6,7,8,9,11,12,14,15,17,18,24,25,29,30,34,35,39,43],
[1,2,3,4,5,6,7,8,9,12,13,14,18,21,24,28,29,31,32,35,40,42,43],
[1,2,3,4,5,6,7,8,9,12,13,15,16,18,21,23,26,29,30,35,36,40,43],
[1,2,3,4,5,6,7,8,9,12,15,16,17,21,26,30,31,35,36,37,40,42,43],
[1,2,3,4,5,6,7,8,9,12,15,17,18,24,25,26,29,31,33,34,35,39,42],
[1,2,3,4,5,6,7,9,12,14,15,17,25,26,29,30,34,35,37,39,40,42,43],
[1,2,3,4,5,6,7,8,9,12,13,14,16,17,21,26,29,30,31,32,34,35,40,42],
[1,2,3,4,5,6,7,8,9,12,13,16,18,21,23,26,28,29,30,31,32,34,35,40],
[1,2,3,4,5,6,7,8,9,12,17,18,19,24,25,26,29,31,33,35,39,40,42,43],
[1,2,3,4,5,6,7,8,9,13,14,15,16,17,21,26,29,30,34,35,40,41,42,43],
[1,2,3,4,5,7,8,9,12,13,16,17,21,23,24,26,29,30,31,32,34,35,36,40],
[1,2,3,5,6,7,8,9,12,14,15,18,21,23,24,25,26,28,33,34,35,37,39,42],
[1,2,3,4,5,6,7,8,9,10,12,13,15,16,17,18,26,29,30,31,33,35,36,42,43],
[1,2,3,4,5,7,8,9,12,13,17,18,19,21,24,26,29,30,31,32,35,36,40,42,43],
[1,2,3,5,6,7,8,9,10,12,14,15,17,18,19,25,26,29,30,33,35,37,39,42,43],
[1,2,3,4,5,6,7,8,9,11,12,14,15,17,18,21,24,25,30,34,35,37,38,39,42,43],
[1,2,3,4,5,6,7,8,9,12,13,15,16,18,21,23,24,26,28,29,31,33,35,36,40,43],
[1,2,3,4,5,6,7,8,9,12,13,14,15,18,21,23,24,26,28,29,30,32,34,35,39,40,42],
[1,2,3,4,5,6,7,8,9,12,13,15,16,18,21,23,26,28,30,31,32,34,35,36,37,40,42],
[1,2,3,4,5,6,7,9,12,15,17,18,24,25,26,27,28,29,31,33,34,35,37,39,40,42,43],
[1,2,3,4,5,6,7,8,9,11,12,13,14,16,18,20,21,23,24,28,29,30,31,32,34,35,40,43],
[1,2,3,4,5,6,7,8,9,12,13,14,15,16,17,21,24,25,26,28,29,31,33,34,35,40,41,42,43],
[1,2,3,5,6,7,8,9,12,14,18,19,20,21,23,24,25,26,28,29,31,32,33,34,35,37,39,40,42],
[1,2,3,4,5,6,7,8,9,10,11,12,13,14,15,16,17,18,21,25,26,28,29,30,31,32,34,35,37,42,43],
[1,2,3,4,5,6,7,8,9,11,12,14,17,18,19,20,21,24,25,29,30,31,32,34,35,37,38,39,40,42,43],
[1,2,3,4,5,6,7,8,9,10,12,13,15,16,17,18,23,26,27,28,29,30,31,32,33,34,35,36,37,39,40,42],
[1,2,3,4,5,6,7,8,9,10,11,12,13,14,15,16,17,18,20,23,24,27,28,29,30,31,32,33,34,35,36,37,38,39,40,42,43],
[1,2,3,4,5,6,7,8,9,10,11,12,13,14,15,16,17,18,19,20,21,22,23,24,25,26,27,28,29,30,31,32,33,34,36,37,38,39,40,41,42,43]];
