return [[3,5,6,7,8,9,10,13,14,16,33,35,36,37,40,41,45,46,47,48,50],
[3,5,6,7,8,10,13,14,16,31,33,34,35,36,37,40,41,45,46,47,50],
[3,5,6,7,8,9,10,13,14,16,31,33,34,36,37,40,41,45,46,47,50],
[3,5,6,7,8,9,10,12,14,16,31,33,34,36,37,40,41,45,46,47,50],
[3,5,6,7,8,9,10,12,13,14,33,35,36,37,40,41,45,46,47,48,50],
[3,5,6,7,8,10,12,13,14,31,33,34,35,36,37,40,41,45,46,47,50],
[3,5,6,7,8,9,10,12,13,14,31,33,34,36,37,40,41,45,46,47,50],
[3,5,6,7,8,9,10,12,13,14,31,33,34,35,36,37,40,45,46,47,48],
[3,5,6,7,8,9,10,12,13,14,33,34,35,36,37,40,41,45,46,47,48],
[3,5,6,7,8,9,10,13,14,16,27,33,35,36,37,40,41,45,46,47,48],
[3,5,6,7,8,9,10,12,13,14,16,33,34,35,36,37,40,41,45,46,47,50],
[3,5,6,7,8,9,10,11,12,13,14,16,31,33,34,35,36,37,40,41,45,46,48,50],
[3,5,6,7,8,9,10,13,14,16,19,27,31,33,35,36,37,38,40,41,43,45,47,48,50],
[3,5,6,7,8,9,10,12,13,14,16,19,24,27,30,31,32,33,35,36,37,38,40,41,43,44,46,47,48,50],
[3,5,6,7,8,9,10,11,13,14,16,31,33,35,36,37,40,45,46,47,48,50],
[3,5,6,7,8,9,10,12,13,14,16,33,35,36,37,38,41,42,45,46,47,48,50],
[3,5,6,7,8,9,10,11,13,14,16,33,35,36,40,41,43,45,46,47,48,50],
[2,3,5,6,7,8,9,10,11,12,13,14,15,16,17,18,21,25,27,31,32,33,34,35,37,40,41,42,43,45,46,47,48,49,50],
[3,5,6,7,8,9,10,13,14,16,19,27,33,36,37,38,40,41,45,46,47,48,50],
[3,4,5,6,7,8,9,10,11,12,13,14,15,16,18,19,26,32,34,35,36,37,38,39,40,41,42,43,44,45,46,47,48,49,50],
[3,5,6,7,8,9,10,13,16,33,35,36,37,38,40,41,45,46,47,48,50],
[3,5,6,7,8,9,10,12,14,16,33,35,36,37,38,40,41,45,46,47,48,50],
[3,5,6,7,8,9,11,12,13,14,16,17,25,31,32,33,34,35,36,37,40,41,42,45,46,47,48,49,50],
[3,5,6,7,8,10,13,14,16,27,33,35,36,37,38,40,41,45,46,47,48,50],
[3,5,6,7,9,10,11,12,13,14,16,25,31,33,34,35,36,37,40,41,45,46,47,48,49,50],
[3,5,6,8,9,10,13,14,16,27,33,35,36,37,38,40,41,45,46,47,48,50],
[3,5,7,8,9,10,13,14,16,33,35,36,37,38,40,41,45,46,47,48,50],
[3,6,7,8,9,10,11,12,13,14,16,33,35,36,37,38,39,40,41,42,43,45,46,47,48,50],
[5,6,7,8,9,10,11,12,13,14,15,16,33,35,36,37,38,39,40,41,42,43,44,45,46,47,48,49,50],
[3,5,6,7,8,10,13,14,16,27,31,33,34,35,36,37,40,41,45,46,47],
[3,5,6,7,8,10,12,13,14,16,31,33,34,35,36,37,40,41,46,47,50],
[3,5,6,7,8,9,10,11,12,13,14,16,31,33,34,35,36,37,40,45,46,47,50],
[3,5,6,7,8,10,13,14,16,27,31,33,35,36,37,40,41,45,46,47,50],
[3,5,6,7,8,10,13,14,16,19,27,31,34,35,36,37,40,41,45,46,47,50],
[3,5,6,7,8,9,10,13,16,25,27,30,31,33,34,35,36,37,40,41,45,46,47,50],
[3,5,6,8,9,10,13,14,16,27,31,33,34,35,36,37,40,41,45,46,47,50],
[3,5,6,7,8,9,10,13,14,16,27,31,33,34,36,37,40,41,45,46,47],
[3,5,6,7,8,9,10,12,13,14,16,31,33,34,36,37,40,41,46,47,50],
[3,5,6,7,8,9,10,12,13,14,16,31,33,34,36,37,41,45,46,47,50],
[3,5,6,7,8,9,10,11,12,13,14,16,17,19,21,29,30,31,33,34,36,39,40,41,43,45,46,47,49,50],
[3,5,6,7,8,9,10,13,14,16,19,31,33,36,37,40,41,45,46,47,50],
[3,5,6,7,8,9,10,13,14,16,19,31,34,36,37,40,41,45,46,47,50],
[3,6,7,8,9,10,12,13,14,16,19,21,31,33,34,36,37,39,40,41,45,46,47,49,50],
[5,6,7,8,9,10,13,14,16,19,31,33,34,36,37,40,41,45,46,47,49,50],
[3,5,6,7,8,9,10,12,14,16,19,31,33,36,37,40,41,45,46,47,50],
[3,5,6,7,8,9,10,12,14,16,19,31,34,36,37,40,41,45,46,47,50],
[3,5,7,8,9,10,12,14,16,21,31,33,34,36,37,40,41,45,46,47,50],
[5,6,7,8,9,10,12,14,16,19,31,33,34,36,37,40,41,45,46,47,49,50],
[3,5,6,7,8,10,12,13,14,17,19,27,31,33,34,35,36,37,40,41,45,46,47,48],
[3,6,7,8,10,12,13,14,17,31,33,34,35,36,37,40,41,45,46,47,50],
[5,6,7,8,10,12,13,14,17,31,33,34,35,36,37,40,41,45,46,47,50],
[3,5,6,7,8,9,10,12,13,14,19,31,34,36,37,40,41,45,46,47,50],
[5,6,7,8,9,10,12,13,14,19,31,33,34,36,37,40,41,45,46,47,50],
[3,5,6,7,8,9,10,12,13,14,27,31,33,34,35,36,37,40,46,47,48],
[3,5,6,7,8,9,10,11,12,13,14,31,33,34,35,36,37,45,46,47,48],
[3,5,6,7,8,9,10,11,12,13,14,31,33,34,35,36,40,45,46,47,48],
[3,5,6,7,8,9,10,11,12,13,14,31,34,35,36,37,40,45,46,47,48],
[3,5,6,7,8,9,10,13,14,27,31,33,34,35,36,37,40,45,46,47,48],
[3,6,7,8,9,10,11,12,13,14,31,33,34,35,36,37,40,45,46,47,48],
[5,6,7,8,9,10,11,12,13,14,31,33,34,35,36,37,40,45,46,47,48],
[5,6,7,8,9,10,12,13,14,15,33,34,35,36,37,40,41,45,46,47,48],
[3,5,6,7,8,9,10,13,14,16,27,33,34,35,36,37,40,41,45,46,47],
[3,5,6,7,8,9,10,13,14,16,27,31,33,34,35,36,37,40,41,45,46,48],
[3,5,6,7,8,9,10,13,14,16,27,31,33,35,36,37,40,45,46,47,48],
[3,5,6,7,8,9,10,13,14,16,27,33,35,36,37,38,41,45,46,47,48],
[3,5,6,7,8,9,10,13,14,16,27,33,35,36,38,40,41,45,46,47,48],
[3,5,6,7,8,9,10,13,14,16,27,35,36,37,38,40,41,45,46,47,48],
[3,5,6,7,8,9,10,13,16,27,33,35,36,37,38,40,41,45,46,47,48],
[3,5,6,7,9,10,13,14,16,25,27,31,33,34,35,36,37,40,41,45,46,47,48],
[3,6,7,8,9,10,13,14,16,27,33,35,36,37,38,40,41,45,46,47,48],
[5,6,7,8,9,10,13,14,16,27,33,35,36,37,38,40,41,45,46,47,48],
[3,5,6,7,8,9,10,13,16,33,35,36,38,40,41,43,45,46,47,48,50],
[3,5,7,8,9,10,11,13,14,16,31,33,35,36,37,38,40,45,46,47,48,50],
[3,5,6,7,8,9,10,13,14,16,27,31,33,34,35,36,37,40,41,45,47],
[3,5,6,7,8,9,10,13,14,16,27,31,33,34,35,36,37,40,41,46,47],
[3,5,6,7,8,9,10,13,14,16,27,31,33,34,35,36,37,40,45,46,47],
[3,5,6,7,8,9,10,12,13,14,16,31,33,34,35,36,37,40,41,46,47],
[3,5,6,7,8,10,12,13,14,16,30,31,33,34,35,36,40,41,46,47,50],
[3,5,6,7,8,10,12,13,14,16,19,31,34,35,36,37,40,41,46,47,50],
[3,5,6,7,8,9,10,12,13,16,31,33,34,35,36,37,40,41,46,47,50],
[3,5,6,8,9,10,12,13,14,16,31,33,34,35,36,37,40,41,46,47,50],
[3,5,7,8,9,10,12,13,14,16,31,33,34,35,36,37,40,41,46,47,50],
[5,6,7,8,10,12,13,14,16,30,31,33,34,35,36,37,40,41,46,47,50],
[3,5,6,7,8,10,13,14,16,27,31,33,35,36,37,40,41,45,46,48,50],
[3,5,6,7,8,10,13,14,16,27,31,33,35,36,37,40,45,46,47,48,50],
[3,5,6,7,8,10,13,14,19,27,31,33,35,36,37,40,41,45,46,47,50],
[3,5,6,7,8,9,10,13,14,16,19,27,31,33,34,36,37,41,45,46,47],
[3,5,6,7,8,9,10,13,14,16,19,27,31,33,34,36,40,41,45,46,47],
[3,5,6,7,8,9,10,13,14,16,19,27,31,34,36,37,40,41,45,46,47],
[3,6,7,8,9,10,13,14,16,19,27,31,33,34,36,37,40,41,45,46,47],
[5,6,7,8,9,10,13,14,16,19,27,31,33,34,36,37,40,41,45,46,47],
[3,5,6,7,8,9,10,12,13,14,16,19,31,34,36,37,40,41,46,47,50],
[5,6,7,8,9,10,12,13,14,16,31,33,34,36,37,40,41,46,47,49,50],
[3,5,6,7,8,9,10,12,13,14,16,21,31,33,34,36,37,41,45,46,47],
[3,5,6,7,8,9,10,12,13,14,16,21,31,33,36,37,41,45,46,47,50],
[3,5,6,7,8,10,12,13,14,16,21,31,33,34,36,37,41,45,46,47,50],
[3,5,6,8,9,10,12,13,14,16,21,31,33,34,36,37,41,45,46,47,50],
[3,5,7,8,9,10,12,13,14,16,21,31,33,34,36,37,41,45,46,47,50],
[5,6,7,8,9,10,12,13,14,16,19,21,31,33,34,36,37,41,45,46,47,49,50],
[3,5,6,7,8,9,10,13,14,16,19,31,34,36,37,40,41,45,46,48,49,50],
[3,5,6,7,8,9,13,14,16,19,31,32,34,36,37,40,41,45,46,47,49,50],
[3,5,6,7,9,10,13,14,16,19,31,34,36,37,40,41,45,46,47,49,50],
[3,5,6,8,9,10,13,14,16,19,27,31,34,36,37,40,41,45,46,47,50],
[3,5,6,7,8,9,10,12,14,16,19,29,31,33,36,37,38,40,41,45,46,48,50],
[3,5,6,7,8,9,10,12,14,16,19,31,33,36,37,38,40,41,45,47,50],
[3,5,6,7,8,9,10,12,14,16,19,31,33,36,37,38,40,45,46,47,50],
[3,5,6,7,8,9,10,12,14,16,19,33,36,37,38,40,41,45,46,47,50],
[3,5,7,8,9,10,12,14,16,19,21,31,33,36,37,38,40,41,45,46,47,50],
[3,6,7,8,10,12,13,14,17,31,33,34,35,36,37,40,41,45,46,48,50],
[5,6,7,8,10,12,13,14,17,31,33,34,35,36,37,40,41,45,46,48,50],
[5,6,7,8,10,12,13,14,17,19,31,33,34,35,36,37,40,41,46,47,50],
[5,6,7,8,10,12,13,14,17,19,33,34,35,36,37,40,41,45,46,47,50],
[5,6,7,8,10,13,14,17,19,31,33,34,35,36,37,40,41,45,46,47,50],
[3,5,6,7,8,9,10,12,13,14,19,31,34,36,37,40,41,45,46,48,50],
[3,5,6,7,8,9,10,12,13,14,19,31,34,36,37,40,45,46,47,48,50],
[3,5,6,7,8,9,12,13,14,17,19,31,32,34,36,37,40,41,45,46,47,48,49,50],
[5,6,7,8,9,10,12,13,14,19,31,33,34,36,37,40,41,46,47,49,50],
[5,6,7,8,9,10,12,13,14,19,31,33,34,36,37,40,45,46,47,49,50],
[5,6,7,8,9,10,12,13,14,19,31,33,34,37,40,41,45,46,47,49,50],
[5,6,7,8,9,10,12,13,14,19,33,34,36,37,40,41,45,46,47,49,50],
[5,6,7,8,9,12,13,14,19,31,33,34,36,37,40,41,45,46,47,49,50],
[5,6,7,9,10,12,13,14,19,31,33,34,36,37,40,41,45,46,47,49,50],
[3,6,7,8,9,10,12,13,14,27,31,33,34,35,36,37,40,44,46,47,48],
[5,6,7,8,9,10,12,13,14,27,31,33,34,35,36,37,40,44,46,47,48],
[3,5,6,7,8,9,10,11,12,13,22,31,33,34,35,36,37,45,46,47,48],
[3,5,6,7,8,10,11,12,13,14,22,31,33,34,35,36,37,45,46,47,48],
[3,5,6,8,9,10,11,12,13,14,22,31,33,34,35,36,37,45,46,47,48],
[3,5,6,7,8,9,10,11,12,13,14,16,31,34,35,36,37,40,46,47,48],
[3,5,6,7,8,9,10,11,12,13,14,31,34,36,37,40,45,46,47,48,50],
[3,5,6,7,8,9,10,11,13,14,16,31,34,35,36,37,40,45,46,47,48],
[3,5,6,7,8,10,11,12,13,14,31,34,35,36,37,40,45,46,47,48,50],
[3,5,6,8,9,10,11,12,13,14,31,34,35,36,37,40,45,46,47,48,50],
[3,5,6,7,8,9,10,13,14,16,27,31,34,35,36,37,40,45,46,47,48],
[3,6,7,8,9,10,11,12,13,14,31,33,34,35,36,37,40,44,46,47,48],
[3,6,7,8,9,10,11,12,13,14,22,31,33,34,36,37,40,45,46,47,48],
[3,6,7,8,10,11,12,13,14,22,31,33,34,35,36,37,40,45,46,47,48],
[5,6,8,9,10,11,12,13,14,31,33,34,35,36,37,40,45,46,47,48,50],
[5,6,7,8,9,12,13,14,15,33,34,35,36,37,40,41,42,45,46,47,48],
[3,5,6,7,8,9,10,13,14,16,27,33,34,35,36,37,41,42,45,46,47],
[5,6,7,8,9,10,13,14,16,27,33,34,35,36,37,40,41,44,45,46,47],
[5,6,7,8,9,10,13,14,16,27,33,35,36,37,38,40,41,44,45,46,47],
[5,6,7,8,9,10,13,14,16,27,33,35,36,37,38,40,41,44,45,46,48],
[5,6,7,9,10,13,14,16,27,33,35,36,37,38,40,41,44,45,46,47,48],
[3,5,6,7,8,9,10,11,13,16,33,35,36,38,40,41,43,45,46,47,50],
[3,5,6,7,8,9,10,11,13,16,33,35,36,38,40,41,43,45,46,48,50],
[3,5,6,7,8,9,10,13,14,16,33,36,38,40,41,43,45,46,47,48,50],
[3,5,6,7,8,10,13,14,16,33,35,36,38,40,41,43,45,46,47,48,50],
[3,5,6,8,9,10,13,14,16,33,35,36,38,40,41,43,45,46,47,48,50],
[3,5,6,7,8,9,10,13,14,16,27,30,31,33,34,35,36,40,41,45,47],
[3,5,6,7,8,9,10,13,14,16,19,27,31,34,35,36,37,40,41,45,47],
[3,5,6,7,8,9,10,12,14,16,27,31,33,34,35,36,37,40,41,45,47],
[3,5,6,7,8,9,10,13,14,16,27,30,31,33,34,35,36,40,41,46,47],
[3,5,6,7,8,9,10,12,14,16,27,31,33,34,35,36,37,40,41,46,47],
[3,5,6,8,9,10,12,13,14,16,30,31,33,34,35,36,40,41,46,47,50],
[3,5,6,7,8,10,12,13,14,16,19,31,32,34,35,37,40,41,46,47,50],
[3,5,7,8,10,12,13,14,16,19,31,32,34,35,36,37,40,41,46,47,50],
[3,6,8,9,10,12,13,14,16,30,31,33,34,35,36,37,40,41,46,47,50],
[5,6,8,9,10,12,13,14,16,30,31,33,34,35,36,37,40,41,46,47,50],
[3,5,6,8,9,10,13,14,16,27,31,33,35,36,37,40,41,45,46,48,50],
[3,6,7,8,10,13,14,16,27,28,31,33,35,36,37,40,41,45,46,48,50],
[3,5,6,7,8,10,13,14,16,19,27,31,35,36,37,40,45,46,47,48,50],
[3,5,6,7,9,10,13,14,16,19,21,27,31,33,34,36,37,41,45,46,47],
[3,5,6,7,8,9,10,13,14,16,19,27,31,34,36,37,40,41,45,46,48],
[3,6,7,8,9,10,13,14,16,19,21,27,31,33,34,37,40,41,45,46,47],
[5,6,7,8,9,10,13,14,16,19,27,28,29,31,33,34,36,37,40,41,44,45,46,48,49],
[5,6,7,8,9,10,13,14,16,19,27,31,33,34,36,37,40,44,45,46,47],
[5,6,7,8,9,10,13,14,16,19,27,33,34,36,37,40,41,44,45,46,47],
[3,5,7,8,9,10,12,13,14,16,19,31,32,34,36,37,40,41,46,47,50],
[5,6,7,8,9,10,12,13,14,16,31,33,34,36,37,40,41,45,47,49,50],
[5,6,7,8,9,10,12,13,14,16,33,34,36,37,40,41,45,46,47,49,50],
[3,5,6,8,9,10,12,13,14,16,21,30,31,33,34,36,37,41,46,47,50],
[3,5,7,8,9,10,11,12,13,14,16,21,31,33,34,36,37,41,45,46,50],
[3,5,7,8,9,10,11,12,13,14,16,21,31,33,34,35,36,37,41,45,47,50],
[3,5,6,7,8,9,10,12,14,19,33,36,37,38,40,41,45,46,47,48,50],
[3,5,6,8,9,10,11,13,14,16,31,34,35,36,37,40,45,46,47,48,50],
[3,5,6,7,9,10,12,14,16,25,27,31,33,34,35,36,37,40,41,45,47],
[3,6,7,8,9,10,13,14,16,19,27,29,31,34,36,37,40,41,45,46,48],
[1,3,6,7,9,10,13,16,25,27,30,31,33,34,35,36,37,40,41,45,47],
[2,3,6,8,9,12,13,14,17,19,31,32,34,36,37,40,41,46,48,49,50]];
