return [[1,2,3,4,5,6,7,8,9,10,11,12,13,14,15,16,17,23,25,29,32],
[1,2,3,4,5,6,7,8,9,10,11,12,13,14,15,16,17,23,25,29,36],
[1,2,3,4,5,6,7,8,9,10,11,12,13,14,15,16,17,23,27,29,32],
[1,2,3,4,5,6,7,8,9,10,11,12,13,14,15,16,18,21,23,29,32],
[1,2,3,4,5,6,7,8,9,10,11,12,13,14,15,16,18,21,23,32,36],
[1,2,3,4,5,6,7,8,9,10,11,12,13,14,15,16,18,21,25,35,36],
[1,2,3,4,5,6,7,8,9,10,11,12,13,14,15,16,18,23,27,29,32],
[1,2,3,4,5,6,7,8,9,10,11,12,13,14,15,16,21,23,25,29,32],
[1,2,3,4,5,6,7,8,9,10,11,12,13,14,15,16,21,23,25,29,36],
[1,2,3,4,5,6,7,8,9,10,11,12,13,14,15,16,21,23,25,32,36],
[1,2,3,4,5,6,7,8,9,10,11,12,13,14,15,17,18,25,26,29,35],
[1,2,3,4,5,6,7,8,9,10,11,12,13,14,15,18,21,23,25,29,32],
[1,2,3,4,5,6,7,8,9,10,11,12,13,14,15,18,21,23,25,29,36],
[1,2,3,4,5,6,7,8,9,10,11,12,13,14,15,18,21,23,25,32,36],
[1,2,3,4,5,6,7,8,9,10,11,12,13,14,15,18,21,25,26,29,35],
[1,2,3,4,5,6,7,8,9,10,11,12,13,14,15,18,21,25,26,29,36],
[1,2,3,4,5,6,7,8,9,10,11,12,13,14,15,18,23,25,29,34,36],
[1,2,3,4,5,6,7,8,9,10,11,12,13,14,16,17,23,25,27,29,32],
[1,2,3,4,5,6,7,8,9,10,11,12,13,14,16,18,19,21,23,27,32],
[1,2,3,4,5,6,7,8,9,10,11,12,13,14,16,18,19,21,23,27,36],
[1,2,3,4,5,6,7,8,9,10,11,12,13,14,16,18,19,21,23,32,36],
[1,2,3,4,5,6,7,8,9,10,11,12,13,14,16,18,19,21,25,32,35],
[1,2,3,4,5,6,7,8,9,10,11,12,13,14,16,18,19,21,25,35,36],
[1,2,3,4,5,6,7,8,9,10,11,12,13,14,16,18,19,21,27,32,35],
[1,2,3,4,5,6,7,8,9,10,11,12,13,14,16,18,21,23,27,29,32],
[1,2,3,4,5,6,7,8,9,10,11,12,13,14,16,21,25,27,30,33,35],
[1,2,3,4,5,6,7,8,9,10,11,12,13,14,17,18,25,26,27,29,35],
[1,2,3,4,5,6,7,8,9,10,11,12,13,14,18,19,21,23,29,32,34],
[1,2,3,4,5,6,7,8,9,10,11,12,13,14,18,19,21,25,29,32,34],
[1,2,3,4,5,6,7,8,9,10,11,12,13,15,16,18,21,23,27,32,35],
[1,2,3,4,5,6,7,8,9,10,11,12,13,15,16,18,21,23,32,35,36],
[1,2,3,4,5,6,7,8,9,10,11,12,13,15,16,21,22,23,32,35,36],
[1,2,3,4,5,6,7,8,9,10,11,12,13,15,18,21,22,23,29,32,36],
[1,2,3,4,5,6,7,8,9,10,11,12,13,15,18,21,22,23,32,35,36],
[1,2,3,4,5,6,7,8,9,10,11,12,13,15,18,21,23,25,29,32,36],
[1,2,3,4,5,6,7,8,9,10,11,12,13,15,18,21,25,26,29,35,36],
[1,2,3,4,5,6,7,8,9,10,11,12,13,15,18,22,23,29,32,34,36],
[1,2,3,4,5,6,7,8,9,10,11,12,13,15,18,22,23,32,34,35,36],
[1,2,3,4,5,6,7,8,9,10,11,12,13,15,18,22,26,29,34,35,36],
[1,2,3,4,5,6,7,8,9,10,11,12,13,15,18,23,25,29,32,34,36],
[1,2,3,4,5,6,7,8,9,10,11,12,13,15,18,25,26,29,34,35,36],
[1,2,3,4,5,6,7,8,9,10,11,12,13,16,19,21,22,27,32,33,35],
[1,2,3,4,5,6,7,8,9,10,11,12,13,18,19,21,22,23,32,34,36],
[1,2,3,4,5,6,7,8,9,10,11,12,13,18,19,21,22,32,34,35,36],
[1,2,3,4,5,6,7,8,9,10,11,12,13,18,19,22,27,32,34,35,36],
[1,2,3,4,5,6,7,8,9,10,11,12,13,18,21,22,23,29,32,34,36],
[1,2,3,4,5,6,7,8,9,10,11,12,15,18,22,25,26,29,34,35,36],
[1,2,3,4,5,6,7,8,9,11,12,13,14,15,16,17,18,21,25,32,36],
[1,2,3,4,5,6,7,8,9,11,12,13,14,15,16,17,18,21,25,35,36],
[1,2,3,4,5,6,7,8,9,11,12,13,14,15,17,18,21,23,29,32,36],
[1,2,3,4,5,6,7,8,9,11,12,13,14,15,17,18,21,25,29,32,36],
[1,2,3,4,5,6,7,8,9,11,12,13,14,15,17,18,23,25,29,32,36],
[1,2,3,4,5,6,7,8,9,11,12,13,14,15,18,21,23,25,29,32,36],
[1,2,3,4,5,6,7,8,9,11,12,13,14,16,17,18,21,23,27,29,32],
[1,2,3,4,5,6,7,8,9,11,12,13,14,16,17,20,25,27,29,33,36],
[1,2,3,4,5,6,7,8,9,11,12,13,14,16,17,23,24,25,27,29,32],
[1,2,3,4,5,6,7,8,9,11,12,13,14,17,18,21,25,29,31,32,36],
[1,2,3,4,5,6,7,8,9,11,12,13,14,17,18,21,25,29,31,33,36],
[1,2,3,4,5,6,7,8,9,11,12,13,14,17,18,21,29,31,32,33,36],
[1,2,3,4,5,6,7,8,9,11,12,13,14,17,18,25,27,29,31,33,36],
[1,2,3,4,5,6,7,8,9,11,12,13,14,17,20,25,26,27,29,33,36],
[1,2,3,4,5,6,7,8,9,11,12,13,14,17,21,25,29,31,32,33,36],
[1,2,3,4,5,6,7,8,9,11,12,13,14,17,25,27,29,31,32,33,36],
[1,2,3,4,5,6,7,8,9,11,12,13,14,18,19,21,25,27,29,31,32],
[1,2,3,4,5,6,7,8,9,11,12,13,14,18,19,25,27,29,31,32,34],
[1,2,3,4,5,6,7,8,9,11,12,13,15,16,17,18,21,25,32,35,36],
[1,2,3,4,5,6,7,8,9,11,12,13,15,16,17,21,25,29,32,33,35],
[1,2,3,4,5,6,7,8,9,11,12,13,15,16,17,21,25,29,32,33,36],
[1,2,3,4,5,6,7,8,9,11,12,13,15,16,17,21,25,32,33,35,36],
[1,2,3,4,5,6,7,8,9,11,12,13,15,17,18,21,25,29,32,35,36],
[1,2,3,4,5,6,7,8,9,11,12,13,15,17,18,21,29,32,33,35,36],
[1,2,3,4,5,6,7,8,9,11,12,13,15,17,21,25,29,32,33,35,36],
[1,2,3,4,5,6,7,8,9,11,12,13,17,18,21,25,29,31,32,33,36],
[1,2,3,4,5,6,7,8,9,11,12,13,17,18,21,25,29,32,33,35,36],
[1,2,3,4,5,6,7,8,9,11,12,14,16,17,18,21,25,29,30,31,32],
[1,2,3,4,5,6,7,8,9,11,12,14,16,17,18,21,27,29,30,31,32],
[1,2,3,4,5,6,7,8,9,11,12,14,16,17,18,23,24,26,27,29,32],
[1,2,3,4,5,6,7,8,9,11,12,14,16,17,18,24,26,27,29,31,32],
[1,2,3,4,5,6,7,8,9,11,12,14,16,17,18,25,26,27,28,29,32],
[1,2,3,4,5,6,7,8,9,11,12,14,16,17,18,25,26,27,29,30,31],
[1,2,3,4,5,6,7,8,9,11,12,14,16,17,18,25,26,27,29,31,32],
[1,2,3,4,5,6,7,8,9,11,12,14,16,17,21,25,29,30,31,33,36],
[1,2,3,4,5,6,7,8,9,11,12,14,16,17,25,26,29,30,31,33,36],
[1,2,3,4,5,6,7,8,9,11,12,14,16,21,25,26,29,30,31,33,36],
[1,2,3,4,5,6,7,8,9,11,12,16,17,18,22,26,27,31,33,35,36],
[1,2,3,4,5,6,7,8,9,11,12,17,18,24,25,26,27,29,31,32,34],
[1,2,3,4,5,6,7,8,9,11,13,14,15,16,17,18,21,32,33,35,36],
[1,2,3,4,5,6,7,8,9,11,13,14,15,16,17,21,23,29,32,33,36],
[1,2,3,4,5,6,7,8,9,11,13,14,15,17,18,21,23,29,32,33,36],
[1,2,3,4,5,6,7,8,9,11,13,14,15,17,18,21,25,29,32,33,36],
[1,2,3,4,5,6,7,8,9,11,13,14,15,17,18,21,25,32,33,35,36],
[1,2,3,4,5,6,7,8,9,11,13,14,15,18,21,23,29,32,33,34,36],
[1,2,3,4,5,6,7,8,9,11,13,14,17,18,25,27,31,32,33,34,36],
[1,2,3,4,5,6,7,8,10,11,12,13,14,15,17,18,24,25,26,29,36],
[1,2,3,4,5,6,7,8,10,11,12,13,14,16,18,19,21,25,33,35,36],
[1,2,3,4,5,6,7,8,10,11,12,13,14,17,18,24,25,26,29,33,36],
[1,2,3,4,5,6,7,8,10,11,12,13,15,16,18,21,25,32,33,35,36],
[1,2,3,4,5,6,7,8,10,11,12,13,15,17,18,21,25,29,32,33,35],
[1,2,3,4,5,6,7,8,10,11,12,13,16,18,19,21,25,32,33,35,36],
[1,2,3,4,5,6,7,8,10,11,12,14,16,17,18,24,25,26,27,29,33],
[1,2,3,4,5,6,7,8,10,11,12,14,16,17,18,24,25,26,27,33,36],
[1,2,3,4,5,6,7,8,10,11,12,14,16,17,18,25,26,27,33,35,36],
[1,2,3,4,5,6,7,8,10,11,12,14,16,18,22,24,26,27,31,33,36],
[1,2,3,4,5,6,7,8,10,11,13,14,15,17,18,23,24,27,29,32,33],
[1,2,3,4,5,6,7,8,10,11,13,14,15,18,22,23,27,29,33,34,36],
[1,2,3,4,5,6,7,8,10,11,13,14,15,18,23,24,27,29,32,33,34],
[1,2,3,4,5,6,7,8,10,11,13,14,15,18,23,24,29,32,33,34,36],
[1,2,3,4,5,6,7,8,10,11,13,14,15,18,24,25,29,32,33,34,36],
[1,2,3,4,5,6,7,8,10,11,13,14,17,18,24,25,26,27,29,33,34],
[1,2,3,4,5,6,7,8,10,11,14,15,16,17,18,23,24,27,29,32,33],
[1,2,3,4,5,6,7,8,10,11,14,15,17,18,24,25,26,27,29,33,34],
[1,2,3,4,5,6,7,8,10,11,14,15,18,22,23,24,29,32,33,34,36],
[1,2,3,4,5,6,7,8,10,12,18,19,22,23,24,26,27,29,32,33,34],
[1,2,3,4,5,6,7,8,11,12,14,16,17,18,24,25,26,27,29,31,32],
[1,2,3,4,5,6,7,8,11,12,14,16,17,18,24,25,26,27,29,31,33],
[1,2,3,4,5,6,7,8,11,12,14,16,17,18,24,26,27,29,31,33,36],
[1,2,3,4,5,6,7,8,11,14,17,18,24,25,26,27,29,31,32,33,34],
[1,2,3,4,5,6,7,8,11,14,17,18,24,25,26,27,29,31,33,34,36],
[1,2,3,4,5,6,8,10,11,13,14,15,17,18,21,25,29,30,32,33,36],
[1,2,3,4,5,7,8,9,11,12,13,18,22,23,27,29,31,32,33,35,36],
[1,2,3,4,5,7,8,9,11,12,14,16,17,18,23,26,27,28,29,31,35],
[1,2,3,4,5,7,8,9,11,12,14,16,17,20,23,25,26,27,29,31,35],
[1,2,3,4,5,7,8,9,11,12,16,17,23,25,26,27,28,29,31,32,35],
[1,2,3,4,5,7,8,9,11,12,16,18,22,23,26,27,28,29,31,32,35],
[1,2,3,4,5,7,8,9,12,16,18,19,22,23,26,27,31,32,33,35,36],
[1,2,3,4,5,7,8,10,11,12,16,18,21,22,23,27,29,31,32,33,35],
[1,2,3,4,5,7,8,10,12,14,16,18,19,21,23,25,26,31,33,35,36],
[1,2,3,4,8,10,12,16,18,19,22,23,24,26,27,30,31,32,33,35,36],
[1,2,3,4,5,6,7,8,9,10,11,12,13,14,15,16,18,19,21,25,32,36],
[1,2,3,4,5,6,7,8,9,10,11,12,13,14,18,21,23,25,29,32,34,36],
[1,2,3,4,5,6,7,8,9,10,11,12,13,15,16,18,19,21,25,32,35,36],
[1,2,3,4,5,6,7,8,9,10,11,12,13,15,16,21,22,25,32,33,35,36],
[1,2,3,4,5,6,7,8,9,11,12,13,14,15,16,17,21,23,25,29,32,36],
[1,2,3,4,5,6,7,8,9,11,12,13,14,17,18,23,24,26,27,29,34,36],
[1,2,3,4,5,6,7,8,9,11,12,13,14,18,19,21,25,29,31,32,34,36],
[1,2,3,4,5,6,7,8,9,11,12,13,15,17,18,25,26,29,32,34,35,36],
[1,2,3,4,5,6,7,8,9,11,12,13,16,17,21,25,27,29,30,32,33,35],
[1,2,3,4,5,6,7,8,9,11,12,14,16,17,18,21,25,26,29,30,31,36],
[1,2,3,4,5,6,7,8,9,11,12,14,16,17,18,23,24,26,27,29,31,36],
[1,2,3,4,5,6,7,8,10,11,13,14,15,17,18,24,25,26,29,33,34,36],
[1,2,3,4,5,6,7,8,10,11,13,14,15,17,18,24,25,27,29,32,33,34],
[1,2,3,4,5,6,7,8,9,10,11,12,13,15,18,21,22,25,29,32,34,35,36],
[1,2,3,4,5,6,7,8,9,10,11,12,13,16,18,19,21,22,23,27,32,35,36],
[1,2,3,4,5,6,7,8,9,11,12,13,14,15,17,18,21,25,26,29,30,35,36],
[1,2,3,4,5,6,7,8,9,11,12,13,18,19,21,22,25,31,32,33,34,35,36],
[1,2,3,4,5,6,7,8,10,11,13,14,15,17,18,23,24,26,27,29,33,34,36],
[1,2,3,4,5,6,7,8,10,12,14,18,19,22,23,24,26,27,29,31,33,34,36],
[1,2,3,4,5,7,8,10,12,16,18,19,22,23,24,26,27,31,32,33,34,35,36],
[1,2,3,4,5,6,7,8,9,10,11,12,13,14,16,17,20,23,24,25,26,27,29,36],
[1,2,3,4,5,6,7,8,9,10,11,12,13,14,16,17,20,25,26,27,29,30,33,35],
[1,2,3,4,5,6,8,10,11,12,14,16,17,18,24,25,26,27,29,30,31,32,33,36],
[1,2,3,4,5,6,7,8,10,11,12,13,14,15,16,17,18,21,23,24,25,29,32,33,36],
[1,2,3,4,5,6,7,8,9,10,11,12,13,14,15,16,17,18,21,25,27,28,29,30,32,35],
[1,2,3,4,5,6,7,8,9,10,11,12,13,14,15,16,17,20,21,25,26,29,30,33,35,36],
[1,2,3,4,5,6,7,8,9,10,11,13,14,15,16,18,19,21,22,23,27,32,33,34,35,36],
[1,2,3,4,5,6,7,8,9,10,12,13,15,18,19,21,22,23,25,26,29,32,33,34,35,36],
[1,2,3,4,5,6,7,8,9,10,11,12,13,14,15,16,17,18,19,23,24,25,26,27,28,32,34,35,36],
[1,2,3,4,5,6,7,8,9,10,11,12,13,14,18,19,20,21,22,25,26,27,29,30,31,33,34,35,36],
[1,2,3,4,5,6,7,9,10,11,12,13,14,15,16,17,18,19,20,21,22,23,24,25,26,27,28,29,30,31,32,33,34,35,36]];
