return [[1,2,3,4,5,6,7,8,9,10,11,12,15,17,18,19,25,26,27,28],
[1,2,3,4,5,6,7,8,9,10,11,12,15,17,18,19,25,27,28,29],
[1,2,3,4,5,6,7,8,9,10,11,12,15,17,19,20,21,22,24,29],
[1,2,3,4,5,6,7,8,9,10,11,12,15,17,19,21,25,26,27,28],
[1,2,3,4,5,6,7,8,9,10,11,12,15,17,19,22,23,24,27,29],
[1,2,3,4,5,6,7,8,9,10,11,12,15,17,19,22,23,25,27,29],
[1,2,3,4,5,6,7,8,9,10,11,12,15,18,19,21,23,24,25,29],
[1,2,3,4,5,6,7,8,9,10,11,12,15,18,19,21,23,24,27,29],
[1,2,3,4,5,6,7,8,9,10,11,12,15,18,19,21,23,25,27,29],
[1,2,3,4,5,6,7,8,9,10,11,12,15,18,19,21,25,26,27,28],
[1,2,3,4,5,6,7,8,9,10,11,12,15,18,19,21,25,27,28,29],
[1,2,3,4,5,6,7,8,9,10,11,12,15,19,21,22,23,24,27,29],
[1,2,3,4,5,6,7,8,9,10,11,12,15,19,21,22,23,25,27,29],
[1,2,3,4,5,6,7,8,9,10,11,12,17,19,22,23,24,25,27,29],
[1,2,3,4,5,6,7,8,9,10,11,12,19,21,22,23,24,25,27,29],
[1,2,3,4,5,6,7,8,9,10,11,15,17,18,19,21,24,25,26,27],
[1,2,3,4,5,6,7,8,9,10,11,15,17,18,19,21,25,26,27,28],
[1,2,3,4,5,6,7,8,9,10,11,15,17,18,19,21,25,27,28,29],
[1,2,3,4,5,6,7,8,9,10,11,15,17,19,20,21,22,24,25,29],
[1,2,3,4,5,6,7,8,9,10,12,14,15,17,18,19,20,24,26,28],
[1,2,3,4,5,6,7,8,9,10,12,14,15,17,18,19,20,24,28,29],
[1,2,3,4,5,6,7,8,9,10,12,14,15,17,18,19,23,24,26,27],
[1,2,3,4,5,6,7,8,9,10,12,14,15,17,18,19,23,24,27,29],
[1,2,3,4,5,6,7,8,9,10,12,14,15,17,18,19,24,26,27,28],
[1,2,3,4,5,6,7,8,9,10,12,14,15,17,19,20,22,27,28,29],
[1,2,3,4,5,6,7,8,9,10,12,14,15,17,19,20,23,24,26,27],
[1,2,3,4,5,6,7,8,9,10,12,14,15,17,19,20,24,26,27,28],
[1,2,3,4,5,6,7,8,9,10,12,14,15,18,19,20,21,23,24,29],
[1,2,3,4,5,6,7,8,9,10,12,14,15,18,19,20,21,24,28,29],
[1,2,3,4,5,6,7,8,9,10,12,14,15,19,20,21,22,23,24,27],
[1,2,3,4,5,6,7,8,9,10,12,14,15,19,20,21,22,23,24,29],
[1,2,3,4,5,6,7,8,9,10,12,14,15,19,20,21,22,23,27,29],
[1,2,3,4,5,6,7,8,9,10,12,14,15,19,20,21,22,27,28,29],
[1,2,3,4,5,6,7,8,9,10,12,14,17,18,19,20,23,24,25,29],
[1,2,3,4,5,6,7,8,9,10,12,14,17,18,19,23,24,25,27,29],
[1,2,3,4,5,6,7,8,9,10,12,14,17,19,20,23,24,25,27,29],
[1,2,3,4,5,6,7,8,9,10,12,15,17,19,20,21,25,26,27,28],
[1,2,3,4,5,6,7,8,9,10,12,15,18,19,20,21,23,25,26,28],
[1,2,3,4,5,6,7,8,9,10,12,15,18,19,20,21,23,25,28,29],
[1,2,3,4,5,6,7,8,9,10,12,15,18,19,21,23,25,26,27,28],
[1,2,3,4,5,6,7,8,9,10,12,15,18,19,21,23,25,27,28,29],
[1,2,3,4,5,6,7,8,9,10,12,15,19,20,21,22,23,25,27,29],
[1,2,3,4,5,6,7,8,9,10,12,15,19,20,21,23,25,26,27,28],
[1,2,3,4,5,6,7,8,9,10,12,15,19,20,21,23,25,27,28,29],
[1,2,3,4,5,6,7,8,9,10,12,16,17,18,19,20,24,25,26,28],
[1,2,3,4,5,6,7,8,9,10,12,16,17,18,19,20,25,26,27,28],
[1,2,3,4,5,6,7,8,9,10,12,16,17,19,20,21,24,25,26,28],
[1,2,3,4,5,6,7,8,9,10,12,16,17,19,20,21,25,26,27,28],
[1,2,3,4,5,6,7,8,9,10,12,16,18,19,20,21,23,24,25,26],
[1,2,3,4,5,6,7,8,9,10,12,16,18,19,20,21,24,25,26,28],
[1,2,3,4,5,6,7,8,9,10,12,17,19,20,22,23,24,25,27,29],
[1,2,3,4,5,6,7,8,9,10,13,14,15,17,18,19,21,22,24,27],
[1,2,3,4,5,6,7,8,9,10,13,14,15,17,18,19,22,23,24,27],
[1,2,3,4,5,6,7,8,9,10,13,14,15,18,19,21,22,23,24,27],
[1,2,3,4,5,6,7,8,9,10,13,14,17,18,19,20,23,24,25,29],
[1,2,3,4,5,6,7,8,9,10,13,14,17,18,19,22,23,24,27,29],
[1,2,3,4,5,6,7,8,9,10,13,14,17,18,19,23,24,25,27,29],
[1,2,3,4,5,6,7,8,9,10,13,17,18,19,20,21,23,24,25,29],
[1,2,3,4,5,6,7,8,9,10,13,17,19,20,21,22,23,24,25,29],
[1,2,3,4,5,6,7,8,9,10,14,15,17,18,19,20,21,24,28,29],
[1,2,3,4,5,6,7,8,9,10,14,15,17,18,19,22,23,24,27,29],
[1,2,3,4,5,6,7,8,9,10,15,17,18,19,20,21,23,24,25,26],
[1,2,3,4,5,6,7,8,9,10,15,17,18,19,20,21,23,25,26,28],
[1,2,3,4,5,6,7,8,9,10,15,17,18,19,21,23,25,26,27,28],
[1,2,3,4,5,6,7,8,9,10,15,17,19,20,21,22,23,24,25,29],
[1,2,3,4,5,6,7,8,9,10,15,17,19,20,21,23,25,26,27,28],
[1,2,3,4,5,6,7,8,9,10,16,17,18,19,20,21,24,25,26,28],
[1,2,3,4,5,6,7,8,9,11,12,15,17,18,19,21,22,24,25,27],
[1,2,3,4,5,6,7,8,9,11,12,15,17,18,19,21,22,24,25,29],
[1,2,3,4,5,6,7,8,9,11,12,15,17,18,19,21,24,25,26,27],
[1,2,3,4,5,6,7,8,9,11,12,15,17,18,19,21,25,26,27,28],
[1,2,3,4,5,6,7,8,9,11,12,15,17,18,19,22,24,25,27,29],
[1,2,3,4,5,6,7,8,9,11,12,15,17,19,20,21,22,24,25,29],
[1,2,3,4,5,6,7,8,9,11,12,15,17,19,22,23,24,25,27,29],
[1,2,3,4,5,6,7,8,9,12,14,15,17,18,19,22,23,24,27,29],
[1,2,3,4,5,6,7,8,9,12,14,15,17,18,19,22,23,25,27,29],
[1,2,3,4,5,6,7,8,9,12,14,15,17,18,19,22,25,27,28,29],
[1,2,3,4,5,6,7,8,9,12,14,15,17,19,20,22,23,25,27,29],
[1,2,3,4,5,6,7,8,9,12,14,15,17,19,20,22,25,27,28,29],
[1,2,3,4,5,6,7,8,9,12,14,15,18,19,20,21,22,23,24,29],
[1,2,3,4,5,6,7,8,9,12,14,17,18,19,22,23,24,25,27,29],
[1,2,3,4,5,6,7,8,9,12,14,17,19,20,22,23,24,25,27,29],
[1,2,3,4,5,6,7,8,9,12,15,17,18,19,22,23,24,25,27,29],
[1,2,3,4,5,6,7,8,9,13,14,17,18,19,20,22,23,24,25,29],
[1,2,3,4,5,6,7,8,9,13,14,17,18,19,22,23,24,25,27,29],
[1,2,3,4,5,6,7,8,9,13,17,18,19,20,21,22,23,24,25,29],
[1,2,3,4,5,6,7,8,9,15,17,18,19,20,21,22,23,24,25,29],
[1,2,3,4,5,6,7,8,10,11,12,15,17,18,19,21,25,26,27,28],
[1,2,3,4,5,6,7,8,10,12,14,15,17,18,19,20,21,22,24,29],
[1,2,3,4,5,6,7,8,10,12,14,15,17,18,19,20,21,24,28,29],
[1,2,3,4,5,6,7,8,10,12,14,15,17,18,19,20,22,23,24,29],
[1,2,3,4,5,6,7,8,10,12,14,15,17,18,19,20,22,23,27,29],
[1,2,3,4,5,6,7,8,10,12,14,15,17,18,19,22,23,24,27,29],
[1,2,3,4,5,6,7,8,10,12,14,15,18,19,20,21,22,23,24,29],
[1,2,3,4,5,6,7,8,10,12,14,15,18,19,20,21,22,23,27,29],
[1,2,3,4,5,6,7,8,10,12,15,16,17,18,19,20,21,23,24,26],
[1,2,3,4,5,6,7,8,10,12,15,16,17,18,19,20,21,24,26,28],
[1,2,3,4,5,6,7,8,10,12,15,16,17,18,19,21,24,26,27,28],
[1,2,3,4,5,6,7,8,10,12,15,17,18,19,20,21,22,23,24,29],
[1,2,3,4,5,6,7,8,10,12,15,17,18,19,20,21,22,23,27,29],
[1,2,3,4,5,6,7,8,10,12,15,17,19,20,21,22,23,25,27,29],
[1,2,3,4,5,6,7,8,10,12,15,18,19,20,21,23,25,27,28,29],
[1,2,3,4,5,6,7,8,10,12,16,17,18,19,20,21,22,23,24,29],
[1,2,3,4,5,6,7,8,10,12,16,17,18,19,20,21,23,24,25,26],
[1,2,3,4,5,6,7,8,10,12,16,17,18,19,20,21,23,24,25,29],
[1,2,3,4,5,6,7,8,10,12,16,17,18,19,20,21,24,25,26,28],
[1,2,3,4,5,6,7,8,10,12,16,17,19,20,21,22,23,24,25,29],
[1,2,3,4,5,6,7,8,10,12,16,17,19,20,22,23,24,25,27,29],
[1,2,3,4,5,6,7,8,10,13,14,15,17,18,19,21,22,23,24,27],
[1,2,3,4,5,6,7,8,10,13,16,17,18,19,20,21,22,23,24,25],
[1,2,3,4,5,6,7,8,10,13,16,17,18,19,20,21,22,23,25,27],
[1,2,3,4,5,6,7,8,10,13,16,17,18,19,21,22,23,24,25,27],
[1,2,3,4,5,6,7,8,10,13,17,18,19,20,21,22,23,24,25,29],
[1,2,3,4,5,6,7,8,10,16,17,18,19,20,21,22,23,24,25,29],
[1,2,3,4,5,6,7,8,11,12,15,17,18,19,21,22,23,24,25,27],
[1,2,3,4,5,6,7,8,11,12,15,17,18,19,21,22,23,24,25,29],
[1,2,3,4,5,6,7,8,11,12,15,17,18,19,22,23,24,25,27,29],
[1,2,3,4,5,6,7,8,12,14,15,17,18,19,20,22,23,25,27,29],
[1,2,3,4,5,6,7,8,12,14,15,17,18,19,20,22,25,27,28,29],
[1,2,3,4,5,6,7,8,12,15,17,18,19,20,21,22,23,24,25,29],
[1,2,3,4,5,6,7,8,12,15,17,18,19,20,21,22,23,25,27,29],
[1,2,3,4,5,6,7,8,12,15,17,18,19,20,21,22,25,27,28,29],
[1,2,3,4,5,6,7,8,12,16,17,18,19,20,21,22,23,24,25,29],
[1,2,3,4,5,6,8,9,10,11,13,15,17,18,19,21,24,27,28,29],
[1,2,3,4,5,6,8,9,10,12,13,14,18,19,20,21,23,24,28,29],
[1,2,3,4,5,6,8,9,10,12,13,14,18,19,20,21,23,27,28,29],
[1,2,3,4,5,6,8,9,10,12,14,15,17,19,20,23,24,26,27,28],
[1,2,3,4,5,6,8,9,10,12,14,15,18,19,20,21,23,24,28,29],
[1,2,3,4,5,6,8,9,10,13,14,15,17,18,19,20,21,24,28,29],
[1,2,3,4,5,6,8,9,10,13,14,15,17,18,19,20,23,24,28,29],
[1,2,3,4,5,6,8,9,10,13,14,15,17,18,19,23,24,27,28,29],
[1,2,3,4,5,6,8,9,10,13,14,15,17,19,20,21,22,24,27,28],
[1,2,3,4,5,6,8,9,10,13,14,15,17,19,20,21,22,24,28,29],
[1,2,3,4,5,6,8,9,10,13,14,15,17,19,20,22,23,24,27,29],
[1,2,3,4,5,6,8,9,10,13,14,15,17,19,20,22,24,27,28,29],
[1,2,3,4,5,6,8,9,10,13,14,15,17,19,20,23,24,27,28,29],
[1,2,3,4,5,6,8,9,10,13,14,15,18,19,20,21,23,24,28,29],
[1,2,3,4,5,6,8,9,10,13,16,17,18,19,20,21,24,25,26,28],
[1,2,3,4,5,6,8,9,10,13,16,18,19,20,21,23,24,25,26,28],
[1,2,3,4,5,6,8,9,11,12,15,17,18,19,21,24,25,26,27,28],
[1,2,3,4,5,6,8,9,12,13,14,15,17,18,19,22,23,24,27,29],
[1,2,3,4,5,6,8,9,12,13,14,15,17,18,19,22,24,27,28,29],
[1,2,3,4,5,6,8,9,12,13,14,15,17,18,19,23,24,27,28,29],
[1,2,3,4,5,6,8,9,12,13,14,15,18,19,21,22,23,27,28,29],
[1,2,3,4,5,6,8,9,12,13,14,17,18,19,22,23,24,25,27,29],
[1,2,3,4,5,6,8,9,12,13,14,17,19,20,22,23,24,25,27,29],
[1,2,3,4,5,6,8,9,12,13,14,17,19,20,22,23,25,27,28,29],
[1,2,3,4,5,6,8,9,12,13,15,17,18,19,22,23,24,25,27,29],
[1,2,3,4,5,6,8,9,12,13,15,18,19,21,22,23,25,27,28,29],
[1,2,3,4,5,6,8,9,12,14,15,17,19,20,22,23,25,27,28,29],
[1,2,3,4,5,6,8,9,13,14,15,17,18,19,20,21,22,24,28,29],
[1,2,3,4,5,6,8,10,12,13,16,18,19,20,21,23,24,25,28,29],
[1,2,3,4,5,6,8,10,12,13,16,18,19,20,21,23,25,27,28,29],
[1,2,3,4,5,6,8,10,12,14,15,17,18,19,20,23,24,26,28,29],
[1,2,3,4,5,6,8,10,12,15,16,17,18,19,20,21,23,24,26,28],
[1,2,3,4,5,6,8,10,12,15,17,18,19,20,21,23,24,26,28,29],
[1,2,3,4,5,6,8,10,12,16,17,18,19,20,21,23,25,27,28,29],
[1,2,3,4,5,6,8,10,13,16,17,18,19,20,21,22,23,24,25,29],
[1,2,3,4,5,6,8,10,13,16,17,18,19,20,21,22,23,25,27,29],
[1,2,3,4,5,6,8,10,13,16,17,18,19,20,21,23,24,25,26,28],
[1,2,3,4,5,6,8,10,13,16,17,18,19,20,21,23,25,27,28,29],
[1,2,3,4,5,6,8,12,13,14,17,18,19,20,22,23,25,27,28,29],
[1,2,3,4,5,6,8,12,13,15,17,18,19,21,22,23,24,25,27,29],
[1,2,3,4,5,6,8,12,13,15,17,18,19,21,22,23,25,27,28,29],
[1,2,3,4,5,6,8,12,14,15,17,18,19,20,22,23,25,27,28,29],
[1,2,3,4,5,6,8,12,15,17,18,19,20,21,22,23,25,27,28,29],
[1,2,3,4,5,6,8,12,15,17,18,19,20,21,23,24,25,26,28,29],
[1,2,3,4,5,7,8,9,10,11,12,14,15,16,17,19,20,22,24,28],
[1,2,3,4,5,7,8,9,10,11,12,14,15,16,17,19,20,24,26,28],
[1,2,3,4,5,7,8,9,10,11,12,14,15,16,17,19,22,23,24,27],
[1,2,3,4,5,7,8,9,10,11,12,14,15,16,17,19,23,24,26,27],
[1,2,3,4,5,7,8,9,10,11,12,14,15,16,18,19,23,24,26,27],
[1,2,3,4,5,7,8,9,10,11,12,14,15,16,18,19,23,26,27,28],
[1,2,3,4,5,7,8,9,10,11,12,14,15,17,19,22,23,24,27,29],
[1,2,3,4,5,7,8,9,10,11,12,14,15,18,19,21,22,23,24,29],
[1,2,3,4,5,7,8,9,10,11,12,14,15,18,19,22,23,24,27,29],
[1,2,3,4,5,7,8,9,10,11,12,14,16,17,18,19,25,26,27,28],
[1,2,3,4,5,7,8,9,10,11,12,14,16,17,19,22,23,24,27,29],
[1,2,3,4,5,7,8,9,10,11,12,14,16,18,19,21,22,23,24,29],
[1,2,3,4,5,7,8,9,10,11,12,14,16,18,19,22,23,24,27,29],
[1,2,3,4,5,7,8,9,10,11,12,14,16,18,19,23,25,26,27,28],
[1,2,3,4,5,7,8,9,10,11,12,15,16,17,19,20,21,24,26,28],
[1,2,3,4,5,7,8,9,10,11,12,15,16,19,20,21,23,25,26,28],
[1,2,3,4,5,7,8,9,10,11,12,16,17,19,20,21,24,25,26,28],
[1,2,3,4,5,7,8,9,10,11,12,16,17,19,22,23,24,25,27,29],
[1,2,3,4,5,7,8,9,10,11,12,16,19,20,21,22,23,24,25,29],
[1,2,3,4,5,7,8,9,10,11,14,15,16,17,18,19,23,24,26,27],
[1,2,3,4,5,7,8,9,10,11,14,15,17,18,19,22,23,24,27,29],
[1,2,3,4,5,7,8,9,10,12,14,15,16,17,19,20,22,23,24,27],
[1,2,3,4,5,7,8,9,10,12,14,15,16,17,19,20,22,24,27,28],
[1,2,3,4,5,7,8,9,10,12,14,15,16,17,19,20,23,24,26,27],
[1,2,3,4,5,7,8,9,10,12,14,15,16,17,19,20,24,26,27,28],
[1,2,3,4,5,7,8,9,10,12,14,16,19,20,21,22,23,25,27,28],
[1,2,3,4,5,7,8,9,10,12,15,16,19,20,21,23,25,26,27,28],
[1,2,3,4,5,7,8,9,10,13,14,16,17,19,20,22,23,24,25,27],
[1,2,3,4,5,7,8,9,10,13,14,16,17,19,20,22,23,25,27,28],
[1,2,3,4,5,7,8,9,10,13,14,16,18,19,21,22,23,25,27,28],
[1,2,3,4,5,7,8,9,10,13,14,16,19,20,21,22,23,25,27,28],
[1,2,3,4,5,7,8,9,10,13,16,17,19,20,21,22,23,25,27,28],
[1,2,3,4,5,7,8,9,10,14,16,17,19,20,22,23,24,25,27,29],
[1,2,3,4,5,7,8,9,11,12,14,15,16,17,18,19,22,24,27,28],
[1,2,3,4,5,7,8,9,11,12,14,15,16,17,18,19,22,25,27,28],
[1,2,3,4,5,7,8,9,11,12,14,15,16,17,18,19,25,26,27,28],
[1,2,3,4,5,7,8,9,11,12,14,15,16,18,19,22,23,25,27,28],
[1,2,3,4,5,7,8,9,11,12,14,15,16,18,19,23,25,26,27,28],
[1,2,3,4,5,7,8,9,11,12,14,15,17,18,19,22,23,24,25,29],
[1,2,3,4,5,7,8,9,11,12,14,15,17,18,19,22,23,24,27,29],
[1,2,3,4,5,7,8,9,11,12,14,15,17,18,19,22,23,25,27,29],
[1,2,3,4,5,7,8,9,11,12,14,15,17,18,19,22,24,25,28,29],
[1,2,3,4,5,7,8,9,11,12,14,15,17,18,19,22,25,27,28,29],
[1,2,3,4,5,7,8,9,11,12,14,15,17,18,19,23,24,25,26,29],
[1,2,3,4,5,7,8,9,11,12,14,15,17,18,19,23,25,26,27,29],
[1,2,3,4,5,7,8,9,11,12,14,15,17,19,22,23,24,25,26,29],
[1,2,3,4,5,7,8,9,11,12,14,15,18,19,22,23,25,27,28,29],
[1,2,3,4,5,7,8,9,11,12,14,16,17,19,22,23,24,25,27,29],
[1,2,3,4,5,7,8,9,11,12,14,16,18,19,22,23,24,25,27,29],
[1,2,3,4,5,7,8,9,11,12,14,17,18,19,22,23,24,25,27,29],
[1,2,3,4,5,7,8,9,11,12,15,17,18,19,21,22,24,25,28,29],
[1,2,3,4,5,7,8,9,11,12,15,17,18,19,22,23,24,25,27,29],
[1,2,3,4,5,7,8,9,11,12,15,18,19,21,22,23,25,27,28,29],
[1,2,3,4,5,7,8,9,11,13,15,16,17,18,19,22,23,24,25,27],
[1,2,3,4,5,7,8,10,11,12,14,15,16,17,18,19,23,24,26,27],
[1,2,3,4,5,7,8,10,11,12,14,15,16,17,18,19,23,24,26,29],
[1,2,3,4,5,7,8,10,11,12,15,16,17,18,19,20,21,24,26,28],
[1,2,3,4,5,7,8,10,11,12,16,17,18,19,20,21,24,25,26,28],
[1,2,3,4,5,7,8,10,12,14,15,16,17,18,19,20,21,22,27,28],
[1,2,3,4,5,7,8,10,12,14,15,16,17,18,19,20,22,23,24,29],
[1,2,3,4,5,7,8,10,12,14,15,16,17,18,19,20,23,24,26,29],
[1,2,3,4,5,7,8,10,12,14,15,16,17,18,19,20,23,26,27,28],
[1,2,3,4,5,7,8,10,12,14,15,16,18,19,20,21,22,23,27,28],
[1,2,3,4,5,7,8,10,12,14,16,17,18,19,20,23,25,26,27,28],
[1,2,3,4,5,7,8,10,13,14,15,16,17,18,19,21,22,23,27,28],
[1,2,3,4,5,7,8,10,14,15,16,17,18,19,20,21,22,23,27,28],
[1,2,3,4,5,7,8,11,12,14,15,16,17,18,19,22,23,25,27,29],
[1,2,3,4,5,7,8,11,12,14,15,16,17,18,19,22,25,27,28,29],
[1,2,3,4,5,7,8,11,12,14,15,16,18,19,22,23,25,27,28,29],
[1,2,3,4,5,7,8,11,12,15,16,17,18,19,20,21,22,25,28,29],
[1,2,3,4,5,7,8,11,12,15,16,17,18,19,20,21,24,25,26,28],
[1,2,3,4,5,7,8,11,12,15,17,18,19,20,21,22,24,25,28,29],
[1,2,3,4,5,7,8,12,14,15,16,17,18,19,20,22,23,25,28,29],
[1,2,3,4,5,7,8,12,14,15,16,17,18,19,20,23,25,26,28,29],
[1,2,3,4,5,7,8,12,14,15,16,17,18,19,22,23,25,27,28,29],
[1,2,3,4,5,7,8,12,14,15,17,18,19,20,22,23,25,27,28,29],
[1,2,3,4,5,7,8,12,14,16,17,18,19,20,22,23,25,27,28,29],
[1,2,3,4,5,8,9,10,11,12,14,15,16,17,19,22,23,24,27,29],
[1,2,3,4,5,8,9,10,11,12,14,15,16,17,19,23,24,26,27,29],
[1,2,3,4,5,8,9,10,11,13,14,15,16,17,19,22,23,27,28,29],
[1,2,3,4,5,8,9,10,11,13,14,16,17,19,22,23,25,27,28,29],
[1,2,3,4,5,8,9,10,12,14,15,16,17,19,20,23,24,26,27,28],
[1,2,3,4,5,8,9,10,13,14,16,17,19,20,22,23,25,27,28,29],
[1,2,3,4,5,8,9,12,13,14,16,17,19,20,22,23,24,27,28,29],
[1,2,3,4,5,8,10,11,12,14,15,16,17,18,19,23,24,26,27,29],
[1,2,3,4,5,8,12,13,14,16,17,18,19,20,22,23,24,25,28,29],
[1,2,3,4,5,8,12,13,14,16,17,18,19,20,22,23,25,27,28,29],
[1,2,3,4,5,8,12,13,14,16,18,19,20,21,22,23,25,27,28,29],
[1,2,3,4,6,7,8,9,10,13,14,16,17,18,19,22,23,25,27,28],
[1,2,3,4,6,7,8,9,11,12,15,17,18,19,22,23,24,25,26,27],
[1,2,3,4,6,7,8,9,11,12,15,17,18,19,22,23,24,25,26,29],
[1,2,3,4,6,7,8,9,11,12,15,17,18,19,22,23,24,25,27,29],
[1,2,3,4,6,7,8,9,11,12,15,17,18,19,22,24,25,26,27,28],
[1,2,3,4,6,7,8,10,11,12,15,16,17,18,19,21,22,23,24,27],
[1,2,3,4,6,7,8,10,11,12,15,16,17,18,19,21,22,23,25,27],
[1,2,3,4,6,7,8,10,11,12,15,16,17,18,19,22,23,25,27,28],
[1,2,3,4,6,7,8,10,11,12,15,16,17,18,19,23,25,26,27,28],
[1,2,3,4,6,7,8,10,11,12,15,16,17,19,22,23,25,26,27,28],
[1,2,3,4,6,7,8,10,11,12,15,17,18,19,22,23,25,27,28,29],
[1,2,3,4,6,7,8,10,11,12,15,17,18,19,23,25,26,27,28,29],
[1,2,3,4,6,7,8,10,12,14,15,16,17,18,19,20,21,22,24,28],
[1,2,3,4,6,7,8,10,12,14,15,16,17,18,19,20,21,22,27,28],
[1,2,3,4,6,7,8,10,12,14,15,16,17,18,19,20,22,23,24,28],
[1,2,3,4,6,7,8,10,12,14,15,16,17,18,19,20,22,23,27,28],
[1,2,3,4,6,7,8,10,12,14,15,16,17,18,19,20,23,24,26,28],
[1,2,3,4,6,7,8,10,12,14,15,16,17,18,19,20,23,26,27,28],
[1,2,3,4,6,7,8,10,12,14,15,16,17,18,19,21,22,24,27,28],
[1,2,3,4,6,7,8,10,12,14,15,16,17,18,19,23,24,26,27,28],
[1,2,3,4,6,7,8,10,12,14,15,16,17,19,20,21,22,24,27,28],
[1,2,3,4,6,7,8,10,12,14,15,16,18,19,20,21,22,23,24,28],
[1,2,3,4,6,7,8,10,12,14,15,16,18,19,20,21,22,23,27,28],
[1,2,3,4,6,7,8,10,12,14,15,16,18,19,21,22,23,24,27,28],
[1,2,3,4,6,7,8,10,12,14,15,17,18,19,20,21,22,24,28,29],
[1,2,3,4,6,7,8,10,12,14,15,17,18,19,20,22,23,27,28,29],
[1,2,3,4,6,7,8,10,12,14,15,18,19,20,21,22,23,27,28,29],
[1,2,3,4,6,7,8,10,12,14,16,17,18,19,20,22,23,24,28,29],
[1,2,3,4,6,7,8,10,12,14,16,17,18,19,20,23,25,26,27,28],
[1,2,3,4,6,7,8,10,12,15,16,17,18,19,20,21,22,23,27,28],
[1,2,3,4,6,7,8,10,12,15,16,17,18,19,21,22,23,25,27,28],
[1,2,3,4,6,7,8,10,12,15,16,17,19,20,21,22,23,25,27,28],
[1,2,3,4,6,7,8,10,12,15,16,17,19,20,22,23,25,26,27,28],
[1,2,3,4,6,7,8,10,12,16,17,18,19,20,21,22,23,25,27,28],
[1,2,3,4,6,7,8,10,13,14,16,17,18,19,20,21,22,23,24,28],
[1,2,3,4,6,7,8,10,13,14,16,17,18,19,20,21,22,23,27,28],
[1,2,3,4,6,7,8,10,13,14,16,17,18,19,20,22,23,25,27,28],
[1,2,3,4,6,7,8,10,13,16,17,18,19,20,21,22,23,24,25,28],
[1,2,3,4,6,7,8,10,13,16,17,18,19,20,21,22,23,25,27,28],
[1,2,3,4,6,7,8,10,14,15,16,17,18,19,20,21,22,23,27,28],
[1,2,3,4,6,7,8,11,12,15,16,17,18,19,21,22,23,24,25,27],
[1,2,3,4,6,7,8,11,12,15,16,17,18,19,22,23,24,25,26,27],
[1,2,3,4,6,7,8,11,12,15,16,17,18,19,22,23,25,26,27,28],
[1,2,3,4,6,7,8,11,12,15,16,17,18,19,22,24,25,26,27,28],
[1,2,3,4,6,8,10,11,12,15,16,17,18,19,21,22,23,24,27,29],
[1,2,3,4,6,8,10,13,14,16,17,18,19,20,22,23,25,27,28,29],
[1,2,3,4,6,8,10,13,16,17,18,19,20,21,22,23,24,25,28,29],
[1,2,3,4,6,8,11,12,15,16,17,18,19,22,23,24,25,26,27,28],
[1,2,3,4,6,8,12,13,14,16,17,18,19,22,23,24,25,27,28,29],
[1,2,3,4,7,8,9,10,11,12,14,15,16,17,19,22,23,24,26,27],
[1,2,3,4,7,8,9,11,12,14,15,17,18,19,22,23,24,25,26,29],
[1,2,3,4,7,8,9,11,12,15,16,17,18,19,22,24,25,26,27,28],
[1,2,3,4,7,8,12,14,15,16,17,18,19,20,22,23,24,26,28,29],
[1,2,3,5,6,7,8,9,10,11,12,15,17,18,19,21,24,26,27,29],
[1,2,3,5,6,7,8,9,10,12,14,15,17,18,19,23,24,26,27,29],
[1,2,3,5,6,7,8,9,10,12,14,15,19,20,21,22,23,24,27,29],
[1,2,3,5,6,7,8,10,12,14,15,17,18,19,20,23,24,26,27,29],
[1,2,3,5,6,7,8,10,12,15,16,17,18,19,20,21,23,24,26,27],
[1,2,3,5,6,7,8,10,12,15,17,18,19,20,21,23,24,26,27,29],
[1,2,3,5,7,8,9,10,11,12,16,18,19,21,23,24,25,26,27,29],
[1,2,3,5,7,8,10,11,12,14,15,16,17,18,19,23,24,26,27,29],
[1,2,3,5,7,8,10,12,14,15,16,17,18,19,20,21,22,23,27,29],
[1,2,3,5,7,8,11,12,14,15,16,17,18,19,22,23,25,26,27,29],
[1,2,3,6,7,8,9,10,12,14,15,18,19,21,23,24,26,27,28,29],
[1,2,3,6,7,8,9,11,12,15,17,18,19,22,23,24,25,26,27,29],
[1,2,3,6,7,8,9,12,14,15,17,18,19,22,23,25,26,27,28,29],
[1,2,3,6,7,8,9,12,14,15,18,19,21,22,23,24,26,27,28,29],
[1,2,4,5,6,7,8,10,12,13,14,15,16,18,19,21,23,24,26,27],
[1,2,4,6,7,8,9,10,12,13,14,16,19,20,22,23,25,26,27,28],
[1,2,4,6,7,8,9,10,13,14,16,17,19,20,22,23,25,26,27,28],
[1,2,4,6,7,8,12,13,14,16,17,18,19,20,22,23,24,25,26,29],
[1,2,4,6,8,12,13,14,16,17,18,19,20,22,23,24,25,26,28,29],
[1,2,5,6,7,8,9,12,13,14,15,18,19,21,22,23,25,26,27,29],
[1,4,5,6,7,8,10,12,13,14,15,16,17,18,19,20,23,24,26,27],
[1,5,6,7,8,9,10,12,13,14,15,18,19,20,21,23,24,26,27,29],
[2,3,5,6,7,8,9,10,11,12,14,15,18,19,21,23,24,26,27,29],
[1,2,3,4,5,6,7,8,9,10,11,12,15,17,18,19,21,24,26,27,28],
[1,2,3,4,5,6,7,8,9,10,11,12,15,17,19,20,22,23,24,25,29],
[1,2,3,4,5,6,7,8,9,10,11,12,15,18,19,21,23,24,25,26,27],
[1,2,3,4,5,6,7,8,9,10,11,12,15,19,20,21,22,23,24,25,29],
[1,2,3,4,5,6,7,8,9,10,12,14,15,17,18,19,20,23,24,26,29],
[1,2,3,4,5,6,7,8,9,10,12,14,15,17,19,20,21,22,24,27,28],
[1,2,3,4,5,6,7,8,9,10,12,14,15,17,19,20,22,23,24,27,29],
[1,2,3,4,5,6,7,8,9,10,12,14,15,18,19,20,21,23,27,28,29],
[1,2,3,4,5,6,7,8,9,10,12,14,16,17,18,19,20,24,26,27,28],
[1,2,3,4,5,6,7,8,9,10,12,15,16,17,19,20,21,24,26,27,28],
[1,2,3,4,5,6,7,8,9,10,12,15,18,19,20,21,23,24,25,26,29],
[1,2,3,4,5,6,7,8,9,10,12,16,18,19,20,21,23,25,26,27,28],
[1,2,3,4,5,6,7,8,9,10,13,14,15,17,19,20,21,22,23,24,27],
[1,2,3,4,5,6,7,8,9,10,13,14,16,17,18,19,20,23,24,25,27],
[1,2,3,4,5,6,7,8,9,10,13,14,17,19,20,22,23,24,25,27,29],
[1,2,3,4,5,6,7,8,9,10,13,16,17,18,19,20,21,23,24,25,26],
[1,2,3,4,5,6,7,8,9,10,13,16,17,19,20,21,22,23,24,25,27],
[1,2,3,4,5,6,7,8,9,11,12,15,17,18,19,21,22,25,27,28,29],
[1,2,3,4,5,6,7,8,9,11,12,15,18,19,21,22,23,24,25,27,29],
[1,2,3,4,5,6,7,8,9,12,14,15,17,18,19,20,21,22,24,28,29],
[1,2,3,4,5,6,7,8,10,11,12,15,17,18,19,21,22,23,24,27,29],
[1,2,3,4,5,6,7,8,10,11,12,15,17,19,20,21,22,23,24,25,29],
[1,2,3,4,5,6,7,8,10,12,14,15,16,17,18,19,20,21,24,27,28],
[1,2,3,4,5,6,7,8,10,12,14,15,16,17,18,19,20,23,24,26,27],
[1,2,3,4,5,6,7,8,10,12,14,15,16,17,18,19,20,24,26,27,28],
[1,2,3,4,5,6,7,8,10,12,14,15,17,18,19,20,21,22,27,28,29],
[1,2,3,4,5,6,7,8,10,12,14,16,17,18,19,20,22,23,24,27,29],
[1,2,3,4,5,6,7,8,10,12,14,16,17,18,19,20,23,24,25,27,29],
[1,2,3,4,5,6,7,8,10,12,16,17,18,19,20,21,22,23,25,27,29],
[1,2,3,4,5,6,7,8,10,13,14,16,17,18,19,20,21,22,23,24,27],
[1,2,3,4,5,6,7,8,12,14,16,17,18,19,20,22,23,24,25,27,29],
[1,2,3,4,5,6,8,9,12,13,14,15,17,18,19,22,23,25,27,28,29],
[1,2,3,4,5,6,8,9,12,13,14,15,17,19,20,22,23,24,27,28,29],
[1,2,3,4,5,6,8,9,12,13,14,15,18,19,20,21,22,23,24,28,29],
[1,2,3,4,5,6,8,10,12,14,15,16,17,18,19,20,23,24,26,27,28],
[1,2,3,4,5,6,8,10,12,16,17,18,19,20,21,23,24,25,26,28,29],
[1,2,3,4,5,6,8,12,13,14,16,17,18,19,20,22,23,24,25,27,29],
[1,2,3,4,5,6,8,12,13,15,17,18,19,20,21,22,23,24,25,28,29],
[1,2,3,4,5,6,8,12,13,16,17,18,19,20,21,22,23,25,27,28,29],
[1,2,3,4,5,7,8,9,10,11,12,14,15,16,17,18,19,24,26,27,28],
[1,2,3,4,5,7,8,9,10,11,12,14,15,17,18,19,23,24,26,27,29],
[1,2,3,4,5,7,8,9,10,11,12,15,16,18,19,21,23,25,26,27,28],
[1,2,3,4,5,7,8,10,11,12,14,15,16,17,18,19,22,23,24,27,29],
[1,2,3,4,5,7,8,10,13,14,16,17,18,19,20,21,22,23,25,27,28],
[1,2,3,4,6,7,8,10,12,14,16,17,18,19,20,22,23,25,27,28,29],
[1,2,3,4,6,7,8,10,12,14,16,17,18,19,20,23,24,25,26,28,29],
[1,2,3,5,6,7,8,9,10,11,12,15,18,19,21,23,24,25,26,27,29],
[1,2,3,5,6,7,8,9,10,12,14,15,18,19,20,21,23,24,26,27,29],
[1,2,3,5,6,7,8,10,12,14,15,17,18,19,20,21,22,23,24,27,29],
[1,2,3,5,7,8,10,12,14,15,16,17,18,19,20,21,23,24,26,27,29],
[1,2,3,4,5,6,7,8,9,10,11,12,15,17,18,19,23,24,25,26,27,29],
[1,2,3,4,5,6,7,8,9,10,11,12,15,17,19,20,21,22,25,27,28,29],
[1,2,3,4,5,6,7,8,9,10,11,12,16,17,18,19,21,24,25,26,27,28],
[1,2,3,4,5,6,7,8,9,10,12,14,16,17,18,19,20,23,24,25,26,27],
[1,2,3,4,5,6,7,8,9,10,13,14,15,17,18,19,20,21,22,23,24,29],
[1,2,3,4,5,6,7,8,9,10,13,16,17,18,19,20,21,23,25,26,27,28],
[1,2,3,4,5,6,7,8,10,11,12,15,16,17,18,19,21,23,24,25,26,27],
[1,2,3,4,5,6,7,8,10,12,14,15,16,17,18,19,20,21,22,23,24,27],
[1,2,3,4,5,6,7,8,10,12,15,16,17,18,19,20,21,23,25,26,27,28],
[1,2,3,4,5,6,7,8,10,13,14,16,17,18,19,20,22,23,24,25,27,29],
[1,2,3,4,5,6,8,9,11,12,13,15,17,18,19,21,22,24,25,27,28,29],
[1,2,3,4,5,7,8,9,10,11,12,14,16,17,18,19,23,24,25,26,27,29],
[1,2,3,4,6,7,8,9,10,12,14,15,16,17,19,20,22,23,24,26,27,28],
[1,2,3,4,5,6,7,8,9,10,11,12,14,15,17,18,19,21,22,24,27,28,29],
[1,2,3,4,5,6,7,8,9,10,11,12,15,17,18,19,20,21,24,25,26,28,29],
[1,2,3,4,5,6,7,8,9,10,11,13,15,17,18,19,21,22,23,24,25,27,29],
[1,2,3,4,5,6,7,8,9,10,12,14,15,16,18,19,20,21,23,24,26,27,28],
[1,2,3,4,5,6,7,8,9,10,12,14,15,17,18,19,20,23,25,26,27,28,29],
[1,2,3,6,7,8,10,12,14,15,16,17,18,19,20,21,22,23,24,26,27,28,29],
[1,2,3,4,5,6,7,8,9,10,11,12,15,16,17,19,20,21,22,23,24,25,26,27],
[1,2,3,4,5,6,7,8,9,10,13,14,15,16,17,18,19,20,21,23,24,26,27,28],
[1,2,3,4,5,6,7,8,9,10,13,14,15,17,18,19,20,21,22,23,25,27,28,29],
[1,2,3,4,5,6,8,10,12,13,14,15,16,17,18,19,20,21,22,23,24,27,28,29],
[1,2,3,4,5,6,7,8,9,10,11,12,13,14,16,17,18,19,20,21,22,24,25,27,28,29],
[1,2,3,4,5,6,7,8,9,12,13,14,15,16,17,18,19,20,21,22,23,24,25,26,27,28],
[1,2,3,4,5,6,7,8,9,10,11,12,13,14,15,16,17,18,20,21,22,23,24,25,26,27,28,29],
[1,2,3,4,5,6,7,9,10,11,12,13,14,15,16,17,18,19,20,21,22,23,24,25,26,27,28,29]];
