return [[2,3,7,9,17,19,25,37,47,48,60,63,65,66,67,69,72,74,75,76,77],
[2,7,9,19,25,26,29,37,47,58,60,63,67,69,70,72,73,74,75,76,77],
[2,7,9,17,19,25,26,37,47,58,60,63,67,69,70,72,73,74,75,76,77],
[2,3,4,5,6,7,9,10,12,15,16,17,20,21,24,25,34,35,36,37,38,40,41,43,44,46,47,49,50,51,52,53,54,55,56,57,58,59,60,61,62,63,64,65,66,67,68,69,70,71,72,73,74,75,76,77],
[2,3,7,9,11,13,15,16,17,19,23,25,26,28,29,36,37,41,42,43,45,46,47,48,58,59,62,63,65,66,67,68,69,70,71,72,73,74,75,76,77],
[3,12,14,15,16,28,37,44,46,47,48,59,61,63,66,67,68,69,70,75,76],
[1,3,10,12,14,15,16,21,37,44,46,48,59,61,63,64,66,67,68,69,75,76],
[1,3,5,10,14,15,16,21,37,44,46,61,63,64,66,67,68,69,70,76,77],
[1,3,5,10,13,14,15,16,21,37,46,61,63,64,66,67,68,69,70,76,77],
[1,5,10,13,14,15,16,21,37,44,46,61,63,64,66,67,68,69,70,76,77],
[2,3,6,7,8,9,12,13,14,17,18,19,20,23,25,26,28,29,30,32,37,40,42,45,46,47,48,54,60,62,63,65,66,67,69,70,71,72,73,74,75,76],
[2,3,7,9,12,17,19,25,37,43,47,48,60,63,65,66,67,69,72,74,75,77],
[2,3,7,9,17,19,25,37,47,48,60,63,65,66,67,69,70,72,74,76,77],
[2,3,7,9,17,19,25,29,37,47,48,60,63,65,66,67,69,70,72,75,76,77],
[2,3,7,9,13,17,19,25,26,29,37,42,43,46,47,48,58,60,63,65,66,67,68,69,70,73,74,75,76,77],
[2,3,7,9,17,19,25,29,37,47,48,57,60,63,65,66,67,72,74,75,76,77],
[2,3,7,9,17,19,20,25,37,47,48,60,63,65,66,69,72,74,75,76,77],
[2,3,7,9,17,19,25,26,29,37,43,47,48,60,63,65,67,69,70,72,73,74,75,76,77],
[2,3,7,9,14,17,19,25,37,47,48,53,60,62,63,66,67,69,72,74,75,76,77],
[2,3,6,7,9,17,19,25,36,37,47,48,53,56,60,62,65,66,67,68,69,72,73,74,75,76,77],
[2,3,7,9,17,19,25,37,47,60,63,65,66,67,69,70,72,74,75,76,77],
[2,3,7,9,17,19,25,29,36,40,42,43,47,48,57,60,63,65,66,67,69,72,74,75,76,77],
[2,3,7,9,12,17,25,37,47,48,60,63,65,66,67,68,69,72,74,75,76,77],
[2,3,7,17,19,25,37,47,48,57,60,63,65,66,67,69,72,74,75,76,77],
[2,3,9,17,19,25,37,47,48,60,63,65,66,67,69,70,72,74,75,76,77],
[2,7,9,12,17,19,25,26,37,41,43,44,47,48,53,57,58,59,60,63,65,66,67,68,69,70,72,74,75,76,77],
[2,7,9,19,20,25,26,29,37,47,58,60,63,67,69,70,72,73,74,75,76],
[2,3,7,9,15,19,20,25,26,29,37,43,47,58,60,63,67,69,70,72,73,74,75,77],
[2,7,9,19,20,25,26,29,37,47,58,60,63,67,69,70,72,73,74,76,77],
[2,7,9,14,15,17,19,20,25,26,29,37,44,45,47,51,53,54,58,60,63,66,67,69,70,72,73,75,76,77],
[2,7,9,19,20,25,26,29,37,47,58,60,63,67,69,72,73,74,75,76,77],
[2,7,9,17,19,25,26,29,37,43,47,58,60,63,67,70,72,73,74,75,76,77],
[2,7,9,19,20,25,26,29,37,47,58,60,63,69,70,72,73,74,75,76,77],
[2,7,9,17,19,25,26,29,37,43,58,60,63,65,67,69,70,72,73,74,75,76,77],
[2,7,9,19,25,26,29,43,47,58,60,63,67,69,70,72,73,74,75,76,77],
[2,7,9,19,20,25,29,37,47,58,60,63,67,69,70,72,73,74,75,76,77],
[2,7,9,19,26,29,37,43,47,58,60,63,67,69,70,72,73,74,75,76,77],
[2,7,19,20,25,26,29,37,47,58,60,63,67,69,70,72,73,74,75,76,77],
[2,9,19,20,25,26,29,37,47,58,60,63,67,69,70,72,73,74,75,76,77],
[2,7,9,17,19,20,25,26,37,47,58,60,63,67,69,70,72,73,74,75,76],
[2,7,9,17,19,25,26,37,43,47,58,60,63,67,69,70,72,73,74,75,77],
[2,7,9,17,19,20,25,26,37,45,47,53,58,60,63,67,69,70,72,73,74,76,77],
[2,7,9,17,19,25,26,37,47,53,58,60,63,67,69,72,73,74,75,76,77],
[2,7,9,17,19,20,25,26,37,47,58,60,63,69,70,72,73,74,75,76,77],
[2,7,9,17,19,25,26,37,43,44,47,58,60,65,67,68,69,70,72,73,74,75,76,77],
[2,7,9,17,19,25,26,43,47,58,60,63,67,69,70,72,73,74,75,76,77],
[2,7,9,17,19,20,25,37,47,58,60,63,67,69,70,72,73,74,75,76,77],
[2,7,9,17,25,26,37,43,47,58,60,63,67,69,70,72,73,74,75,76,77],
[2,7,17,19,20,25,26,37,47,58,60,63,67,69,70,72,73,74,75,76,77],
[3,12,14,15,16,17,28,37,44,46,47,48,59,61,63,66,67,68,69,70,75],
[1,3,5,7,10,12,13,14,15,16,17,28,37,40,41,44,45,46,47,48,59,61,62,63,64,66,67,68,69,70,76,77],
[3,7,10,12,14,15,16,17,28,37,44,46,47,48,59,61,62,63,64,66,67,68,69,75,76],
[3,12,14,15,16,28,34,37,44,46,47,48,59,61,63,66,67,68,70,75,76],
[3,12,14,15,16,28,37,44,46,47,48,59,61,63,66,67,69,70,72,75,76],
[3,12,14,15,16,28,37,44,46,47,48,59,61,63,67,68,69,70,72,75,76],
[3,6,12,14,15,16,28,34,37,44,46,47,48,59,61,66,67,68,69,70,72,75,76],
[3,10,12,14,15,16,17,28,37,44,46,47,59,61,63,66,67,68,69,70,75,76],
[1,3,8,12,14,15,16,23,28,37,39,44,46,48,59,61,63,66,67,68,69,70,75,76],
[3,12,14,15,16,17,28,37,44,47,48,59,61,63,66,67,68,69,70,72,75,76],
[3,6,9,12,14,15,16,23,28,34,37,46,47,48,59,61,62,63,66,67,68,69,70,72,75,76],
[3,12,14,15,16,28,34,44,46,47,48,59,61,63,66,67,68,69,70,75,76],
[3,12,14,15,16,34,37,44,46,47,48,59,61,63,66,67,68,69,70,75,76],
[3,12,14,15,26,28,37,44,46,47,48,59,61,63,66,67,68,69,70,75,76],
[3,12,14,16,17,28,37,44,46,47,48,59,61,63,66,67,68,69,70,75,76],
[2,6,9,12,14,15,16,17,23,26,28,34,37,38,39,41,44,45,46,47,48,53,54,59,61,62,63,66,67,68,69,70,72,75,76],
[1,3,5,7,10,12,13,14,15,16,21,37,40,41,44,46,48,61,62,63,64,66,67,68,69,76,77],
[1,3,5,10,14,15,16,21,37,40,44,46,61,63,64,66,67,68,70,76,77],
[1,3,5,10,14,15,16,21,37,44,46,59,61,63,64,66,68,69,70,76,77],
[1,3,5,10,14,15,16,21,37,44,58,61,63,64,66,67,68,69,70,76,77],
[1,3,5,10,14,15,16,21,40,44,46,61,63,64,66,67,68,69,70,76,77],
[1,3,5,10,14,16,21,37,40,44,46,61,63,64,66,67,68,69,70,76,77],
[1,3,5,10,15,16,21,37,44,46,58,61,63,64,66,67,68,69,70,76,77],
[3,5,10,14,15,16,21,37,40,44,46,61,63,64,66,67,68,69,70,76,77],
[1,3,5,10,13,14,15,16,21,37,46,50,61,63,64,66,67,68,69,70,76],
[1,3,5,10,13,14,15,16,21,37,46,50,61,63,64,66,67,68,70,76,77],
[1,3,5,10,13,14,15,16,21,37,46,50,61,63,64,66,68,69,70,76,77],
[1,3,5,10,13,14,15,16,21,37,50,58,61,63,64,66,67,68,69,70,76,77],
[1,3,5,10,13,14,15,16,21,40,46,50,61,63,64,66,67,68,69,70,76,77],
[1,3,5,10,13,14,16,21,37,40,46,61,63,64,66,67,68,69,70,76,77],
[1,3,5,10,13,15,16,21,37,46,58,61,63,64,66,67,68,69,70,76,77],
[1,3,5,13,14,15,16,21,37,46,50,61,63,64,66,67,68,69,70,76,77],
[1,5,10,13,14,15,16,21,37,44,46,58,61,63,64,66,68,69,70,76,77],
[1,5,10,13,14,16,21,37,40,44,46,61,63,64,66,67,68,69,70,76,77],
[1,5,10,13,15,16,21,37,44,46,58,61,63,64,66,67,68,69,70,76,77],
[1,5,13,14,15,16,21,37,44,45,46,58,61,63,64,66,67,68,69,70,76,77],
[1,10,13,14,15,16,21,37,44,46,58,61,63,64,66,67,68,69,70,76,77],
[2,3,7,9,17,19,25,29,37,47,48,60,63,65,66,67,70,72,74,76,77],
[2,3,7,9,17,19,25,37,47,48,60,65,66,67,69,70,72,73,74,76,77],
[2,3,7,9,17,19,25,29,37,48,60,63,65,66,67,69,70,72,74,76,77],
[2,3,7,9,17,19,25,29,47,48,60,63,65,66,67,69,70,72,74,76,77],
[2,3,7,9,17,19,20,25,42,47,48,60,63,65,66,69,72,74,75,76,77],
[2,3,7,17,19,20,25,37,47,48,57,60,63,65,66,69,72,74,75,76,77],
[2,7,9,17,19,20,25,26,37,47,48,60,63,65,66,69,72,74,75,76,77],
[2,3,7,9,17,19,25,37,43,47,60,63,65,66,67,69,70,72,74,75,77],
[2,3,7,9,17,19,20,25,37,58,60,63,65,66,67,69,70,72,73,74,75,76,77],
[2,3,7,17,19,20,25,37,47,57,60,63,65,66,67,69,70,72,74,75,76,77],
[2,3,7,12,17,19,20,25,37,47,48,57,60,63,65,66,67,69,72,74,75,76],
[2,3,7,12,17,19,25,37,47,48,57,60,63,65,66,67,69,72,74,75,77],
[2,3,7,17,19,20,25,37,47,48,57,60,63,66,67,69,72,74,75,76,77],
[2,3,5,6,7,12,14,17,19,20,21,25,30,36,37,40,44,47,48,53,56,57,60,62,64,65,66,67,68,69,72,73,74,75,76,77],
[2,3,7,12,17,25,37,47,48,57,60,63,65,66,67,69,72,74,75,76,77],
[2,3,17,19,25,37,47,48,57,60,63,65,66,67,69,70,72,74,75,76,77],
[2,3,9,17,19,25,37,47,48,57,60,63,65,66,67,70,72,74,75,76,77],
[2,3,9,17,19,25,37,47,48,57,60,63,66,67,69,70,72,74,75,76,77],
[2,3,9,17,19,25,37,47,48,57,60,65,66,67,68,69,70,72,74,75,76,77],
[2,3,9,17,19,25,37,48,57,60,63,65,66,67,69,70,72,74,75,76,77],
[2,3,9,17,19,25,47,48,57,60,63,65,66,67,69,70,72,74,75,76,77],
[2,7,9,17,19,20,25,26,29,37,47,58,60,63,67,70,72,73,74,75,76],
[2,7,9,17,19,20,25,26,29,47,58,60,63,67,69,70,72,73,74,75,76],
[2,7,9,19,20,25,26,29,37,45,47,58,60,63,67,70,72,73,74,76,77],
[2,7,9,15,19,20,25,26,29,37,45,47,58,63,67,69,70,72,73,74,76,77],
[2,7,9,19,20,25,26,29,37,45,47,60,63,67,69,70,72,73,74,76,77],
[2,7,9,15,19,20,25,26,29,37,47,58,63,67,69,72,73,74,75,76,77],
[2,7,9,19,20,25,26,37,47,53,58,60,63,67,69,72,73,74,75,76,77],
[2,7,9,19,20,26,29,37,45,47,58,60,63,67,69,72,73,74,75,76,77],
[2,3,7,9,19,20,25,26,29,37,47,60,63,65,69,70,72,73,74,75,76,77],
[2,7,9,19,20,25,26,29,37,58,60,63,65,69,70,72,73,74,75,76,77],
[2,7,19,20,25,26,29,43,47,58,60,63,67,69,70,72,73,74,75,76,77],
[3,7,9,19,25,26,29,43,47,58,60,63,67,69,70,72,73,74,75,76,77],
[2,3,7,9,19,20,25,29,37,47,58,63,67,69,70,72,73,74,75,76,77],
[2,3,7,9,19,20,25,29,37,47,60,63,67,69,70,72,73,74,75,76,77],
[2,3,7,9,19,20,25,29,37,58,60,63,67,69,70,72,73,74,75,76,77],
[2,7,9,19,26,29,37,43,47,48,58,60,63,67,69,72,73,74,75,76,77],
[2,7,19,20,26,29,37,43,44,47,58,60,63,67,69,70,72,73,74,75,76,77],
[2,3,9,15,19,20,25,26,29,37,47,58,63,67,69,70,72,73,74,75,76,77],
[2,3,9,19,20,25,26,29,37,47,60,63,67,69,70,72,73,74,75,76,77],
[2,7,9,17,19,20,25,26,37,47,58,60,63,66,67,69,70,73,74,75,76],
[2,7,9,17,19,20,25,26,37,45,47,58,63,67,69,70,72,73,74,75,76],
[2,7,9,17,19,20,26,37,45,47,58,60,63,67,69,70,72,73,74,75,76],
[2,7,9,15,17,19,25,26,37,43,47,58,60,63,67,69,70,72,73,74,77],
[2,7,17,19,20,25,26,37,43,44,47,58,60,63,67,69,70,72,73,74,75,77],
[2,7,9,17,19,20,25,26,37,47,53,58,60,63,69,72,73,74,75,76,77],
[2,7,9,17,19,20,25,37,47,53,58,60,63,67,69,72,73,74,75,76,77],
[2,7,17,19,20,25,26,43,44,47,58,60,63,67,69,70,72,73,74,75,76,77],
[2,7,9,17,19,20,25,37,47,58,60,63,66,67,69,70,72,74,75,76,77],
[2,7,9,17,19,20,25,37,47,58,63,66,67,69,70,72,73,74,75,76,77],
[3,7,9,17,19,20,25,37,47,51,58,60,63,67,69,70,72,73,74,75,76,77],
[2,7,17,25,26,37,43,44,47,58,60,63,67,69,70,72,73,74,75,76,77],
[2,9,17,25,26,37,43,47,58,60,63,67,68,69,70,72,73,74,75,76,77],
[2,7,17,19,20,25,26,37,44,47,58,60,63,67,69,70,72,74,75,76,77],
[2,7,17,20,25,26,37,44,47,58,60,63,67,69,70,72,73,74,75,76,77],
[3,12,14,15,16,17,28,37,44,46,47,48,59,61,63,64,66,67,69,70,75],
[3,10,12,14,15,16,17,28,37,44,46,47,48,59,61,63,66,68,69,70,75],
[3,12,14,15,16,17,28,37,43,44,46,47,48,59,61,63,67,68,69,70,75],
[3,12,14,15,16,17,28,37,44,46,47,48,59,61,64,66,67,68,69,70,75],
[3,12,14,15,16,17,37,44,46,47,48,59,61,63,64,66,67,68,69,70,75],
[3,12,14,15,16,28,34,37,39,44,46,47,48,59,61,63,66,67,68,70,75],
[1,3,10,12,14,15,16,28,34,37,39,41,44,46,47,48,59,61,63,66,67,68,70,76],
[3,10,12,14,15,16,28,34,37,39,44,46,47,48,59,61,63,66,67,68,75,76],
[3,10,12,14,15,16,28,34,37,39,44,46,47,59,61,63,66,67,68,70,75,76],
[3,12,14,15,16,28,34,37,39,44,46,48,59,61,63,66,67,68,70,75,76],
[3,12,14,15,28,34,37,39,44,46,47,48,59,61,63,66,67,68,70,75,76],
[3,12,14,16,28,34,37,39,44,46,47,48,59,61,63,66,67,68,70,75,76],
[3,12,15,16,28,34,37,41,44,46,47,48,59,61,63,66,67,68,70,75,76],
[3,14,15,16,28,34,37,39,44,46,47,48,59,61,63,66,67,68,70,75,76],
[3,12,14,15,16,28,37,44,45,46,47,48,59,61,63,66,67,69,70,72,76],
[3,12,14,15,16,34,37,44,46,47,48,59,61,63,66,67,69,70,72,75,76],
[3,12,14,15,16,26,28,37,44,46,47,48,59,61,63,68,69,70,72,75,76],
[3,12,14,15,16,26,28,37,44,46,48,59,61,63,67,68,69,70,72,75,76],
[3,12,14,15,16,28,34,39,44,46,47,48,59,61,63,66,67,68,69,70,75],
[1,3,12,14,15,16,28,34,44,46,47,48,59,61,63,66,67,68,69,70,76],
[1,3,12,14,15,26,28,37,44,46,47,48,59,61,63,66,67,68,70,75,76],
[1,3,12,14,15,26,28,37,44,46,48,59,61,63,66,67,68,69,70,75,76],
[1,3,12,14,15,26,28,44,46,47,48,59,61,63,66,67,68,69,70,75,76],
[3,6,12,14,16,17,28,37,44,46,47,48,59,61,66,67,68,69,70,75,76],
[1,3,5,10,14,15,16,21,37,40,44,46,50,61,64,66,67,68,70,76,77],
[1,3,5,10,14,15,16,21,37,40,46,50,61,63,64,66,67,68,70,76,77],
[1,5,10,14,15,16,21,37,40,41,44,46,61,63,64,66,67,68,70,76,77],
[1,3,5,10,12,14,15,16,21,37,44,46,59,61,63,66,68,69,70,76,77],
[1,3,5,10,12,14,16,21,37,44,46,59,61,63,64,66,68,69,70,76,77],
[1,3,5,10,15,16,21,37,44,46,58,59,61,63,64,66,68,69,70,76,77],
[1,3,5,8,10,14,15,16,21,37,44,58,61,63,64,67,68,69,70,76,77],
[1,3,5,10,14,15,16,21,40,44,46,50,61,64,66,67,68,69,70,76,77],
[1,3,5,10,12,14,16,21,37,40,44,46,61,63,64,66,67,68,69,70,76],
[1,3,5,10,12,14,16,21,37,40,44,46,61,63,64,66,68,69,70,76,77],
[1,3,5,10,13,14,16,21,37,40,44,46,61,64,66,67,68,69,70,76,77],
[1,3,5,7,10,15,16,21,37,44,46,58,59,61,63,64,66,67,68,69,76,77],
[1,3,5,10,15,16,21,37,44,46,58,59,61,63,64,67,68,69,70,76,77],
[1,3,5,7,10,15,16,21,37,41,44,46,58,59,61,63,66,67,68,69,70,76,77],
[1,3,5,10,15,16,37,44,46,58,59,61,63,64,66,67,68,69,70,76,77],
[3,5,10,12,14,15,16,21,37,40,44,46,61,63,64,66,67,68,69,70,76],
[3,5,10,12,14,15,16,21,37,40,44,46,61,62,63,64,66,68,69,70,76,77],
[3,5,10,14,15,16,21,37,40,44,46,61,64,66,67,68,69,70,73,76,77],
[1,3,5,10,13,14,15,16,21,22,37,46,50,58,61,63,64,66,67,68,69,76],
[1,3,5,10,13,14,15,16,21,37,46,50,58,61,63,64,67,68,69,70,76],
[1,3,5,10,13,14,15,16,21,37,46,50,58,63,64,66,67,68,69,70,76],
[1,3,5,10,13,14,15,16,37,46,50,58,61,63,64,66,67,68,69,70,76],
[1,3,5,10,13,14,16,21,37,46,50,60,61,63,64,66,67,68,69,70,76],
[1,3,5,10,13,15,16,21,37,46,50,58,61,63,64,66,67,68,69,70,76],
[1,3,5,10,13,14,15,16,21,37,40,46,50,61,63,64,66,67,68,70,77],
[1,3,5,10,13,14,16,21,37,40,46,50,61,63,64,66,67,68,70,76,77],
[1,3,5,10,13,15,16,21,37,46,50,58,61,63,64,66,67,68,70,76,77],
[1,3,5,10,13,14,15,16,21,22,37,46,50,61,62,63,64,66,68,69,76,77],
[1,3,5,10,13,14,15,16,21,37,46,50,58,63,64,66,68,69,70,76,77],
[1,3,5,10,13,15,16,21,37,46,50,58,61,63,64,66,68,69,70,76,77],
[1,3,5,10,14,15,16,20,21,37,46,50,61,63,64,66,68,69,70,76,77],
[1,5,10,13,14,15,16,21,37,46,50,58,61,63,64,66,68,69,70,76,77],
[1,3,5,10,12,13,14,16,21,37,40,46,61,63,64,66,67,68,69,70,76],
[1,3,5,13,14,16,21,37,40,46,50,61,63,64,66,67,68,69,70,76,77],
[1,3,5,7,10,13,15,16,21,37,46,58,61,63,64,66,67,68,69,76,77],
[1,3,5,10,13,15,21,37,46,50,58,61,63,64,66,67,68,69,70,76,77],
[3,5,10,13,15,16,21,37,46,50,58,61,63,64,66,67,68,69,70,76,77],
[1,3,5,13,14,15,16,21,37,45,46,50,61,63,64,67,68,69,70,76,77],
[1,5,10,13,14,15,16,21,37,44,45,46,58,61,63,64,66,68,69,76,77],
[1,5,10,13,14,15,16,21,37,44,45,46,58,61,63,64,68,69,70,76,77],
[1,5,10,13,14,15,16,21,37,41,44,45,46,58,61,63,66,68,69,70,76,77],
[1,5,10,13,14,15,16,37,44,45,46,58,61,63,64,66,68,69,70,76,77],
[1,5,10,14,15,16,21,37,44,46,50,58,61,63,64,66,68,69,70,76,77],
[1,5,10,12,13,14,16,21,37,40,44,46,61,63,64,66,67,68,69,70,76],
[1,5,13,14,16,21,37,40,41,44,45,46,61,63,64,66,67,68,69,70,76,77],
[2,3,7,9,17,19,25,29,37,60,63,65,66,67,69,70,72,73,74,76,77],
[2,3,7,17,19,25,29,37,40,48,60,63,65,66,67,69,70,72,74,76,77],
[2,3,9,13,17,19,25,29,37,48,60,63,65,66,67,69,70,72,74,76,77],
[3,7,9,13,17,19,25,29,37,48,60,63,65,66,67,69,70,72,74,76,77],
[2,3,7,17,19,20,25,40,42,47,48,60,63,65,66,69,72,74,75,76,77],
[2,3,7,17,19,20,25,40,47,48,57,60,63,65,66,69,72,74,75,76,77],
[2,7,12,17,19,20,25,26,37,47,48,60,63,65,66,69,72,74,75,76,77],
[2,3,7,9,17,19,25,37,43,57,58,60,63,65,66,67,69,70,72,74,75,77],
[2,3,7,17,19,20,25,40,47,48,57,60,63,66,67,69,72,74,75,76,77],
[2,3,14,17,19,20,25,37,47,48,57,60,63,66,67,69,72,74,75,76,77],
[2,7,17,19,20,25,37,47,48,53,57,60,63,66,67,69,72,74,75,76,77],
[2,3,7,12,17,21,25,37,48,57,60,63,65,66,67,69,72,74,75,76,77],
[2,3,9,17,19,25,29,37,47,48,57,60,63,65,66,67,70,72,75,76,77],
[2,3,9,17,19,25,29,37,43,47,48,57,60,63,65,67,70,72,74,75,76,77],
[2,3,9,17,19,25,37,47,48,57,60,63,67,68,69,70,72,74,75,76,77],
[2,3,9,17,19,25,37,57,58,60,63,65,66,67,69,70,72,74,75,76,77],
[2,3,9,17,19,25,43,47,48,57,60,63,65,66,67,69,70,74,75,76,77],
[2,3,9,17,19,25,43,47,48,57,60,63,65,67,69,70,72,74,75,76,77],
[2,7,14,19,20,25,26,29,37,45,47,60,63,67,69,70,72,73,74,76,77],
[2,9,14,19,20,25,26,29,37,45,47,60,63,67,69,70,72,73,74,76,77],
[3,7,9,19,20,25,26,29,43,47,58,60,63,67,69,70,72,73,74,75,76],
[2,7,9,19,26,29,37,43,44,47,48,58,60,67,69,72,73,74,75,76,77],
[2,7,19,26,29,37,43,44,47,48,58,60,63,67,69,72,73,74,75,76,77],
[2,3,9,14,19,20,25,26,29,37,47,60,63,67,69,70,72,73,74,76,77],
[2,7,9,17,19,20,25,37,45,47,58,63,66,67,69,70,71,72,73,74,75,76],
[2,7,17,19,20,25,37,47,57,58,60,63,66,67,69,70,72,74,75,76,77],
[2,3,7,9,17,19,20,25,37,47,58,63,66,67,69,70,71,72,73,74,75,77],
[2,9,17,25,26,37,43,47,57,58,60,63,67,68,70,72,73,74,75,76,77],
[3,10,12,14,15,16,17,26,28,37,43,44,46,47,48,59,61,63,68,69,70,75],
[3,12,14,15,16,17,28,37,43,44,46,47,48,59,61,64,67,68,69,70,75],
[3,12,14,15,16,17,28,37,43,44,47,48,59,61,63,67,68,69,70,72,75],
[3,12,14,15,16,17,37,43,44,46,47,48,59,61,63,64,67,68,69,70,75],
[12,14,15,16,17,26,28,37,43,44,46,47,48,59,61,63,67,68,69,70,75],
[3,12,14,15,16,17,37,43,44,46,47,48,61,63,64,66,67,68,69,70,75],
[3,12,15,16,17,37,43,44,46,47,48,59,61,63,64,66,67,68,69,70,75],
[3,10,12,14,15,16,28,34,37,39,44,46,47,48,59,61,63,66,68,70,75],
[3,6,12,14,15,16,28,34,37,39,44,46,47,48,59,61,66,67,68,70,75],
[3,10,12,14,15,16,28,34,37,39,44,46,47,48,61,63,66,67,68,70,75],
[1,3,12,14,15,28,37,39,44,46,47,48,59,61,63,66,67,68,70,75,76],
[3,12,14,15,16,28,37,41,44,45,46,47,48,59,61,63,66,67,70,72,76],
[3,8,12,14,15,16,26,28,37,44,46,48,59,61,63,67,68,69,70,75,76],
[1,3,8,12,14,15,26,28,37,44,46,48,59,61,63,67,68,69,70,75,76],
[3,6,12,14,16,17,28,37,44,46,47,48,59,61,62,64,66,67,68,69,75,76],
[1,3,5,10,13,14,15,16,21,37,40,44,46,50,61,64,66,67,68,70,77],
[3,5,10,14,15,16,21,37,40,44,46,50,61,64,66,67,68,70,73,76,77],
[1,3,5,10,12,15,16,21,37,41,44,46,59,61,63,66,68,69,70,76,77],
[1,5,10,12,14,15,16,21,37,41,44,46,59,61,62,63,66,68,69,70,76,77],
[1,3,5,8,10,14,15,16,21,37,44,58,61,64,67,68,69,70,73,76,77],
[1,3,5,8,10,11,13,14,15,16,21,37,58,61,63,64,67,68,69,70,73,76,77],
[1,3,5,8,14,15,16,21,37,44,58,59,61,63,64,67,68,69,70,76,77],
[1,3,5,8,10,12,14,16,21,37,40,44,46,61,63,64,66,67,69,70,76],
[1,3,10,15,16,21,37,43,44,46,58,59,61,63,64,67,68,69,70,76,77],
[1,3,5,10,13,14,15,21,37,46,50,58,61,63,64,67,68,69,70,73,76],
[3,5,10,13,14,15,16,21,37,46,50,58,61,63,64,67,68,69,70,73,76],
[1,3,5,8,10,13,14,15,16,37,46,58,61,63,64,66,67,68,69,70,76],
[1,3,5,10,13,15,16,21,37,41,46,50,58,61,63,66,67,68,70,76,77],
[1,3,5,10,13,14,15,16,20,21,37,46,50,58,63,64,66,68,69,70,77],
[1,3,5,10,13,14,15,20,21,37,46,50,58,63,64,66,68,69,70,76,77],
[3,5,10,14,15,16,20,21,37,46,50,61,62,63,64,66,68,69,70,76,77],
[2,3,7,19,20,25,29,37,40,48,60,63,65,66,67,69,70,72,74,76,77],
[2,3,9,13,14,17,19,25,29,37,48,60,63,65,66,67,69,70,72,76,77],
[2,3,9,13,19,23,25,29,37,48,60,63,65,66,67,69,70,72,74,76,77],
[3,7,9,13,18,19,23,25,29,37,48,55,60,63,65,66,67,69,70,72,74,76,77],
[2,3,7,17,19,20,25,29,40,42,47,48,60,63,65,66,69,72,75,76,77],
[2,3,7,17,19,20,25,40,47,48,57,60,63,65,66,67,69,72,74,75,76],
[2,7,12,17,19,20,25,26,37,47,48,60,63,65,66,69,70,72,74,76,77],
[2,3,7,12,17,21,25,37,40,48,57,60,63,65,66,67,69,72,74,75,76],
[2,3,7,12,17,21,25,37,40,48,57,60,63,65,66,67,69,72,74,76,77],
[3,7,9,17,19,25,37,57,58,60,63,65,66,67,69,70,72,74,75,76,77],
[2,3,9,14,19,20,23,25,26,29,37,47,60,63,67,69,70,72,74,76,77],
[2,7,17,19,20,25,37,57,58,60,63,65,66,67,69,70,72,74,75,76,77],
[3,8,12,14,15,16,17,28,37,43,44,47,48,59,61,63,67,69,70,72,75],
[3,12,14,15,16,17,26,28,37,43,44,47,48,59,61,63,68,69,70,72,75],
[3,12,14,15,16,37,43,44,46,47,48,59,61,63,64,67,68,69,70,72,75],
[1,3,8,10,12,14,15,26,28,37,44,46,59,61,63,67,68,69,70,75,76],
[1,3,5,10,13,14,15,16,21,27,37,40,44,46,50,61,64,66,68,70,77],
[1,3,5,8,14,15,16,21,37,44,57,58,59,61,63,64,67,68,69,70,77],
[1,3,5,8,14,16,21,37,44,57,58,59,61,63,64,67,68,69,70,76,77],
[3,8,12,14,15,16,37,43,44,46,47,48,59,61,63,64,67,69,70,72,75],
[1,3,5,10,11,13,14,15,16,21,22,37,50,61,62,63,64,66,68,76,77],
[2,3,9,13,19,26,27,29,37,42,43,46,47,48,60,65,68,70,73,74,77],
[2,6,12,14,17,19,30,37,39,44,47,48,53,56,57,60,64,66,67,68,75]];
