return [[1,2,3,4,5,6,7,8,11,13,14,19,21,24,26,27,34,36,40],
[1,2,3,4,5,6,7,8,11,13,14,20,21,24,26,27,34,36,40],
[1,2,3,4,5,6,7,8,11,13,14,20,21,26,27,29,34,36,39],
[1,2,3,4,5,6,7,8,11,13,14,20,21,26,27,34,36,39,40],
[1,2,3,4,5,6,7,8,11,13,14,20,26,27,29,34,36,39,40],
[1,2,3,4,5,6,7,8,11,13,16,20,21,22,24,27,28,29,34],
[1,2,3,4,5,6,7,8,11,13,16,20,21,22,24,27,28,34,40],
[1,2,3,4,5,6,7,8,11,13,19,21,22,24,27,28,29,34,36],
[1,2,3,4,5,6,7,8,11,14,16,19,20,21,24,27,28,34,40],
[1,2,3,4,5,6,7,8,11,14,16,19,20,21,24,28,34,35,40],
[1,2,3,4,5,6,7,8,11,14,16,19,21,24,27,28,34,35,40],
[1,2,3,4,5,6,7,8,11,14,16,19,24,27,28,29,34,35,40],
[1,2,3,4,5,6,7,8,11,14,19,20,21,24,28,29,34,35,36],
[1,2,3,4,5,6,7,8,11,14,19,20,21,24,28,34,35,36,40],
[1,2,3,4,5,6,7,8,11,14,19,20,21,26,27,29,34,36,39],
[1,2,3,4,5,6,7,8,11,14,19,20,21,27,28,29,34,36,39],
[1,2,3,4,5,6,7,8,11,14,19,20,21,28,29,34,35,36,39],
[1,2,3,4,5,6,7,8,11,14,19,21,24,27,28,29,34,35,36],
[1,2,3,4,5,6,7,8,11,14,19,21,24,27,28,29,35,36,40],
[1,2,3,4,5,6,7,8,11,14,19,21,24,27,28,34,35,36,40],
[1,2,3,4,5,6,7,8,11,14,19,21,27,28,29,34,35,36,39],
[1,2,3,4,5,6,7,8,11,14,19,21,27,28,29,35,36,39,40],
[1,2,3,4,5,6,7,8,11,14,19,24,27,28,29,34,35,36,40],
[1,2,3,4,5,6,7,8,11,16,19,20,21,22,24,27,28,34,40],
[1,2,3,4,5,6,7,8,13,14,20,21,26,27,29,34,36,39,40],
[1,2,3,4,5,6,7,8,13,16,20,21,22,24,27,28,29,34,40],
[1,2,3,4,5,6,7,8,14,19,20,21,24,28,29,34,35,36,40],
[1,2,3,4,5,6,7,8,14,19,21,24,27,28,29,34,35,36,40],
[1,2,3,4,5,6,7,8,16,19,20,21,22,24,27,28,29,34,40],
[1,2,3,4,5,6,7,11,13,14,19,20,21,24,26,27,34,36,40],
[1,2,3,4,5,6,7,11,13,14,19,20,21,24,27,29,34,36,40],
[1,2,3,4,5,6,7,11,13,14,19,20,21,26,27,29,34,36,40],
[1,2,3,4,5,6,7,11,13,14,20,21,26,27,29,34,36,39,40],
[1,2,3,4,5,6,7,11,13,16,20,21,22,24,27,28,29,34,40],
[1,2,3,4,5,6,7,11,13,19,20,21,22,24,27,28,29,34,36],
[1,2,3,4,5,6,7,11,13,19,20,21,22,24,27,28,29,34,40],
[1,2,3,4,5,6,7,11,13,19,20,21,24,27,28,29,34,36,40],
[1,2,3,4,5,6,7,11,14,16,19,20,21,24,27,28,34,35,40],
[1,2,3,4,5,6,7,11,14,16,19,20,24,27,28,29,34,35,40],
[1,2,3,4,5,6,7,11,14,19,20,21,24,27,28,29,34,35,40],
[1,2,3,4,5,6,7,11,14,19,20,21,24,27,28,29,34,36,40],
[1,2,3,4,5,6,7,11,14,19,20,21,24,28,29,34,35,36,40],
[1,2,3,4,5,6,7,11,14,19,20,21,26,27,29,34,36,39,40],
[1,2,3,4,5,6,7,11,14,19,20,21,27,28,29,34,35,36,39],
[1,2,3,4,5,6,7,11,14,19,20,21,27,28,29,34,35,36,40],
[1,2,3,4,5,6,7,11,14,19,20,21,27,28,29,35,36,39,40],
[1,2,3,4,5,6,7,11,14,19,20,21,27,29,34,35,36,39,40],
[1,2,3,4,5,6,7,11,14,19,21,24,27,28,29,34,35,36,40],
[1,2,3,4,5,6,7,11,16,19,20,21,22,24,27,28,29,34,40],
[1,2,3,4,5,6,7,11,16,19,20,21,24,27,28,29,34,35,40],
[1,2,3,4,5,6,8,9,11,14,16,17,24,27,28,34,35,36,40],
[1,2,3,4,5,6,8,9,11,14,16,22,24,27,28,29,34,35,39],
[1,2,3,4,5,6,8,9,11,14,16,22,24,27,28,29,34,36,39],
[1,2,3,4,5,6,8,9,11,14,16,22,24,28,29,34,35,36,39],
[1,2,3,4,5,6,8,9,11,14,16,24,27,28,29,34,35,36,39],
[1,2,3,4,5,6,8,9,11,14,19,21,22,24,25,26,27,39,40],
[1,2,3,4,5,6,8,9,11,14,19,21,22,24,25,27,34,35,39],
[1,2,3,4,5,6,8,9,11,14,19,21,22,24,25,27,35,39,40],
[1,2,3,4,5,6,8,9,11,14,19,21,22,24,27,28,35,39,40],
[1,2,3,4,5,6,8,9,11,14,19,21,22,26,27,28,36,39,40],
[1,2,3,4,5,6,8,9,11,14,19,21,24,27,28,35,36,39,40],
[1,2,3,4,5,6,8,9,11,16,17,21,22,24,27,28,35,39,40],
[1,2,3,4,5,6,8,9,14,16,17,19,22,24,27,28,34,37,40],
[1,2,3,4,5,6,8,9,14,16,19,22,24,27,28,29,34,35,40],
[1,2,3,4,5,6,8,9,14,16,19,22,24,27,28,29,34,37,40],
[1,2,3,4,5,6,8,9,14,16,27,28,29,34,35,36,37,39,40],
[1,2,3,4,5,6,8,9,14,17,19,22,24,27,28,34,36,37,40],
[1,2,3,4,5,6,8,9,14,19,20,21,22,24,28,29,34,36,39],
[1,2,3,4,5,6,8,9,14,19,20,21,22,24,28,29,36,39,40],
[1,2,3,4,5,6,8,9,14,19,20,21,22,24,29,34,36,39,40],
[1,2,3,4,5,6,8,9,14,19,21,22,24,25,27,34,35,39,40],
[1,2,3,4,5,6,8,9,14,19,21,22,24,27,28,29,35,39,40],
[1,2,3,4,5,6,8,9,14,19,21,22,24,27,29,34,35,39,40],
[1,2,3,4,5,6,8,9,14,19,21,22,24,27,29,34,38,39,40],
[1,2,3,4,5,6,8,9,14,19,21,22,24,28,29,30,35,39,40],
[1,2,3,4,5,6,8,9,14,19,21,22,24,29,30,34,35,39,40],
[1,2,3,4,5,6,8,9,14,19,21,22,27,28,29,30,35,39,40],
[1,2,3,4,5,6,8,9,14,19,21,24,27,28,29,34,35,36,40],
[1,2,3,4,5,6,8,9,14,19,21,24,27,28,29,35,36,39,40],
[1,2,3,4,5,6,8,9,14,19,22,24,27,28,29,34,36,37,40],
[1,2,3,4,5,6,8,9,14,20,21,22,24,28,29,30,34,39,40],
[1,2,3,4,5,6,8,9,14,20,21,22,24,28,29,31,34,36,39],
[1,2,3,4,5,6,8,9,14,20,21,22,24,28,29,31,36,39,40],
[1,2,3,4,5,6,8,9,14,20,21,22,24,29,31,34,36,39,40],
[1,2,3,4,5,6,8,9,16,17,19,22,24,27,28,29,34,35,40],
[1,2,3,4,5,6,8,9,16,17,19,22,24,27,28,29,34,37,40],
[1,2,3,4,5,6,8,9,16,17,19,22,27,28,29,34,35,37,40],
[1,2,3,4,5,6,8,9,16,17,22,24,27,28,29,34,36,37,40],
[1,2,3,4,5,6,8,9,17,19,21,22,26,27,28,36,37,39,40],
[1,2,3,4,5,6,8,9,17,19,21,22,26,27,34,36,37,39,40],
[1,2,3,4,5,6,8,9,17,19,22,24,27,28,29,34,36,37,40],
[1,2,3,4,5,6,8,10,11,12,13,16,20,22,24,29,34,36,39],
[1,2,3,4,5,6,8,10,11,12,16,20,22,24,29,34,35,36,39],
[1,2,3,4,5,6,8,10,11,13,14,16,20,22,24,26,34,36,39],
[1,2,3,4,5,6,8,10,11,13,14,16,20,22,24,26,36,39,40],
[1,2,3,4,5,6,8,10,11,13,14,16,20,22,24,29,34,36,39],
[1,2,3,4,5,6,8,10,11,13,14,16,20,22,26,29,34,36,39],
[1,2,3,4,5,6,8,10,11,13,14,16,20,24,26,34,36,39,40],
[1,2,3,4,5,6,8,10,11,13,14,20,22,24,26,29,34,36,39],
[1,2,3,4,5,6,8,10,11,14,16,19,20,22,24,28,29,34,35],
[1,2,3,4,5,6,8,10,11,14,16,19,22,24,28,29,34,35,36],
[1,2,3,4,5,6,8,10,11,14,16,19,22,26,27,28,37,39,40],
[1,2,3,4,5,6,8,10,11,14,16,20,22,24,28,29,34,35,39],
[1,2,3,4,5,6,8,10,11,14,16,20,22,24,28,29,34,36,39],
[1,2,3,4,5,6,8,10,11,14,16,20,22,26,29,34,36,37,39],
[1,2,3,4,5,6,8,10,11,14,16,20,22,28,29,34,36,37,39],
[1,2,3,4,5,6,8,10,11,14,16,20,24,28,29,34,35,36,39],
[1,2,3,4,5,6,8,10,11,14,16,22,24,28,29,34,35,36,39],
[1,2,3,4,5,6,8,10,11,16,20,22,24,28,29,34,35,36,39],
[1,2,3,4,5,6,8,10,11,19,20,21,22,24,28,29,35,36,39],
[1,2,3,4,5,6,8,10,11,19,21,22,24,28,29,35,36,39,40],
[1,2,3,4,5,6,8,10,12,13,16,20,22,24,29,34,36,39,40],
[1,2,3,4,5,6,8,10,12,13,20,22,24,26,29,34,36,39,40],
[1,2,3,4,5,6,8,10,14,16,20,22,26,29,34,36,37,39,40],
[1,2,3,4,5,6,8,10,14,19,20,22,26,28,29,36,37,39,40],
[1,2,3,4,5,6,8,11,12,13,16,20,21,22,24,34,36,39,40],
[1,2,3,4,5,6,8,11,12,13,16,20,21,24,34,35,36,39,40],
[1,2,3,4,5,6,8,11,13,14,19,21,24,26,27,34,36,38,40],
[1,2,3,4,5,6,8,11,13,14,20,21,22,24,26,34,36,38,39],
[1,2,3,4,5,6,8,11,13,14,20,21,22,24,29,34,36,38,39],
[1,2,3,4,5,6,8,11,13,14,20,22,24,26,29,34,36,38,39],
[1,2,3,4,5,6,8,11,13,14,21,22,24,26,27,34,36,38,39],
[1,2,3,4,5,6,8,11,13,14,21,22,24,27,29,34,36,38,39],
[1,2,3,4,5,6,8,11,13,16,17,21,22,24,27,28,35,39,40],
[1,2,3,4,5,6,8,11,13,16,20,21,22,24,27,28,29,34,39],
[1,2,3,4,5,6,8,11,13,16,21,22,24,27,28,29,35,39,40],
[1,2,3,4,5,6,8,11,14,16,20,22,27,28,29,34,36,37,39],
[1,2,3,4,5,6,8,11,14,17,19,21,24,26,27,28,34,36,40],
[1,2,3,4,5,6,8,11,14,19,20,21,22,24,26,28,31,34,36],
[1,2,3,4,5,6,8,11,14,19,20,21,22,24,26,34,36,38,39],
[1,2,3,4,5,6,8,11,14,19,20,21,22,24,29,34,36,38,39],
[1,2,3,4,5,6,8,11,14,19,20,21,22,26,29,34,36,38,39],
[1,2,3,4,5,6,8,12,13,16,20,21,22,24,29,34,36,39,40],
[1,2,3,4,5,6,8,12,13,16,20,21,24,29,34,35,36,39,40],
[1,2,3,4,5,6,8,12,13,16,21,22,24,29,34,35,36,39,40],
[1,2,3,4,5,6,8,13,14,16,20,22,26,27,29,34,37,39,40],
[1,2,3,4,5,6,8,13,14,16,20,22,26,29,34,36,37,39,40],
[1,2,3,4,5,6,8,13,14,19,21,24,26,27,29,34,36,38,40],
[1,2,3,4,5,6,8,13,14,20,21,22,24,26,29,34,36,38,39],
[1,2,3,4,5,6,8,13,16,20,21,22,24,28,29,34,36,39,40],
[1,2,3,4,5,6,8,13,19,20,21,22,24,26,29,31,34,36,40],
[1,2,3,4,5,6,8,14,16,19,20,22,24,27,28,29,30,34,40],
[1,2,3,4,5,6,8,14,16,19,22,24,27,28,29,30,34,35,40],
[1,2,3,4,5,6,8,14,16,20,21,27,28,29,30,34,35,39,40],
[1,2,3,4,5,6,8,14,19,20,21,22,24,26,29,34,36,38,39],
[1,2,3,4,5,6,8,14,19,20,21,22,24,27,28,29,30,34,40],
[1,2,3,4,5,6,8,16,19,20,21,22,24,27,28,29,30,34,40],
[1,2,3,4,5,6,8,16,19,20,21,22,24,28,29,30,34,35,40],
[1,2,3,4,5,6,8,16,19,21,22,24,27,28,29,30,34,35,40],
[1,2,3,4,5,6,8,16,20,21,22,24,28,29,30,34,35,39,40],
[1,2,3,4,5,6,9,11,12,19,21,22,24,28,29,35,36,39,40],
[1,2,3,4,5,6,9,11,12,19,22,24,28,29,35,36,37,39,40],
[1,2,3,4,5,6,9,11,14,16,17,19,22,24,27,28,34,37,40],
[1,2,3,4,5,6,9,11,14,16,17,19,24,27,28,34,35,37,40],
[1,2,3,4,5,6,9,11,14,16,22,24,28,29,34,35,36,37,39],
[1,2,3,4,5,6,9,11,14,18,20,22,24,28,29,34,36,37,39],
[1,2,3,4,5,6,9,11,16,17,19,22,24,27,28,34,35,37,40],
[1,2,3,4,5,6,10,11,12,14,19,20,22,24,26,29,34,36,39],
[1,2,3,4,5,6,10,11,12,14,19,20,22,24,26,29,36,39,40],
[1,2,3,4,5,6,10,11,12,14,19,20,22,24,29,36,37,39,40],
[1,2,3,4,5,6,10,11,12,14,19,20,22,26,29,34,36,37,39],
[1,2,3,4,5,6,10,11,12,14,19,20,22,26,29,36,37,39,40],
[1,2,3,4,5,6,10,11,12,16,20,22,24,28,29,36,37,39,40],
[1,2,3,4,5,6,10,11,12,19,20,21,22,24,28,29,35,36,39],
[1,2,3,4,5,6,10,11,12,19,20,21,22,24,28,29,35,39,40],
[1,2,3,4,5,6,10,11,12,19,20,21,22,24,28,29,36,39,40],
[1,2,3,4,5,6,10,11,12,19,20,21,24,28,29,35,36,39,40],
[1,2,3,4,5,6,10,11,12,19,20,22,24,28,29,36,37,39,40],
[1,2,3,4,5,6,10,11,12,19,21,22,24,28,29,35,36,39,40],
[1,2,3,4,5,6,10,11,14,16,20,22,24,28,29,36,37,39,40],
[1,2,3,4,5,6,10,11,14,19,20,22,24,28,29,36,37,39,40],
[1,2,3,4,5,6,11,13,14,16,20,22,26,27,29,34,37,39,40],
[1,2,3,4,5,6,11,14,16,20,22,24,28,29,33,36,37,39,40],
[1,2,3,4,5,7,8,10,11,13,14,16,20,22,24,28,29,34,35],
[1,2,3,4,5,7,8,10,11,13,14,16,20,22,27,28,29,34,35],
[1,2,3,4,5,7,8,10,11,13,14,16,20,24,28,29,34,35,36],
[1,2,3,4,5,7,8,10,11,13,14,16,22,24,27,28,29,34,35],
[1,2,3,4,5,7,8,10,11,13,14,19,26,27,29,34,35,36,40],
[1,2,3,4,5,7,8,10,11,14,16,19,22,24,27,28,29,34,35],
[1,2,3,4,5,7,8,10,13,14,16,20,24,28,29,34,35,36,40],
[1,2,3,4,5,7,8,10,13,14,19,20,26,29,34,35,36,37,40],
[1,2,3,4,5,7,8,11,13,14,16,20,22,24,27,28,29,34,35],
[1,2,3,4,5,7,8,11,13,14,19,21,24,26,27,31,34,36,40],
[1,2,3,4,5,7,8,13,14,19,20,21,24,29,31,34,35,36,40],
[1,2,3,4,5,7,8,13,14,19,21,24,27,28,29,31,35,36,40],
[1,2,3,4,5,7,8,13,14,19,21,24,27,29,31,34,35,36,40],
[1,2,3,4,5,7,8,13,14,19,24,27,28,29,31,34,35,36,40],
[1,2,3,4,5,7,8,13,14,20,21,24,27,28,29,31,34,35,40],
[1,2,3,4,5,7,8,13,14,20,21,24,28,29,31,34,35,36,40],
[1,2,3,4,5,7,8,13,14,21,24,27,28,29,31,34,35,36,40],
[1,2,3,4,5,7,8,13,19,20,21,24,28,29,31,34,35,36,40],
[1,2,3,4,5,7,8,13,19,20,21,28,29,31,34,35,36,37,40],
[1,2,3,4,5,7,8,13,19,21,24,27,28,29,31,34,35,36,40],
[1,2,3,4,5,7,8,14,19,20,21,24,28,29,31,34,35,36,40],
[1,2,3,4,5,7,8,14,19,21,24,27,28,29,31,34,35,36,40],
[1,2,3,4,5,7,10,11,13,14,19,20,24,29,34,35,36,37,40],
[1,2,3,4,5,7,10,11,13,14,19,20,26,29,34,35,36,37,40],
[1,2,3,4,5,7,10,11,13,14,19,26,27,29,34,35,36,37,40],
[1,2,3,4,5,7,10,11,13,19,20,21,22,23,24,28,29,35,40],
[1,2,3,4,5,7,10,11,13,19,20,21,22,23,27,28,29,35,40],
[1,2,3,4,5,7,10,11,13,19,20,21,23,24,28,29,35,36,40],
[1,2,3,4,5,7,10,11,14,19,20,21,23,24,28,29,35,36,40],
[1,2,3,4,5,7,11,13,14,19,20,21,24,26,27,31,34,36,40],
[1,2,3,4,5,7,11,13,14,19,20,21,26,27,31,34,36,37,40],
[1,2,3,4,5,7,11,13,14,19,20,21,26,27,34,35,36,37,40],
[1,2,3,4,5,7,11,13,14,20,21,22,23,24,27,28,29,31,34],
[1,2,3,4,5,7,11,13,19,20,21,22,23,24,27,28,29,31,34],
[1,2,3,4,5,7,11,13,19,20,21,22,23,24,27,28,29,34,35],
[1,2,3,4,5,7,11,13,19,20,21,22,23,24,27,28,29,35,40],
[1,2,3,4,5,7,11,14,19,20,21,22,23,24,27,28,29,31,34],
[1,2,3,4,5,8,9,11,13,14,22,24,25,32,34,35,36,37,39],
[1,2,3,4,5,8,9,13,14,19,21,24,26,27,31,34,36,38,40],
[1,2,3,4,5,8,9,13,14,19,22,26,27,29,31,34,36,37,38],
[1,2,3,4,5,8,9,13,14,19,24,27,29,31,34,35,36,37,40],
[1,2,3,4,5,8,9,13,17,19,21,22,24,26,27,31,34,36,40],
[1,2,3,4,5,8,9,13,17,19,21,22,24,26,31,34,36,37,40],
[1,2,3,4,5,8,9,13,17,19,21,22,26,27,31,34,36,37,40],
[1,2,3,4,5,8,9,13,17,19,22,24,26,27,31,34,36,37,40],
[1,2,3,4,5,8,9,13,21,22,24,28,29,31,32,34,35,36,37],
[1,2,3,4,5,8,9,13,21,22,24,28,29,32,34,35,36,37,39],
[1,2,3,4,5,8,9,14,16,17,19,22,24,27,28,34,35,37,40],
[1,2,3,4,5,8,9,14,16,17,22,24,25,27,28,34,35,37,40],
[1,2,3,4,5,8,9,14,16,19,22,24,27,28,29,34,35,37,40],
[1,2,3,4,5,8,9,14,19,21,24,27,28,29,31,34,35,36,40],
[1,2,3,4,5,8,9,14,19,24,27,28,29,31,34,35,36,37,40],
[1,2,3,4,5,8,9,16,17,19,22,24,27,28,29,34,35,37,40],
[1,2,3,4,5,8,10,11,13,14,16,20,22,26,27,29,34,37,39],
[1,2,3,4,5,8,10,11,13,14,16,20,22,27,29,34,35,37,39],
[1,2,3,4,5,8,10,11,13,20,21,22,24,29,34,35,36,38,39],
[1,2,3,4,5,8,10,11,14,16,19,22,26,27,30,34,35,37,39],
[1,2,3,4,5,8,10,14,16,19,22,27,28,29,30,35,37,39,40],
[1,2,3,4,5,8,10,14,19,22,23,27,28,29,30,35,37,39,40],
[1,2,3,4,5,9,11,14,17,19,21,24,27,28,34,35,36,37,40],
[1,2,3,4,5,10,11,13,14,20,23,24,28,29,35,36,37,39,40],
[1,2,3,4,5,10,11,14,19,20,21,22,23,24,28,31,32,36,37],
[1,2,3,4,5,10,11,14,19,20,23,24,28,29,35,36,37,39,40],
[1,2,3,4,5,11,13,14,16,22,23,24,25,27,28,35,37,39,40],
[1,2,3,4,5,11,13,14,16,22,23,24,25,27,29,34,35,37,39],
[1,2,3,4,5,11,13,14,16,22,23,24,25,27,29,35,37,39,40],
[1,2,3,4,5,11,13,14,18,20,21,27,28,29,34,35,36,37,39],
[1,2,3,4,5,11,13,14,18,20,21,27,28,34,35,36,37,39,40],
[1,2,3,4,5,11,13,14,19,21,25,26,27,34,35,36,37,39,40],
[1,2,3,4,5,11,13,14,20,21,23,25,26,27,34,35,37,39,40],
[1,2,3,4,5,11,13,16,21,22,23,24,25,27,28,35,37,39,40],
[1,2,3,4,5,11,13,19,20,21,22,23,24,27,28,29,31,34,37],
[1,2,3,4,5,11,14,18,20,21,27,28,29,34,35,36,37,39,40],
[1,2,3,4,6,7,8,14,19,21,24,27,28,29,30,31,34,35,40],
[1,2,3,4,6,7,8,14,19,21,24,27,28,29,31,34,35,36,40],
[1,2,3,4,6,8,9,10,14,19,22,27,28,29,30,31,37,39,40],
[1,2,3,4,6,8,9,14,19,21,24,27,28,29,30,31,34,35,40],
[1,2,3,4,6,8,9,14,19,21,24,27,28,29,31,34,35,36,40],
[1,2,4,5,6,7,11,14,17,18,19,21,24,27,28,34,35,36,38],
[1,2,3,4,5,6,7,8,11,14,16,19,20,21,27,28,30,34,35,40],
[1,2,3,4,5,6,7,8,11,14,19,20,21,27,28,29,30,34,35,39],
[1,2,3,4,5,6,7,8,14,19,20,21,24,27,28,29,31,34,36,40],
[1,2,3,4,5,6,8,9,11,14,16,17,27,28,34,35,36,37,39,40],
[1,2,3,4,5,6,8,9,11,14,16,21,22,24,25,27,28,35,39,40],
[1,2,3,4,5,6,8,9,11,14,16,22,27,28,29,34,35,36,37,39],
[1,2,3,4,5,6,8,9,11,14,17,19,21,24,27,28,34,35,36,40],
[1,2,3,4,5,6,8,9,11,14,17,19,22,26,27,28,36,37,39,40],
[1,2,3,4,5,6,8,9,11,17,19,21,22,24,27,28,35,36,39,40],
[1,2,3,4,5,6,8,9,14,19,20,21,22,24,28,29,31,34,36,40],
[1,2,3,4,5,6,8,9,14,19,21,22,24,25,26,27,34,38,39,40],
[1,2,3,4,5,6,8,9,14,19,21,22,24,27,28,29,30,34,35,40],
[1,2,3,4,5,6,8,9,14,19,21,24,27,29,34,35,36,38,39,40],
[1,2,3,4,5,6,8,9,16,17,19,22,24,28,29,34,35,36,37,40],
[1,2,3,4,5,6,8,10,11,12,13,19,21,22,24,29,35,36,39,40],
[1,2,3,4,5,6,8,10,11,12,19,20,21,22,24,29,34,35,36,39],
[1,2,3,4,5,6,8,10,11,14,19,20,22,24,26,29,34,36,38,39],
[1,2,3,4,5,6,8,10,11,14,19,20,22,24,28,29,34,35,36,39],
[1,2,3,4,5,6,8,10,11,14,19,20,22,26,28,29,34,36,37,39],
[1,2,3,4,5,6,8,10,12,14,19,20,22,24,26,29,34,36,39,40],
[1,2,3,4,5,6,8,10,12,19,20,21,22,24,28,29,35,36,39,40],
[1,2,3,4,5,6,8,10,13,14,16,20,22,24,26,29,34,36,39,40],
[1,2,3,4,5,6,8,11,13,14,16,20,22,26,27,29,34,36,37,39],
[1,2,3,4,5,6,8,11,13,14,20,21,22,26,27,29,34,36,38,39],
[1,2,3,4,5,6,8,12,16,20,21,22,24,28,29,34,35,36,39,40],
[1,2,3,4,5,6,10,11,12,16,19,22,24,28,29,35,36,37,39,40],
[1,2,3,4,5,7,8,10,13,19,20,21,22,23,27,28,29,30,35,40],
[1,2,3,4,5,7,10,11,13,14,16,20,24,28,29,34,35,36,37,40],
[1,2,3,4,5,8,9,11,13,14,21,22,24,25,32,34,35,36,38,39],
[1,2,3,4,5,8,9,11,13,17,21,22,24,25,32,34,35,36,37,39],
[1,2,3,4,5,8,9,11,13,17,21,22,24,28,32,34,35,36,37,39],
[1,2,3,4,5,8,9,13,14,19,21,24,27,29,31,34,35,36,38,40],
[1,2,3,4,5,8,9,13,14,19,22,24,27,29,31,34,35,36,37,38],
[1,2,3,4,5,10,11,13,14,16,22,23,24,27,28,29,35,37,39,40],
[1,2,3,4,5,10,11,14,19,20,21,22,23,24,28,32,35,36,37,39],
[1,2,3,4,6,8,9,10,14,19,27,28,29,30,31,35,36,37,39,40],
[1,2,3,4,6,8,10,11,13,16,17,21,22,24,25,27,28,35,39,40],
[1,2,3,4,5,6,7,8,10,11,14,16,19,20,24,28,29,34,35,36,40],
[1,2,3,4,5,6,7,8,10,11,14,19,20,21,24,28,29,35,36,39,40],
[1,2,3,4,5,6,7,8,11,13,14,19,21,24,27,29,34,35,36,38,40],
[1,2,3,4,5,6,7,8,11,13,17,19,21,24,27,28,29,34,35,36,40],
[1,2,3,4,5,6,7,8,11,14,19,20,21,22,24,27,28,29,31,34,36],
[1,2,3,4,5,6,7,8,11,14,19,20,21,24,26,27,28,31,34,36,40],
[1,2,3,4,5,6,8,9,14,16,17,19,24,27,28,29,34,35,36,37,40],
[1,2,3,4,5,7,8,10,13,14,19,20,24,28,29,31,34,35,36,37,40],
[1,2,3,4,6,7,8,10,14,19,20,21,24,28,29,30,31,34,35,36,40],
[1,2,3,4,5,6,7,8,11,13,14,19,21,26,27,29,34,35,36,38,39,40],
[1,2,3,4,5,6,7,8,11,13,16,17,19,21,22,24,27,28,29,34,35,40],
[1,2,3,4,5,6,8,9,11,14,16,17,19,22,24,27,28,29,34,35,36,37],
[1,2,3,4,5,6,8,9,11,14,19,21,22,24,27,28,29,34,35,36,38,39],
[1,2,3,4,5,8,9,13,17,19,21,22,24,27,28,29,31,34,35,36,37,40],
[1,2,3,4,5,10,11,12,13,19,20,21,22,23,24,28,29,35,36,37,39,40],
[1,2,3,4,5,6,7,8,11,13,14,19,20,21,22,24,26,27,29,31,34,36,38],
[1,2,3,4,5,6,7,8,11,13,17,19,20,21,22,24,26,27,28,31,34,36,40],
[1,2,3,4,5,6,7,8,11,13,14,16,18,20,21,24,27,28,29,34,35,36,39,40],
[1,2,3,4,5,7,11,13,14,18,19,20,21,23,24,27,28,29,31,34,35,36,37,40],
[1,2,4,5,6,7,8,9,14,17,18,19,21,24,27,28,29,30,31,34,35,36,38,40],
[1,2,3,4,5,6,7,8,10,11,12,13,14,19,20,21,24,26,29,34,35,36,38,39,40],
[1,2,3,4,5,6,7,8,10,11,12,13,16,17,19,20,21,22,24,28,29,34,35,36,40],
[1,2,3,4,5,6,8,9,10,11,14,16,17,19,22,24,27,28,29,33,35,36,37,39,40],
[1,2,3,4,5,6,7,8,10,11,13,14,16,17,19,20,22,24,26,27,28,29,31,33,34,36,37,40],
[1,2,3,4,5,6,7,8,10,11,13,14,19,20,21,22,23,24,26,27,28,29,31,33,36,38,39,40],
[1,2,3,4,5,6,7,8,10,11,12,13,14,16,19,20,21,22,23,24,25,26,27,29,30,34,35,38,39,40],
[1,2,3,4,5,6,7,8,10,11,12,13,15,16,17,19,20,21,22,26,27,28,29,30,34,35,36,37,39,40],
[1,2,3,4,5,6,8,9,10,11,12,13,14,16,17,19,22,24,25,26,27,29,33,34,35,36,37,38,39,40]];
