return [[5,6,7,9,10,11,12,13,14,20,25,28,29,31,32,33,34,35,38,39,40,42,43],
[5,6,7,9,10,11,12,14,20,25,28,29,31,32,33,34,35,36,38,40,42,43],
[5,6,7,9,10,11,12,13,14,20,25,28,29,31,33,34,35,36,38,40,42,43],
[5,6,7,9,10,11,12,13,14,20,28,29,31,32,33,34,35,36,38,40,42,43],
[5,6,7,9,10,11,12,13,14,20,25,26,28,29,31,34,35,36,38,40,42,43],
[5,6,7,9,10,11,12,13,14,20,25,26,28,29,31,33,35,36,38,40,42,43],
[5,6,7,9,10,11,12,13,14,20,25,28,29,31,32,33,34,35,36,38,39,42,43],
[1,6,9,10,11,12,13,14,20,25,28,29,31,32,33,34,35,36,38,39,40,43],
[5,6,7,9,10,11,12,13,14,20,25,28,29,31,32,33,34,35,36,38,39,40],
[5,6,7,9,11,12,13,14,20,25,28,29,31,32,33,34,35,36,38,39,40,43],
[5,6,7,9,10,11,12,14,20,25,28,29,31,32,33,34,35,36,38,39,40,43],
[5,6,7,9,10,11,12,13,14,20,25,28,29,31,33,34,35,36,38,39,40,43],
[5,6,7,9,10,11,13,14,20,25,28,29,31,32,33,34,35,36,38,39,40,43],
[5,6,7,9,10,11,12,13,14,20,28,29,31,32,33,34,35,36,38,39,40,43],
[5,6,9,10,11,12,13,14,20,25,28,29,31,32,33,34,35,36,38,39,40,43],
[1,5,6,7,8,9,10,11,12,13,14,20,22,25,26,28,29,31,32,33,34,35,36,38,40,41,42],
[4,5,6,7,9,10,11,12,13,14,16,17,20,22,23,25,27,28,29,30,31,32,33,34,36,38,39,40,41,42,43],
[5,6,7,9,10,11,12,13,14,20,25,26,28,29,33,34,35,36,38,40,42,43],
[5,6,7,9,10,11,12,13,14,20,25,26,28,30,31,33,34,35,36,38,40,42,43],
[5,6,7,9,10,11,12,13,14,18,20,25,26,29,30,31,33,34,35,36,38,40,42,43],
[5,6,7,9,10,11,13,14,20,22,25,26,28,29,31,33,34,35,36,38,40,42,43],
[1,2,3,4,5,6,7,8,9,10,12,13,14,15,16,17,18,19,20,21,22,23,24,25,26,27,28,29,30,31,32,33,34,35,36,37,38,39,40,41,42,43],
[1,5,6,7,8,9,11,12,13,14,16,18,19,20,22,25,26,27,28,29,31,32,33,34,35,36,38,40,41,42,43],
[5,6,7,10,11,12,13,14,16,17,20,22,25,28,29,30,31,32,33,34,35,36,38,39,40,42,43],
[1,5,6,9,10,11,12,13,14,20,22,25,26,28,29,31,33,34,35,36,38,40,42,43],
[5,7,9,10,11,12,13,14,16,17,20,25,28,29,31,32,33,34,35,36,38,39,40,42,43],
[5,6,7,9,10,11,12,13,14,20,28,29,31,32,33,34,35,36,40,41,42,43],
[5,6,7,9,10,11,12,13,14,20,28,29,31,32,33,35,36,38,40,41,42,43],
[5,6,7,9,10,11,12,13,14,20,26,28,29,31,32,34,35,36,38,40,41,42,43],
[5,6,7,9,10,11,12,13,14,20,26,28,29,32,33,34,35,36,38,40,41,42,43],
[5,6,7,9,10,11,12,13,14,20,28,31,32,33,34,35,36,38,40,41,42,43],
[5,6,7,9,10,11,12,13,14,20,29,31,32,33,34,35,36,38,40,41,42,43],
[5,6,7,9,10,11,12,13,20,28,29,31,32,33,34,35,36,38,40,41,42,43],
[1,5,6,9,10,11,12,13,14,20,22,26,28,29,31,32,33,34,35,36,38,40,41,42,43],
[6,7,9,10,11,12,13,14,20,28,29,31,32,33,34,35,36,38,40,41,42,43],
[5,6,7,9,10,11,12,13,14,17,20,25,26,28,29,31,34,35,36,38,39,40,43],
[5,6,7,9,10,11,12,13,14,17,20,25,26,28,29,31,34,35,36,38,42,43],
[5,6,7,9,10,11,12,13,14,17,20,25,26,28,29,31,34,35,38,40,42,43],
[5,6,7,9,10,11,12,13,14,17,25,26,28,29,31,34,35,36,38,40,42,43],
[5,6,7,9,10,11,12,14,17,20,25,26,28,29,31,32,34,35,36,38,40,42,43],
[5,6,7,10,11,12,13,14,17,20,22,25,26,28,29,30,31,34,35,36,38,40,42,43],
[5,7,9,10,11,12,13,14,17,20,25,26,28,29,31,34,35,36,38,40,42,43],
[1,6,7,9,10,11,12,13,14,20,25,28,29,31,32,33,34,35,36,38,39,40],
[1,6,9,10,11,12,13,14,20,25,28,29,31,32,33,34,35,36,38,39,42,43],
[1,5,6,9,10,11,12,13,14,20,25,28,29,31,32,33,34,35,36,39,40,43],
[1,5,6,9,10,11,12,13,14,20,25,27,28,29,31,32,33,35,36,38,39,40,43],
[1,5,6,9,10,11,12,13,14,20,25,28,31,32,33,34,35,36,38,39,40,43],
[1,5,6,9,10,11,12,13,14,20,25,29,31,32,33,34,35,36,38,39,40,43],
[1,5,6,9,10,11,12,13,20,25,28,29,31,32,33,34,35,36,38,39,40,43],
[1,6,9,10,11,12,14,18,20,25,28,29,31,32,33,34,35,36,38,39,40,43],
[1,6,10,11,12,13,14,20,22,25,28,29,31,32,33,34,35,36,38,39,40,43],
[1,5,6,7,9,10,11,12,13,14,20,25,28,29,31,32,33,34,35,36,39,40,41],
[5,6,7,9,11,12,13,14,20,25,27,28,29,31,32,33,35,36,38,39,40,43],
[5,6,7,9,11,12,13,14,20,25,27,28,31,32,33,34,35,36,38,39,40,43],
[5,6,7,9,10,11,12,14,20,25,28,29,31,32,33,34,35,36,39,40,42,43],
[5,6,7,9,10,11,12,14,17,20,25,28,29,31,32,34,35,36,38,39,40,43],
[5,6,7,9,10,11,12,14,20,25,28,31,32,33,34,35,36,38,39,40,42,43],
[5,6,7,9,10,11,12,14,20,25,29,31,32,33,34,35,36,38,39,40,42,43],
[5,6,7,9,10,11,12,20,25,28,29,31,32,33,34,35,36,38,39,40,42,43],
[6,7,9,10,11,12,14,20,25,28,29,31,32,33,34,35,36,38,39,40,42,43],
[5,6,7,9,10,11,12,13,14,20,25,28,30,31,33,34,35,36,38,39,40,43],
[5,6,7,9,10,11,12,13,14,20,27,28,29,31,32,33,35,36,38,39,40,43],
[5,6,7,9,10,11,12,13,14,20,26,28,31,33,34,35,36,38,40,41,42,43],
[5,6,7,9,10,11,12,13,14,18,20,29,31,32,33,34,35,36,38,41,42,43],
[5,6,7,9,10,11,12,13,16,28,29,31,32,33,34,35,36,38,40,41,42,43],
[6,7,9,10,11,12,14,18,20,28,29,31,32,33,34,35,36,38,39,40,41,42,43],
[5,6,7,9,10,11,12,13,14,17,20,25,26,28,29,31,34,35,36,39,42,43],
[5,6,7,9,10,11,12,13,14,17,20,21,25,26,28,30,31,34,35,36,38,39,42,43],
[5,6,7,9,10,11,12,13,14,17,20,25,26,29,31,34,35,36,38,39,42,43],
[5,6,7,9,10,11,12,13,17,20,25,26,28,29,31,34,35,36,38,39,42,43],
[6,7,9,10,11,12,13,14,17,20,25,26,28,29,31,34,35,36,38,39,42,43],
[5,6,7,9,10,11,12,13,14,17,20,25,26,28,29,31,34,35,39,40,42,43],
[5,6,7,9,10,11,12,13,14,17,25,26,28,30,31,34,35,36,38,40,42,43],
[1,6,9,10,11,12,13,14,20,21,25,28,29,32,33,34,35,36,38,39,42,43],
[1,6,9,10,11,12,13,14,20,21,25,28,31,32,33,34,35,36,38,39,42,43],
[1,4,5,6,9,10,11,12,13,14,18,20,21,25,29,31,32,33,34,35,36,38,39,42,43],
[1,6,9,10,11,12,14,18,20,25,28,29,31,32,33,34,35,36,38,39,42,43],
[1,5,6,9,10,11,12,13,14,20,21,25,28,31,32,33,34,35,38,39,40,43],
[1,6,9,10,11,12,14,18,25,28,29,31,32,33,34,35,36,37,38,39,40,42,43],
[5,6,7,8,9,10,11,12,13,14,17,25,26,28,30,31,34,35,36,38,40,42],
[5,6,7,9,10,11,12,13,14,17,25,26,28,30,33,34,35,36,38,40,42,43],
[5,6,7,8,9,10,11,13,14,17,21,22,25,26,28,30,31,33,34,35,36,37,38,40,42,43],
[5,6,8,9,10,11,12,13,14,17,25,26,28,30,31,34,35,36,38,40,42,43],
[5,6,7,8,9,10,11,12,13,14,17,21,25,26,28,30,31,34,35,36,38,42],
[5,6,8,9,10,11,12,13,14,17,25,26,28,30,33,34,35,36,38,40,42,43],
[4,5,6,10,11,12,13,14,17,20,22,25,26,29,30,31,34,35,38,40,42,43],
[2,5,9,10,11,12,13,14,17,20,21,25,26,28,30,31,34,35,36,39,42,43],
[6,7,8,10,11,13,14,17,21,22,24,25,26,28,30,31,34,35,36,37,38,42]];
