return [[1,2,3,4,5,6,7,8,9,11,14,15,16,20,24,27,29,33,34],
[1,2,3,4,5,6,7,8,9,11,14,15,16,24,27,29,31,36,37],
[1,2,3,4,5,6,7,8,9,11,14,15,20,24,27,29,33,34,38],
[1,2,3,4,5,6,7,8,9,14,15,16,18,22,24,29,31,36,37],
[1,2,3,4,5,6,7,8,9,14,15,16,18,23,24,27,29,31,36],
[1,2,3,4,5,6,7,8,9,14,15,16,18,24,27,29,31,36,37],
[1,2,3,4,5,6,7,8,9,14,15,16,20,24,27,29,32,33,34],
[1,2,3,4,5,6,7,8,9,14,15,16,23,24,27,29,31,32,36],
[1,2,3,4,5,6,7,8,9,14,15,16,24,27,29,31,32,34,36],
[1,2,3,4,5,6,7,8,9,14,15,16,24,27,29,32,33,34,36],
[1,2,3,4,5,6,7,8,9,14,15,16,24,27,31,32,33,34,36],
[1,2,3,4,5,6,7,8,9,14,15,18,20,23,24,27,29,30,32],
[1,2,3,4,5,6,7,8,9,14,18,20,22,23,24,27,29,30,32],
[1,2,3,4,5,6,7,8,9,14,18,20,22,23,27,29,30,32,36],
[1,2,3,4,5,6,7,8,9,14,18,20,22,27,29,30,32,35,36],
[1,2,3,4,5,6,7,8,9,14,18,22,27,29,30,31,32,35,36],
[1,2,3,4,5,6,7,8,11,14,15,16,18,20,22,23,24,29,31],
[1,2,3,4,5,6,7,8,11,14,15,16,18,20,23,24,27,29,31],
[1,2,3,4,5,6,7,8,11,14,15,18,20,22,23,24,27,29,31],
[1,2,3,4,5,6,7,8,11,14,15,20,22,23,24,27,29,31,32],
[1,2,3,4,5,6,7,8,11,14,15,20,22,23,27,29,31,32,36],
[1,2,3,4,5,6,7,8,11,14,15,20,22,24,27,29,31,32,34],
[1,2,3,4,5,6,7,8,11,14,15,20,22,24,27,29,31,34,38],
[1,2,3,4,5,6,7,8,11,14,15,20,22,24,27,31,32,34,38],
[1,2,3,4,5,6,7,8,11,14,15,20,22,24,29,31,32,33,34],
[1,2,3,4,5,6,7,8,11,14,15,20,22,24,31,32,33,34,38],
[1,2,3,4,5,6,7,8,11,14,15,20,22,27,31,32,33,34,38],
[1,2,3,4,5,6,7,8,11,14,15,20,24,27,31,32,33,34,38],
[1,2,3,4,5,6,7,8,11,14,15,22,23,24,27,29,31,32,36],
[1,2,3,4,5,6,7,8,11,15,16,18,20,22,23,24,27,29,31],
[1,2,3,4,5,6,7,8,11,15,20,22,23,24,27,29,31,32,36],
[1,2,3,4,5,6,7,8,14,15,18,20,22,23,24,27,29,30,32],
[1,2,3,4,5,6,7,8,14,15,18,20,22,23,24,27,29,31,32],
[1,2,3,4,5,6,7,8,14,15,20,22,27,29,31,32,34,35,36],
[1,2,3,4,5,6,7,9,11,12,14,15,24,29,32,33,34,36,39],
[1,2,3,4,5,6,7,9,11,12,14,15,27,29,32,33,34,36,39],
[1,2,3,4,5,6,7,9,12,14,15,27,30,31,32,34,35,36,40],
[1,2,3,4,5,6,7,9,12,14,18,19,22,24,29,30,32,33,36],
[1,2,3,4,5,6,7,11,12,13,14,15,22,24,29,31,36,37,40],
[1,2,3,4,5,6,7,11,12,14,15,20,22,24,31,32,33,34,38],
[1,2,3,4,5,7,8,9,12,14,15,19,26,27,30,32,33,36,39],
[1,2,3,4,5,7,8,9,12,14,15,19,26,27,30,32,36,39,40],
[1,2,3,4,5,7,8,9,12,14,15,19,26,30,32,33,36,39,40],
[1,2,3,4,5,7,8,9,12,14,15,26,30,32,33,34,36,39,40],
[1,2,3,4,5,7,8,9,12,14,18,19,22,24,26,31,32,36,40],
[1,2,3,4,5,7,8,9,12,14,18,19,22,24,26,31,32,38,40],
[1,2,3,4,5,7,8,9,12,14,18,19,22,24,30,32,36,37,40],
[1,2,3,4,5,7,8,9,12,14,18,19,22,24,31,32,37,38,40],
[1,2,3,4,5,7,8,9,12,14,19,26,27,30,32,33,36,38,39],
[1,2,3,4,5,7,8,9,14,15,16,19,24,27,29,32,33,36,40],
[1,2,3,4,5,7,8,9,14,15,16,24,27,29,32,33,34,36,40],
[1,2,3,4,5,7,8,9,14,15,16,26,27,29,32,33,34,36,40],
[1,2,3,4,5,7,8,9,14,15,19,23,24,27,29,30,32,36,40],
[1,2,3,4,5,7,8,9,14,15,19,26,27,30,32,33,36,39,40],
[1,2,3,4,5,7,8,9,14,15,19,27,29,30,32,33,36,39,40],
[1,2,3,4,5,7,8,9,14,15,19,27,29,30,32,36,37,39,40],
[1,2,3,4,5,7,8,9,14,15,27,29,30,32,34,35,36,39,40],
[1,2,3,4,5,7,8,9,14,15,27,29,31,32,34,35,36,39,40],
[1,2,3,4,5,7,8,9,14,16,19,24,27,29,32,33,34,36,40],
[1,2,3,4,5,7,8,9,14,16,19,26,27,29,32,33,34,36,40],
[1,2,3,4,5,7,8,9,14,18,19,20,22,27,29,30,32,35,38],
[1,2,3,4,5,7,8,9,14,18,19,22,26,27,29,30,32,35,36],
[1,2,3,4,5,7,8,9,14,18,19,22,27,29,30,32,35,36,40],
[1,2,3,4,5,7,8,9,14,18,19,26,27,29,30,32,35,36,40],
[1,2,3,4,5,7,8,9,14,19,22,27,29,30,32,35,36,39,40],
[1,2,3,4,5,7,8,9,14,19,26,27,29,30,32,35,36,39,40],
[1,2,3,4,5,7,8,9,15,16,19,20,24,26,27,32,33,34,40],
[1,2,3,4,5,7,8,11,14,18,19,22,23,24,27,29,31,36,37],
[1,2,3,4,5,7,8,11,14,18,19,22,23,27,29,31,36,37,40],
[1,2,3,4,6,7,10,11,12,13,15,18,20,21,22,23,24,29,37],
[1,2,3,4,6,7,10,11,12,13,18,20,21,22,23,24,29,35,37],
[1,2,3,4,6,7,10,11,12,18,20,21,22,23,24,29,33,35,37],
[1,2,3,4,6,7,10,11,12,18,20,21,22,23,29,30,33,35,37],
[1,2,3,4,6,7,11,12,13,18,19,20,21,22,23,24,29,35,37],
[1,2,3,4,6,7,11,12,18,19,20,21,22,23,24,29,33,35,37],
[1,2,3,4,6,7,11,12,18,19,20,21,22,23,29,30,33,35,37],
[1,2,3,4,7,8,14,19,23,27,29,30,32,33,35,36,37,39,40],
[1,2,3,4,5,6,7,8,9,11,14,15,16,20,24,27,31,33,34,38],
[1,2,3,4,5,6,7,8,9,11,14,15,16,22,24,29,31,33,36,37],
[1,2,3,4,5,6,7,8,9,11,14,15,16,24,27,29,31,33,34,36],
[1,2,3,4,5,6,7,8,9,11,14,15,20,22,24,27,29,33,37,38],
[1,2,3,4,5,6,7,8,9,12,14,15,20,22,24,31,32,33,34,38],
[1,2,3,4,5,6,7,8,11,14,15,20,22,23,24,27,29,32,33,36],
[1,2,3,4,5,6,7,8,11,14,15,20,22,23,24,29,31,32,33,36],
[1,2,3,4,5,6,7,8,11,14,15,20,22,24,27,29,32,33,34,38],
[1,2,3,4,5,6,7,8,11,14,15,20,22,27,29,31,32,33,34,36],
[1,2,3,4,5,6,7,9,11,14,18,19,20,21,24,27,29,32,34,38],
[1,2,3,4,5,6,7,11,14,15,16,18,23,24,27,29,31,34,36,40],
[1,2,3,4,5,7,8,9,14,15,26,27,29,30,32,33,34,36,39,40],
[1,2,3,4,5,7,8,9,14,19,22,26,27,29,30,32,33,35,36,39],
[1,2,3,4,5,7,11,12,13,15,19,20,21,24,27,29,32,34,39,40],
[1,2,3,4,6,7,10,11,12,13,15,20,21,22,23,24,29,33,35,37],
[1,2,3,4,6,7,11,14,18,19,21,22,23,27,29,30,33,35,36,37],
[1,2,3,4,5,6,7,8,11,14,15,16,18,22,23,24,27,29,31,36,37],
[1,2,3,4,5,7,8,9,12,14,15,26,27,30,31,32,34,35,36,39,40],
[1,2,3,4,5,7,8,9,14,15,17,19,24,27,29,32,33,34,36,39,40],
[1,2,3,4,6,7,10,11,12,14,15,18,20,21,22,23,24,29,30,33,37],
[1,2,3,4,5,6,7,8,9,11,14,15,16,18,20,24,27,29,31,34,37,38],
[1,2,3,4,5,6,7,9,11,12,14,15,16,18,24,27,29,31,34,36,37,40],
[1,2,3,4,5,6,7,8,9,14,15,18,22,23,24,27,29,30,31,32,36,37,40],
[1,2,3,4,5,7,8,9,12,14,18,19,22,26,27,30,31,32,35,36,37,38,39,40],
[1,2,5,6,7,8,10,11,13,14,15,16,17,18,23,24,25,27,29,31,34,36,37,40],
[1,2,3,4,5,6,7,8,9,10,11,12,14,15,16,18,20,22,24,29,31,33,34,37,38],
[1,2,3,4,5,6,7,8,9,12,13,15,16,18,19,20,22,23,24,27,29,30,31,32,35,36,37,40],
[1,2,3,4,5,6,7,8,9,10,11,12,14,15,16,18,20,22,26,27,29,30,31,33,34,35,36,37,38,39]];
