return [[1,2,3,4,5,6,7,8,9,10,11,13,14,15,18,20,21,25,29,31],
[1,2,3,4,5,6,7,8,9,10,11,13,14,15,18,20,21,25,29,32],
[1,2,3,4,5,6,7,8,9,10,11,13,14,15,18,20,21,29,31,32],
[1,2,3,4,5,6,7,8,9,10,11,13,14,15,18,21,25,27,29,32],
[1,2,3,4,5,6,7,8,9,10,11,13,14,15,18,21,27,29,31,32],
[1,2,3,4,5,6,7,8,9,10,11,13,14,18,20,21,23,25,29,31],
[1,2,3,4,5,6,7,8,9,10,11,13,14,18,20,21,23,27,29,31],
[1,2,3,4,5,6,7,8,9,10,11,13,14,18,20,21,27,29,31,32],
[1,2,3,4,5,6,7,8,9,10,11,13,18,20,21,23,25,27,29,31],
[1,2,3,4,5,6,7,8,9,10,11,14,15,18,20,21,25,29,31,32],
[1,2,3,4,5,6,7,8,9,10,11,14,18,20,21,23,24,25,29,31],
[1,2,3,4,5,6,7,8,9,10,11,14,18,20,21,24,25,29,31,32],
[1,2,3,4,5,6,7,8,9,10,11,14,18,20,23,24,25,29,31,32],
[1,2,3,4,5,6,7,8,9,10,11,14,18,23,24,25,27,29,31,32],
[1,2,3,4,5,6,7,8,9,10,11,14,20,21,23,24,25,29,31,32],
[1,2,3,4,5,6,7,8,9,10,11,14,21,23,24,25,27,29,31,32],
[1,2,3,4,5,6,7,8,9,11,13,14,15,18,20,21,27,29,31,32],
[1,2,3,4,5,6,7,8,9,11,14,15,18,20,21,25,26,29,31,32],
[1,2,3,4,5,6,7,8,9,11,14,15,18,20,21,26,27,29,31,32],
[1,2,3,4,5,6,7,8,9,11,14,16,18,20,21,24,25,28,31,32],
[1,2,3,4,5,6,7,8,9,11,14,16,18,20,21,24,25,29,31,32],
[1,2,3,4,5,6,7,8,9,11,14,16,18,20,21,24,27,28,31,32],
[1,2,3,4,5,6,7,8,9,11,14,16,18,20,21,27,28,29,31,32],
[1,2,3,4,5,6,7,8,9,11,14,16,18,20,23,24,25,29,31,32],
[1,2,3,4,5,6,7,8,9,11,14,16,18,20,25,26,27,28,29,32],
[1,2,3,4,5,6,7,8,9,11,14,16,18,20,26,27,28,29,31,32],
[1,2,3,4,5,6,7,8,9,11,14,16,18,23,24,25,27,29,31,32],
[1,2,3,4,5,6,7,8,9,11,14,18,20,21,26,27,28,29,31,32],
[1,2,3,4,5,6,7,8,9,11,15,18,20,21,25,26,27,29,31,32],
[1,2,3,4,5,6,7,8,9,11,16,18,20,21,24,25,27,28,31,32],
[1,2,3,4,5,6,7,8,9,14,16,18,20,23,24,25,27,29,31,32],
[1,2,3,4,5,6,7,9,10,11,13,14,18,20,21,23,25,27,29,31],
[1,2,3,4,5,6,7,9,10,11,14,18,20,21,23,25,27,29,31,32],
[1,2,3,4,5,6,7,9,10,11,14,18,21,23,24,25,27,29,31,32],
[1,2,3,4,5,6,7,9,11,14,15,18,20,21,25,26,27,29,31,32],
[1,2,3,4,5,6,7,9,11,14,16,18,20,21,23,24,25,27,31,32],
[1,2,3,4,5,6,7,9,11,14,16,18,20,21,23,25,27,29,31,32],
[1,2,3,4,5,6,7,9,11,14,16,18,20,21,24,25,27,28,31,32],
[1,2,3,4,5,6,7,9,11,14,16,18,20,21,25,26,27,28,29,32],
[1,2,3,4,5,6,7,9,11,14,16,18,20,21,25,26,27,28,31,32],
[1,2,3,4,5,6,7,9,11,14,16,18,20,21,25,26,27,29,31,32],
[1,2,3,4,5,6,7,9,11,14,16,18,20,21,26,27,28,29,31,32],
[1,2,3,4,5,6,7,9,11,14,16,18,21,23,24,25,27,29,31,32],
[1,2,3,4,5,6,7,9,14,16,18,20,21,23,24,25,27,29,31,32],
[1,2,3,4,5,6,8,9,10,11,12,13,14,15,17,18,20,21,30,31],
[1,2,3,4,5,6,8,9,10,11,12,13,14,15,17,18,20,26,30,31],
[1,2,3,4,5,6,8,9,10,11,12,13,14,15,17,18,21,24,30,31],
[1,2,3,4,5,6,8,9,10,11,12,13,14,15,17,18,24,26,30,31],
[1,2,3,4,5,6,8,9,10,11,12,13,14,15,18,20,21,30,31,32],
[1,2,3,4,5,6,8,9,10,11,12,13,14,15,18,23,24,27,29,31],
[1,2,3,4,5,6,8,9,10,11,12,13,14,15,20,21,29,30,31,32],
[1,2,3,4,5,6,8,9,10,11,12,13,14,15,21,23,24,27,29,31],
[1,2,3,4,5,6,8,9,10,11,12,13,14,15,21,24,25,29,30,32],
[1,2,3,4,5,6,8,9,10,11,12,13,14,17,18,20,21,24,30,31],
[1,2,3,4,5,6,8,9,10,11,12,13,14,18,20,21,22,23,24,31],
[1,2,3,4,5,6,8,9,10,11,12,13,14,18,20,21,22,24,30,31],
[1,2,3,4,5,6,8,9,10,11,12,13,14,18,20,21,22,29,30,31],
[1,2,3,4,5,6,8,9,10,11,12,13,14,18,20,21,27,29,31,32],
[1,2,3,4,5,6,8,9,10,11,12,13,14,18,20,21,29,30,31,32],
[1,2,3,4,5,6,8,9,10,11,12,13,14,18,20,23,24,25,26,30],
[1,2,3,4,5,6,8,9,10,11,12,13,14,18,20,23,24,25,29,30],
[1,2,3,4,5,6,8,9,10,11,12,13,14,18,20,23,25,26,29,30],
[1,2,3,4,5,6,8,9,10,11,12,13,14,18,20,23,25,26,29,32],
[1,2,3,4,5,6,8,9,10,11,12,13,14,18,20,23,26,29,30,31],
[1,2,3,4,5,6,8,9,10,11,12,13,14,18,20,25,26,29,30,32],
[1,2,3,4,5,6,8,9,10,11,12,13,14,18,21,22,23,24,27,31],
[1,2,3,4,5,6,8,9,10,11,12,13,14,18,22,23,24,27,29,31],
[1,2,3,4,5,6,8,9,10,11,12,13,14,18,23,24,25,26,29,30],
[1,2,3,4,5,6,8,9,10,11,12,13,14,20,21,22,23,24,29,31],
[1,2,3,4,5,6,8,9,10,11,12,13,14,20,21,22,24,29,30,31],
[1,2,3,4,5,6,8,9,10,11,12,13,14,21,22,23,24,27,29,31],
[1,2,3,4,5,6,8,9,10,11,12,13,15,17,18,21,24,25,27,30],
[1,2,3,4,5,6,8,9,10,11,12,13,15,17,18,21,24,27,30,31],
[1,2,3,4,5,6,8,9,10,11,12,13,15,18,21,24,25,27,30,32],
[1,2,3,4,5,6,8,9,10,11,12,13,15,21,23,24,25,27,29,31],
[1,2,3,4,5,6,8,9,10,11,12,13,15,21,24,25,27,29,30,32],
[1,2,3,4,5,6,8,9,10,11,12,13,17,18,20,23,24,25,26,30],
[1,2,3,4,5,6,8,9,10,11,12,14,15,18,24,26,29,30,31,32],
[1,2,3,4,5,6,8,9,10,11,12,14,15,20,21,26,29,30,31,32],
[1,2,3,4,5,6,8,9,10,11,12,14,15,23,24,25,26,29,31,32],
[1,2,3,4,5,6,8,9,10,11,12,14,20,21,23,24,25,29,31,32],
[1,2,3,4,5,6,8,9,10,11,12,14,20,21,24,25,26,30,31,32],
[1,2,3,4,5,6,8,9,10,11,12,14,20,21,24,25,29,30,31,32],
[1,2,3,4,5,6,8,9,10,11,12,14,20,21,25,26,29,30,31,32],
[1,2,3,4,5,6,8,9,10,11,12,15,17,18,24,25,26,30,31,32],
[1,2,3,4,5,6,8,9,10,11,12,15,17,21,24,25,26,30,31,32],
[1,2,3,4,5,6,8,9,10,11,12,15,21,24,25,27,29,30,31,32],
[1,2,3,4,5,6,8,9,10,11,12,15,23,24,25,26,27,29,31,32],
[1,2,3,4,5,6,8,9,10,11,12,16,18,20,21,24,25,27,31,32],
[1,2,3,4,5,6,8,9,10,11,12,16,18,20,21,24,25,30,31,32],
[1,2,3,4,5,6,8,9,10,11,12,16,18,20,21,25,27,29,31,32],
[1,2,3,4,5,6,8,9,10,11,12,16,18,20,21,25,29,30,31,32],
[1,2,3,4,5,6,8,9,10,11,12,16,18,20,23,24,25,27,31,32],
[1,2,3,4,5,6,8,9,10,11,12,16,18,20,23,25,27,29,31,32],
[1,2,3,4,5,6,8,9,10,11,12,16,20,21,24,25,29,30,31,32],
[1,2,3,4,5,6,8,9,10,11,12,17,18,20,21,24,25,30,31,32],
[1,2,3,4,5,6,8,9,10,11,12,17,18,20,23,24,25,26,30,31],
[1,2,3,4,5,6,8,9,10,11,12,17,20,21,24,25,26,30,31,32],
[1,2,3,4,5,6,8,9,10,11,13,14,15,18,20,21,25,29,30,31],
[1,2,3,4,5,6,8,9,10,11,13,14,15,18,20,21,25,29,30,32],
[1,2,3,4,5,6,8,9,10,11,13,14,15,18,20,21,29,30,31,32],
[1,2,3,4,5,6,8,9,10,11,13,14,15,18,20,25,26,29,30,32],
[1,2,3,4,5,6,8,9,10,11,13,14,15,18,21,24,25,29,30,32],
[1,2,3,4,5,6,8,9,10,11,13,14,15,18,23,24,25,26,29,30],
[1,2,3,4,5,6,8,9,10,11,13,14,18,20,21,22,23,24,29,31],
[1,2,3,4,5,6,8,9,10,11,13,14,18,20,21,22,24,29,30,31],
[1,2,3,4,5,6,8,9,10,11,13,14,18,20,21,23,24,25,29,31],
[1,2,3,4,5,6,8,9,10,11,13,14,18,20,21,24,25,29,30,31],
[1,2,3,4,5,6,8,9,10,11,13,14,18,20,23,24,25,29,30,31],
[1,2,3,4,5,6,8,9,10,11,13,14,18,21,22,23,24,27,29,31],
[1,2,3,4,5,6,8,9,10,11,13,15,17,18,21,24,25,27,30,31],
[1,2,3,4,5,6,8,9,10,11,13,15,18,21,24,25,27,29,30,32],
[1,2,3,4,5,6,8,9,10,11,14,15,18,20,21,25,29,30,31,32],
[1,2,3,4,5,6,8,9,10,11,14,15,18,21,24,25,29,30,31,32],
[1,2,3,4,5,6,8,9,10,11,14,15,18,23,24,25,26,29,31,32],
[1,2,3,4,5,6,8,9,10,11,14,15,18,23,24,25,27,29,31,32],
[1,2,3,4,5,6,8,9,10,11,14,15,18,24,25,26,29,30,31,32],
[1,2,3,4,5,6,8,9,10,11,14,15,20,21,24,25,26,30,31,32],
[1,2,3,4,5,6,8,9,10,11,14,15,20,21,25,26,29,30,31,32],
[1,2,3,4,5,6,8,9,10,11,14,18,20,21,24,25,29,30,31,32],
[1,2,3,4,5,6,8,9,10,11,15,18,23,24,25,26,27,29,31,32],
[1,2,3,4,5,6,8,9,10,11,16,18,20,21,24,25,29,30,31,32],
[1,2,3,4,5,6,8,9,10,12,13,14,15,17,18,20,21,24,30,31],
[1,2,3,4,5,6,8,9,10,12,13,14,15,17,18,20,24,26,30,31],
[1,2,3,4,5,6,8,9,10,12,13,14,15,18,23,24,27,29,31,32],
[1,2,3,4,5,6,8,9,10,12,13,14,15,18,23,26,27,29,31,32],
[1,2,3,4,5,6,8,9,10,12,13,14,15,19,20,21,24,25,30,32],
[1,2,3,4,5,6,8,9,10,12,13,14,15,19,20,21,25,29,30,32],
[1,2,3,4,5,6,8,9,10,12,13,14,15,19,20,25,26,29,30,32],
[1,2,3,4,5,6,8,9,10,12,13,14,15,19,21,23,24,27,29,31],
[1,2,3,4,5,6,8,9,10,12,13,14,15,19,21,24,25,29,30,32],
[1,2,3,4,5,6,8,9,10,12,13,14,15,19,23,24,25,27,29,32],
[1,2,3,4,5,6,8,9,10,12,13,14,15,19,23,24,27,29,31,32],
[1,2,3,4,5,6,8,9,10,12,13,14,18,20,21,22,23,24,27,31],
[1,2,3,4,5,6,8,9,10,12,13,14,18,20,21,22,24,27,31,32],
[1,2,3,4,5,6,8,9,10,12,13,14,18,20,21,22,27,29,31,32],
[1,2,3,4,5,6,8,9,10,12,13,14,18,20,21,22,29,30,31,32],
[1,2,3,4,5,6,8,9,10,12,13,14,18,20,22,23,24,27,31,32],
[1,2,3,4,5,6,8,9,10,12,13,14,18,20,22,23,27,29,31,32],
[1,2,3,4,5,6,8,9,10,12,13,14,18,20,23,24,25,29,30,32],
[1,2,3,4,5,6,8,9,10,12,13,14,18,20,23,25,26,29,30,32],
[1,2,3,4,5,6,8,9,10,12,13,14,18,22,23,24,27,29,31,32],
[1,2,3,4,5,6,8,9,10,12,13,14,19,20,21,23,24,25,29,32],
[1,2,3,4,5,6,8,9,10,12,13,14,19,20,21,24,25,29,30,32],
[1,2,3,4,5,6,8,9,10,12,13,14,19,21,23,24,25,27,29,32],
[1,2,3,4,5,6,8,9,10,12,13,15,17,18,21,24,25,27,30,32],
[1,2,3,4,5,6,8,9,10,12,13,15,19,21,23,24,25,27,29,31],
[1,2,3,4,5,6,8,9,10,12,13,18,20,21,22,24,25,27,30,32],
[1,2,3,4,5,6,8,9,10,12,13,18,20,21,22,25,27,29,30,32],
[1,2,3,4,5,6,8,9,10,12,13,18,21,22,24,25,27,29,30,32],
[1,2,3,4,5,6,8,9,10,12,14,15,19,23,24,25,26,29,31,32],
[1,2,3,4,5,6,8,9,10,12,14,19,20,21,23,24,25,29,31,32],
[1,2,3,4,5,6,8,9,10,12,14,19,20,23,24,25,26,29,31,32],
[1,2,3,4,5,6,8,9,10,12,15,17,20,21,24,25,26,30,31,32],
[1,2,3,4,5,6,8,9,10,13,14,15,18,20,21,22,24,30,31,32],
[1,2,3,4,5,6,8,9,10,13,14,15,19,20,21,24,25,29,30,32],
[1,2,3,4,5,6,8,9,10,13,15,18,21,22,24,25,27,29,30,32],
[1,2,3,4,5,6,8,9,10,14,15,18,20,21,24,25,29,30,31,32],
[1,2,3,4,5,6,8,9,10,14,15,18,20,23,24,25,26,29,30,31],
[1,2,3,4,5,6,8,9,10,14,15,19,20,23,24,25,26,29,31,32],
[1,2,3,4,5,6,8,9,10,15,18,20,21,22,24,25,29,30,31,32],
[1,2,3,4,5,6,8,9,10,15,18,21,22,24,25,27,29,30,31,32],
[1,2,3,4,5,6,8,9,11,12,13,14,15,18,21,24,27,28,30,32],
[1,2,3,4,5,6,8,9,11,12,13,14,15,18,21,26,27,28,30,32],
[1,2,3,4,5,6,8,9,11,12,13,14,15,18,24,26,27,28,30,32],
[1,2,3,4,5,6,8,9,11,12,13,14,15,19,23,24,25,26,27,29],
[1,2,3,4,5,6,8,9,11,12,13,14,16,18,20,22,23,24,29,30],
[1,2,3,4,5,6,8,9,11,12,13,14,16,18,20,23,24,25,28,30],
[1,2,3,4,5,6,8,9,11,12,13,14,16,18,22,24,27,28,29,30],
[1,2,3,4,5,6,8,9,11,12,13,14,18,20,21,22,23,24,27,31],
[1,2,3,4,5,6,8,9,11,12,13,14,18,20,21,26,27,28,30,32],
[1,2,3,4,5,6,8,9,11,12,13,14,18,20,21,27,28,29,30,32],
[1,2,3,4,5,6,8,9,11,12,13,14,18,20,23,24,25,26,28,30],
[1,2,3,4,5,6,8,9,11,12,13,14,18,20,23,25,26,27,28,29],
[1,2,3,4,5,6,8,9,11,12,13,14,18,20,25,26,27,28,29,32],
[1,2,3,4,5,6,8,9,11,12,13,14,18,20,25,26,28,29,30,32],
[1,2,3,4,5,6,8,9,11,12,13,14,18,20,26,27,28,29,30,32],
[1,2,3,4,5,6,8,9,11,12,13,14,18,22,24,27,28,29,30,32],
[1,2,3,4,5,6,8,9,11,12,13,14,18,24,25,26,27,28,30,32],
[1,2,3,4,5,6,8,9,11,12,13,14,18,24,25,26,27,29,30,32],
[1,2,3,4,5,6,8,9,11,12,13,14,18,24,25,27,28,29,30,32],
[1,2,3,4,5,6,8,9,11,12,13,14,18,25,26,27,28,29,30,32],
[1,2,3,4,5,6,8,9,11,12,13,14,19,20,23,25,26,27,28,29],
[1,2,3,4,5,6,8,9,11,12,13,14,19,21,23,24,25,27,28,29],
[1,2,3,4,5,6,8,9,11,12,13,14,20,21,25,26,28,29,30,32],
[1,2,3,4,5,6,8,9,11,12,13,14,20,21,26,27,28,29,30,32],
[1,2,3,4,5,6,8,9,11,12,13,15,17,21,24,25,26,27,29,30],
[1,2,3,4,5,6,8,9,11,12,13,15,18,24,25,26,27,29,30,32],
[1,2,3,4,5,6,8,9,11,12,13,17,18,20,21,24,25,27,28,30],
[1,2,3,4,5,6,8,9,11,12,13,17,18,20,21,25,26,27,28,30],
[1,2,3,4,5,6,8,9,11,12,13,18,20,21,25,26,27,28,30,32],
[1,2,3,4,5,6,8,9,11,12,13,18,20,21,25,27,28,29,30,32],
[1,2,3,4,5,6,8,9,11,12,13,18,20,25,26,27,28,29,30,32],
[1,2,3,4,5,6,8,9,11,12,13,20,21,25,26,27,28,29,30,32],
[1,2,3,4,5,6,8,9,11,12,14,15,19,21,24,25,26,29,31,32],
[1,2,3,4,5,6,8,9,11,12,14,16,18,20,21,22,24,27,28,31],
[1,2,3,4,5,6,8,9,11,12,14,16,18,20,21,22,24,28,30,31],
[1,2,3,4,5,6,8,9,11,12,14,16,18,20,21,24,27,28,31,32],
[1,2,3,4,5,6,8,9,11,12,14,16,18,20,21,24,28,30,31,32],
[1,2,3,4,5,6,8,9,11,12,14,16,18,20,22,23,24,29,30,31],
[1,2,3,4,5,6,8,9,11,12,14,16,18,22,24,27,28,29,30,32],
[1,2,3,4,5,6,8,9,11,12,14,16,20,21,24,26,28,30,31,32],
[1,2,3,4,5,6,8,9,11,12,14,16,20,21,26,28,29,30,31,32],
[1,2,3,4,5,6,8,9,11,12,14,17,18,20,21,24,26,28,30,31],
[1,2,3,4,5,6,8,9,11,12,14,18,20,21,24,26,28,30,31,32],
[1,2,3,4,5,6,8,9,11,12,14,20,21,26,27,28,29,30,31,32],
[1,2,3,4,5,6,8,9,11,12,15,17,18,24,25,26,27,30,31,32],
[1,2,3,4,5,6,8,9,11,12,15,17,21,24,25,26,27,29,30,31],
[1,2,3,4,5,6,8,9,11,12,16,17,20,21,24,25,26,29,30,31],
[1,2,3,4,5,6,8,9,11,12,16,17,21,24,25,26,27,29,30,31],
[1,2,3,4,5,6,8,9,11,12,16,18,20,21,22,24,27,28,30,31],
[1,2,3,4,5,6,8,9,11,12,16,18,20,21,25,27,28,29,30,32],
[1,2,3,4,5,6,8,9,11,12,16,18,23,24,25,26,27,29,31,32],
[1,2,3,4,5,6,8,9,11,12,16,20,21,25,26,27,28,29,30,32],
[1,2,3,4,5,6,8,9,11,12,16,20,21,25,26,27,29,30,31,32],
[1,2,3,4,5,6,8,9,11,12,16,20,21,26,27,28,29,30,31,32],
[1,2,3,4,5,6,8,9,11,12,16,21,24,25,26,27,28,29,30,32],
[1,2,3,4,5,6,8,9,11,13,14,15,18,24,25,26,27,28,30,32],
[1,2,3,4,5,6,8,9,11,13,14,18,20,21,26,27,28,29,30,32],
[1,2,3,4,5,6,8,9,11,14,16,20,21,24,25,26,28,30,31,32],
[1,2,3,4,5,6,8,9,11,14,18,20,21,24,25,26,28,30,31,32],
[1,2,3,4,5,6,8,9,12,13,14,15,19,20,21,25,26,29,30,32],
[1,2,3,4,5,6,8,9,12,13,14,18,22,23,24,26,27,29,30,31],
[1,2,3,4,5,6,8,9,12,13,14,19,20,21,22,27,28,29,30,32],
[1,2,3,4,5,6,8,9,12,13,14,19,20,21,25,26,28,29,30,32],
[1,2,3,4,5,6,8,9,12,13,14,19,20,21,26,27,28,29,30,32],
[1,2,3,4,5,6,8,9,12,13,15,17,19,20,21,26,27,29,30,31],
[1,2,3,4,5,6,8,9,12,13,18,20,21,22,24,25,27,28,30,32],
[1,2,3,4,5,6,8,9,12,14,16,18,20,21,22,24,28,30,31,32],
[1,2,3,4,5,6,8,9,12,15,17,19,20,21,24,25,26,30,31,32],
[1,2,3,4,5,6,8,9,12,16,18,20,22,24,26,27,29,30,31,32],
[1,2,3,4,5,6,8,9,13,14,15,18,19,20,22,26,27,29,30,32],
[1,2,3,4,5,6,8,9,13,14,15,18,19,20,23,25,26,27,29,32],
[1,2,3,4,5,6,8,9,13,14,15,18,19,23,24,25,26,27,29,32],
[1,2,3,4,5,6,8,9,13,14,15,18,19,24,25,26,27,29,30,32],
[1,2,3,4,5,6,8,9,13,14,15,18,20,22,26,27,29,30,31,32],
[1,2,3,4,5,6,9,10,11,12,13,14,18,20,21,23,25,27,29,33],
[1,2,3,4,5,6,9,10,11,12,13,14,18,20,21,25,27,29,32,33],
[1,2,3,4,5,6,9,10,11,12,13,14,18,20,21,25,29,30,32,33],
[1,2,3,4,5,6,9,10,11,12,14,16,20,21,23,24,25,29,30,31],
[1,2,3,4,5,6,9,10,11,12,14,16,20,21,24,25,29,30,31,32],
[1,2,3,4,5,6,9,10,11,12,14,16,21,23,24,25,27,29,31,32],
[1,2,3,4,5,6,9,10,11,14,16,18,21,23,24,25,27,29,31,32],
[1,2,3,4,5,6,9,11,12,13,14,16,18,20,23,24,25,26,28,30],
[1,2,3,4,5,6,9,12,13,14,16,18,20,21,22,27,28,29,30,32],
[1,2,3,4,5,7,8,9,10,11,13,15,18,21,24,25,27,29,31,32],
[1,2,3,4,5,7,8,9,10,11,13,18,20,21,24,25,27,29,31,32],
[1,2,3,4,5,7,8,9,11,13,15,18,20,21,25,26,27,29,31,32],
[1,2,3,4,5,7,8,9,11,13,15,18,21,24,25,26,27,29,31,32],
[1,2,3,4,5,7,8,9,11,16,18,20,21,24,25,26,27,28,31,32],
[1,2,3,4,5,7,8,9,11,16,18,20,21,24,25,26,27,29,31,32],
[1,2,3,4,5,8,9,10,11,12,13,14,15,21,24,25,26,29,30,32],
[1,2,3,4,5,8,9,11,12,13,17,18,20,21,24,25,26,27,28,30],
[1,2,3,4,6,7,9,10,14,16,18,20,21,22,23,25,29,31,32,33],
[1,2,3,4,6,9,10,11,12,14,16,18,20,21,22,29,30,31,32,33],
[1,2,3,4,7,8,9,11,13,15,17,18,22,23,24,25,26,27,28,33],
[1,2,3,4,5,6,7,8,9,10,11,13,15,18,20,21,25,27,29,31,32],
[1,2,3,4,5,6,7,8,9,10,11,14,15,18,21,24,25,27,29,31,32],
[1,2,3,4,5,6,7,8,9,11,14,16,18,20,23,25,26,27,29,31,32],
[1,2,3,4,5,6,7,8,9,11,16,18,20,21,25,26,27,28,29,31,32],
[1,2,3,4,5,6,7,9,10,11,14,16,18,20,21,23,24,25,29,31,32],
[1,2,3,4,5,6,8,9,10,11,12,13,14,15,18,20,26,29,30,31,32],
[1,2,3,4,5,6,8,9,10,11,12,13,14,15,18,23,24,26,29,30,31],
[1,2,3,4,5,6,8,9,10,11,12,13,14,15,19,21,23,24,25,27,29],
[1,2,3,4,5,6,8,9,10,11,12,13,14,15,20,21,25,26,29,30,32],
[1,2,3,4,5,6,8,9,10,11,12,13,14,17,18,20,23,24,26,30,31],
[1,2,3,4,5,6,8,9,10,11,12,13,14,18,20,21,22,23,27,29,31],
[1,2,3,4,5,6,8,9,10,11,12,13,14,18,20,22,23,24,29,30,31],
[1,2,3,4,5,6,8,9,10,11,12,14,15,21,24,25,26,29,30,31,32],
[1,2,3,4,5,6,8,9,10,13,15,18,20,21,22,25,27,29,30,31,32],
[1,2,3,4,5,6,7,8,9,10,11,13,14,15,18,21,23,24,25,27,29,31],
[1,2,3,4,5,6,7,8,9,10,11,16,18,20,21,23,24,25,27,29,31,32],
[1,2,3,4,5,6,7,8,9,11,13,14,15,18,20,21,25,26,27,28,29,32],
[1,2,3,4,5,6,7,8,9,11,14,16,18,20,21,25,26,28,29,30,31,32],
[1,2,3,4,5,6,7,8,9,11,14,16,18,20,23,24,25,26,27,28,31,32],
[1,2,3,4,5,6,8,9,10,11,12,14,16,18,20,21,22,24,29,30,31,32],
[1,2,3,4,5,6,8,9,10,12,13,14,19,20,21,22,23,24,27,29,31,32],
[1,2,3,4,5,6,8,9,10,12,14,15,19,20,21,24,25,26,29,30,31,32],
[1,2,3,4,5,6,8,9,10,12,16,18,20,21,22,24,25,27,29,30,31,32],
[1,2,3,4,5,6,8,9,11,12,13,15,17,18,21,24,25,26,27,28,30,32],
[1,2,3,4,5,6,8,9,10,11,12,13,14,15,18,21,22,24,27,29,30,31,32],
[1,2,3,4,5,6,8,9,10,11,12,13,15,17,18,23,24,25,26,27,29,30,31],
[1,2,3,4,5,6,8,9,10,11,12,14,16,18,20,23,24,25,26,29,30,31,32],
[1,2,3,4,5,6,8,9,11,12,13,14,15,19,21,24,25,26,27,28,29,30,32],
[1,2,3,4,5,6,8,9,11,12,16,17,18,20,21,24,25,26,27,28,30,31,32],
[1,2,3,4,5,6,8,9,12,14,16,19,20,21,22,24,26,27,28,29,30,31,32],
[1,2,3,4,5,6,9,11,12,13,14,16,18,20,21,25,26,27,28,29,30,32,33],
[1,2,3,4,5,7,8,9,10,11,13,14,15,18,20,21,24,25,26,29,30,31,32],
[1,2,3,4,5,6,7,8,9,10,11,12,14,16,18,20,21,22,23,24,27,29,31,32],
[1,2,3,4,5,6,7,8,9,10,11,13,14,15,18,20,23,25,26,27,29,31,32,33],
[1,2,3,4,5,6,7,8,9,10,13,14,15,18,19,20,21,22,23,24,25,27,29,31,32],
[1,2,3,4,5,6,7,8,9,11,12,14,16,19,20,21,23,24,25,26,27,28,29,31,32],
[1,2,3,4,5,6,8,9,10,11,12,13,14,15,17,19,20,21,23,24,25,26,29,30,31],
[1,2,3,4,5,6,7,8,9,10,11,12,13,14,15,19,20,21,23,25,26,27,29,31,32,33],
[1,2,3,4,5,6,7,8,9,10,11,12,13,14,16,18,20,21,22,23,24,25,27,28,29,32],
[1,2,3,4,5,6,7,8,9,10,11,12,13,14,15,17,18,19,20,21,23,24,25,26,27,28,31,32,33],
[1,2,3,4,5,6,9,10,12,13,14,15,16,17,18,19,20,21,22,23,24,25,26,27,29,30,31,32,33],
[1,2,3,4,5,6,7,8,10,11,12,13,14,15,16,17,18,19,20,21,22,23,24,25,26,27,28,29,30,31,32,33]];
