return [[1,2,3,4,5,6,7,8,9,10,11,12,13,14,15,16,17,22,24,25,26],
[1,2,3,4,5,6,7,8,9,10,11,12,13,14,15,16,17,22,24,26,31],
[1,2,3,4,5,6,7,8,9,10,11,12,13,14,15,16,20,21,22,23,24],
[1,2,3,4,5,6,7,8,9,10,11,12,13,14,15,16,20,21,23,24,25],
[1,2,3,4,5,6,7,8,9,10,11,12,13,14,15,16,20,22,23,24,31],
[1,2,3,4,5,6,7,8,9,10,11,12,13,14,15,16,20,23,24,25,26],
[1,2,3,4,5,6,7,8,9,10,11,12,13,14,15,16,20,23,24,26,28],
[1,2,3,4,5,6,7,8,9,10,11,12,13,14,16,17,22,23,24,25,26],
[1,2,3,4,5,6,7,8,9,10,11,12,13,14,16,17,22,23,24,26,30],
[1,2,3,4,5,6,7,8,9,10,11,12,13,14,16,17,22,24,26,30,31],
[1,2,3,4,5,6,7,8,9,10,11,12,13,15,16,17,22,24,25,26,30],
[1,2,3,4,5,6,7,8,9,10,11,12,13,15,16,17,22,24,25,30,31],
[1,2,3,4,5,6,7,8,9,10,11,12,13,15,16,17,22,24,26,30,31],
[1,2,3,4,5,6,7,8,9,10,11,12,13,15,16,20,21,22,23,24,25],
[1,2,3,4,5,6,7,8,9,10,11,12,13,15,16,20,22,23,24,30,31],
[1,2,3,4,5,6,7,8,9,10,11,12,13,15,16,20,22,24,29,30,31],
[1,2,3,4,5,6,7,8,9,10,11,12,13,15,16,20,23,24,25,26,28],
[1,2,3,4,5,6,7,8,9,10,11,12,13,15,16,20,23,24,25,28,30],
[1,2,3,4,5,6,7,8,9,10,11,12,13,15,16,20,24,25,29,30,31],
[1,2,3,4,5,6,7,8,9,10,11,12,13,15,16,22,24,25,29,30,31],
[1,2,3,4,5,6,7,8,9,10,11,12,13,15,16,23,24,25,26,28,30],
[1,2,3,4,5,6,7,8,9,10,11,12,13,15,17,22,24,25,26,27,30],
[1,2,3,4,5,6,7,8,9,10,11,12,13,15,18,20,22,23,24,25,27],
[1,2,3,4,5,6,7,8,9,10,11,12,13,16,17,20,23,24,25,29,30],
[1,2,3,4,5,6,7,8,9,10,11,12,13,16,17,20,24,25,29,30,31],
[1,2,3,4,5,6,7,8,9,10,11,12,13,16,17,22,23,24,25,26,30],
[1,2,3,4,5,6,7,8,9,10,11,12,13,16,17,22,23,24,25,29,30],
[1,2,3,4,5,6,7,8,9,10,11,12,13,16,17,22,24,25,29,30,31],
[1,2,3,4,5,6,7,8,9,10,11,12,13,17,22,23,24,25,26,27,30],
[1,2,3,4,5,6,7,8,9,10,11,12,14,15,16,17,19,22,24,25,26],
[1,2,3,4,5,6,7,8,9,10,11,12,14,15,16,19,20,22,24,30,31],
[1,2,3,4,5,6,7,8,9,10,11,12,14,15,16,20,21,22,23,24,25],
[1,2,3,4,5,6,7,8,9,10,11,12,14,15,16,20,22,23,24,30,31],
[1,2,3,4,5,6,7,8,9,10,11,12,14,15,16,20,23,24,26,28,30],
[1,2,3,4,5,6,7,8,9,10,11,12,14,16,17,19,20,22,24,25,30],
[1,2,3,4,5,6,7,8,9,10,11,12,14,16,17,19,22,24,25,26,30],
[1,2,3,4,5,6,7,8,9,10,11,12,14,16,17,22,23,24,25,26,30],
[1,2,3,4,5,6,7,8,9,10,11,12,14,17,19,20,22,23,24,25,30],
[1,2,3,4,5,6,7,8,9,10,11,12,14,17,19,20,23,24,25,26,30],
[1,2,3,4,5,6,7,8,9,10,11,12,14,17,19,22,23,24,25,26,30],
[1,2,3,4,5,6,7,8,9,10,11,12,15,16,17,19,22,24,25,26,30],
[1,2,3,4,5,6,7,8,9,10,11,12,15,16,19,20,22,24,25,30,31],
[1,2,3,4,5,6,7,8,9,10,11,12,15,16,20,22,24,25,29,30,31],
[1,2,3,4,5,6,7,8,9,10,11,12,15,16,20,23,24,25,26,28,30],
[1,2,3,4,5,6,7,8,9,10,11,12,15,18,19,20,22,23,24,25,30],
[1,2,3,4,5,6,7,8,9,10,11,12,15,18,20,22,23,24,25,27,30],
[1,2,3,4,5,6,7,8,9,10,11,12,17,18,19,20,22,23,24,25,30],
[1,2,3,4,5,6,7,8,9,10,11,13,15,16,17,20,22,23,24,25,27],
[1,2,3,4,5,6,7,8,9,10,11,13,15,16,17,22,23,24,25,26,27],
[1,2,3,4,5,6,7,8,9,10,11,13,15,16,17,22,24,25,26,27,30],
[1,2,3,4,5,6,7,8,9,10,11,13,15,17,18,20,22,23,24,25,27],
[1,2,3,4,5,6,7,8,9,10,11,13,16,17,22,23,24,25,26,27,30],
[1,2,3,4,5,6,7,8,9,10,11,15,16,17,22,23,24,25,26,27,30],
[1,2,3,4,5,6,7,8,9,10,12,13,14,15,16,17,22,24,25,29,30],
[1,2,3,4,5,6,7,8,9,10,12,13,14,15,16,20,22,23,24,30,31],
[1,2,3,4,5,6,7,8,9,10,12,13,14,15,17,20,22,23,24,25,30],
[1,2,3,4,5,6,7,8,9,10,12,13,14,15,17,20,22,24,29,30,31],
[1,2,3,4,5,6,7,8,9,10,12,13,14,16,17,22,23,24,25,29,30],
[1,2,3,4,5,6,7,8,9,10,12,13,15,16,17,22,24,25,29,30,31],
[1,2,3,4,5,6,7,8,9,10,12,13,15,17,18,20,22,23,24,25,30],
[1,2,3,4,5,6,7,8,9,10,12,13,15,17,18,22,23,24,25,27,30],
[1,2,3,4,5,6,7,8,9,10,12,13,15,18,20,22,23,24,25,27,30],
[1,2,3,4,5,6,7,8,9,10,12,14,15,16,17,19,22,24,25,26,30],
[1,2,3,4,5,6,7,8,9,10,12,14,15,17,19,20,22,23,24,25,30],
[1,2,3,4,5,6,7,8,9,10,12,14,15,17,19,20,23,24,25,26,30],
[1,2,3,4,5,6,7,8,9,10,12,14,15,17,19,22,23,24,25,26,30],
[1,2,3,4,5,6,7,8,9,10,12,15,17,18,19,20,22,23,24,25,30],
[1,2,3,4,5,6,7,8,9,10,13,14,15,16,17,20,22,23,24,25,30],
[1,2,3,4,5,6,7,8,9,10,13,15,16,17,20,22,23,24,25,27,30],
[1,2,3,4,5,6,7,8,9,10,13,15,17,18,20,22,23,24,25,27,30],
[1,2,3,4,5,6,7,8,9,10,14,15,16,17,19,20,22,24,25,26,30],
[1,2,3,4,5,6,7,8,9,10,14,15,16,17,20,22,23,24,25,26,30],
[1,2,3,4,5,6,7,8,9,10,14,15,17,19,20,22,23,24,25,26,30],
[1,2,3,4,5,6,7,8,9,11,12,13,14,15,16,20,21,23,24,25,26],
[1,2,3,4,5,6,7,8,9,11,12,13,14,15,16,20,22,23,24,26,30],
[1,2,3,4,5,6,7,8,9,11,12,13,15,16,18,20,22,23,24,26,30],
[1,2,3,4,5,6,7,8,9,11,12,13,15,16,18,20,23,24,25,26,30],
[1,2,3,4,5,6,7,8,9,11,12,13,15,16,18,22,23,24,25,26,30],
[1,2,3,4,5,6,7,8,9,11,12,13,15,18,20,22,23,24,25,27,30],
[1,2,3,4,5,6,7,8,9,11,12,14,17,19,20,22,23,24,25,26,30],
[1,2,3,4,5,6,7,8,9,11,12,15,18,19,20,22,23,24,25,26,30],
[1,2,3,4,5,6,7,8,9,12,13,14,15,17,18,20,22,23,24,25,30],
[1,2,3,4,5,6,7,8,10,11,12,13,14,15,16,20,21,22,23,24,31],
[1,2,3,4,5,6,7,8,10,11,12,13,14,15,18,20,21,22,23,24,31],
[1,2,3,4,5,6,7,8,10,11,12,13,14,16,17,20,23,24,28,30,31],
[1,2,3,4,5,6,7,8,10,11,12,13,14,16,17,23,24,26,28,30,31],
[1,2,3,4,5,6,7,8,10,11,12,13,15,16,18,20,21,22,23,24,25],
[1,2,3,4,5,6,7,8,10,11,12,13,15,16,18,20,21,22,23,24,31],
[1,2,3,4,5,6,7,8,10,11,12,13,15,16,18,20,21,22,24,25,31],
[1,2,3,4,5,6,7,8,10,11,12,13,15,16,20,23,24,25,28,30,31],
[1,2,3,4,5,6,7,8,10,11,12,13,16,17,20,23,24,25,28,30,31],
[1,2,3,4,5,6,7,8,10,11,12,13,16,17,20,23,24,25,29,30,31],
[1,2,3,4,5,6,7,8,10,11,12,13,16,17,22,23,24,25,29,30,31],
[1,2,3,4,5,6,7,8,10,11,12,13,17,18,20,23,24,25,29,30,31],
[1,2,3,4,5,6,7,8,10,11,12,13,17,18,22,23,24,25,29,30,31],
[1,2,3,4,5,6,7,8,10,11,12,17,18,20,22,23,24,25,29,30,31],
[1,2,3,4,5,6,7,8,10,11,13,15,16,17,18,20,22,23,24,25,27],
[1,2,3,4,5,6,7,8,10,11,13,15,16,17,18,20,22,24,25,27,31],
[1,2,3,4,5,6,7,8,10,11,15,16,17,18,20,22,23,24,25,27,30],
[1,2,3,4,5,6,7,8,10,11,15,16,17,18,20,22,24,25,27,30,31],
[1,2,3,4,5,6,7,8,11,12,13,14,15,16,18,20,21,22,23,24,31],
[1,2,3,4,5,6,7,8,11,12,13,14,16,17,18,22,23,24,26,30,31],
[1,2,3,4,5,6,7,8,11,12,13,15,16,18,20,23,24,25,28,30,31],
[1,2,3,4,5,6,7,8,11,12,13,16,17,18,20,23,24,25,29,30,31],
[1,2,3,4,5,6,7,8,11,12,13,16,17,18,22,23,24,25,29,30,31],
[1,2,3,4,5,6,7,8,12,13,14,15,16,17,18,22,23,24,26,30,31],
[1,2,3,4,5,6,7,9,10,11,12,13,14,15,16,17,21,22,23,24,26],
[1,2,3,4,5,6,7,9,10,11,12,13,15,16,17,21,22,23,24,25,26],
[1,2,3,4,5,6,7,9,10,12,13,14,15,16,17,20,23,24,25,28,30],
[1,2,3,4,5,7,8,9,10,11,12,13,14,15,16,20,21,22,23,24,29],
[1,2,3,4,5,7,8,9,10,11,12,13,14,16,17,22,23,24,26,28,29],
[1,2,3,4,5,7,8,9,10,11,12,13,14,16,17,23,24,25,26,28,29],
[1,2,3,4,5,7,8,9,10,11,12,13,15,18,20,21,22,23,24,25,29],
[1,2,3,4,5,7,8,9,10,11,12,14,15,16,19,22,24,25,26,28,29],
[1,2,3,4,5,7,8,9,10,11,12,14,17,19,20,22,23,24,25,29,30],
[1,2,3,4,5,7,8,9,10,11,13,16,17,20,23,24,25,27,28,29,30],
[1,2,3,4,5,7,8,9,10,12,13,14,15,16,20,23,24,25,28,29,30],
[1,2,3,4,5,7,8,9,10,12,14,15,16,19,22,23,24,25,26,28,30],
[1,2,3,4,5,7,8,10,11,12,13,14,15,16,18,21,22,23,24,26,28],
[1,2,3,4,5,7,8,10,11,12,14,15,18,19,20,21,22,24,28,29,31],
[1,2,3,4,5,7,8,10,11,12,15,18,19,20,22,24,25,28,29,30,31],
[1,2,3,4,5,7,8,10,11,12,15,18,19,20,22,24,27,28,29,30,31],
[1,2,3,4,5,7,8,10,11,13,15,16,17,18,20,24,25,27,28,29,31],
[1,2,3,4,5,7,8,10,11,13,15,16,17,18,22,24,25,27,28,29,31],
[1,2,3,4,5,7,8,11,12,13,14,15,16,18,22,23,24,26,28,30,31],
[1,2,3,4,5,7,8,11,12,14,15,16,18,19,22,24,26,28,29,30,31],
[1,2,3,4,7,8,11,13,16,17,18,20,23,24,25,26,27,28,29,30,31],
[1,2,3,4,5,6,7,8,9,10,11,12,13,14,15,16,20,23,24,28,30,31],
[1,2,3,4,5,6,7,8,9,10,11,12,13,14,15,16,21,22,23,24,25,26],
[1,2,3,4,5,6,7,8,9,10,11,12,13,15,17,18,22,23,24,25,26,27],
[1,2,3,4,5,6,7,8,9,10,11,12,14,15,16,17,19,22,24,26,30,31],
[1,2,3,4,5,6,7,8,9,10,11,13,16,17,20,22,23,24,25,27,29,30],
[1,2,3,4,5,6,7,8,9,10,11,14,16,17,19,20,22,23,24,25,26,30],
[1,2,3,4,5,6,7,8,9,10,12,13,14,15,16,17,22,23,24,25,26,30],
[1,2,3,4,5,6,7,8,9,10,12,13,14,15,16,20,22,23,24,25,29,30],
[1,2,3,4,5,6,7,8,9,12,14,15,17,18,19,20,22,23,24,25,26,30],
[1,2,3,4,5,6,7,8,10,11,13,14,15,16,17,18,20,21,22,23,24,31],
[1,2,3,4,5,7,8,9,10,11,12,13,14,15,16,20,21,23,24,25,28,29],
[1,2,3,4,5,7,8,11,12,13,14,16,17,18,22,23,24,26,28,29,30,31],
[1,2,3,4,5,6,7,8,9,10,11,12,13,14,15,16,22,23,24,26,28,30,31],
[1,2,3,4,5,6,7,8,9,10,11,12,13,14,16,17,20,21,22,23,24,25,29],
[1,2,3,4,5,6,7,8,9,10,11,12,13,14,16,17,20,22,23,24,29,30,31],
[1,2,3,4,5,6,7,8,9,10,11,12,13,14,16,17,20,23,24,25,26,28,30],
[1,2,3,4,5,6,7,8,9,10,11,12,13,15,16,20,22,23,24,25,27,29,30],
[1,2,3,4,5,6,7,8,9,10,11,12,13,17,18,20,22,23,24,25,27,29,30],
[1,2,3,4,5,6,7,8,9,10,11,12,14,15,16,19,20,22,23,24,25,26,30],
[1,2,3,4,5,6,7,8,9,11,13,15,16,17,18,20,22,23,24,25,26,27,30],
[1,2,3,4,5,6,7,9,10,11,12,13,14,15,16,17,20,21,23,24,25,26,28],
[1,2,3,4,5,7,8,9,10,11,12,14,16,17,19,22,23,24,25,26,28,29,30],
[1,2,3,4,5,7,8,10,11,15,16,17,18,19,20,22,24,25,27,28,29,30,31],
[1,2,3,4,5,6,7,8,10,11,12,13,15,16,18,20,22,23,24,25,27,29,30,31],
[1,2,3,4,5,6,7,8,9,10,11,12,13,14,15,16,17,19,20,21,22,24,25,29,31],
[1,2,3,4,5,6,7,8,9,10,11,12,13,14,15,16,17,19,20,24,25,26,28,30,31],
[1,2,3,4,5,6,7,8,9,10,11,12,13,14,15,17,18,19,20,21,22,23,24,25,26],
[1,2,3,4,5,6,7,8,10,11,12,13,14,15,16,17,18,20,21,23,24,25,26,28,31],
[1,2,3,4,5,6,7,8,9,10,11,12,13,14,15,17,18,19,20,22,23,24,26,27,28,30,31],
[1,2,3,4,5,6,7,8,10,11,12,14,15,16,17,18,19,20,21,22,23,24,25,26,28,30,31],
[1,2,3,4,5,6,7,9,10,11,12,13,15,16,17,18,20,21,22,23,24,25,27,28,29,30,31],
[1,2,3,4,5,6,7,8,9,10,11,12,13,14,15,16,17,18,19,20,21,22,23,25,26,27,28,29,30,31],
[1,2,3,4,5,6,8,9,10,11,12,13,14,15,16,17,18,19,20,21,22,23,24,25,26,27,28,29,30,31]];
