return [[1,2,3,4,5,6,7,8,9,10,11,13,14,15,17,21,23,24,25,28],
[1,2,3,4,5,6,7,8,9,10,11,13,14,17,21,22,23,24,25,28],
[1,2,3,4,5,6,7,8,9,10,11,13,14,18,19,20,21,22,24,25],
[1,2,3,4,5,6,7,8,9,10,11,13,14,18,19,20,21,22,24,28],
[1,2,3,4,5,6,7,8,9,10,11,13,14,18,19,20,21,22,25,28],
[1,2,3,4,5,6,7,8,9,10,11,13,14,18,19,20,22,24,25,28],
[1,2,3,4,5,6,7,8,9,10,11,13,14,18,19,21,22,23,24,25],
[1,2,3,4,5,6,7,8,9,10,11,13,14,18,19,22,23,24,25,28],
[1,2,3,4,5,6,7,8,9,10,11,13,14,18,20,21,22,24,25,28],
[1,2,3,4,5,6,7,8,9,10,11,13,14,18,21,22,23,24,25,28],
[1,2,3,4,5,6,7,8,9,10,11,13,14,19,20,21,22,23,24,25],
[1,2,3,4,5,6,7,8,9,10,11,13,15,17,20,21,23,24,25,28],
[1,2,3,4,5,6,7,8,9,10,11,13,17,20,21,22,23,24,25,27],
[1,2,3,4,5,6,7,8,9,10,11,13,17,20,21,22,24,25,27,28],
[1,2,3,4,5,6,7,8,9,10,11,13,17,20,21,23,24,25,27,28],
[1,2,3,4,5,6,7,8,9,10,11,13,18,19,20,21,22,24,27,28],
[1,2,3,4,5,6,7,8,9,10,11,13,18,19,20,22,24,25,27,28],
[1,2,3,4,5,6,7,8,9,10,11,13,18,19,20,23,24,25,27,28],
[1,2,3,4,5,6,7,8,9,10,11,14,16,18,20,21,23,24,25,27],
[1,2,3,4,5,6,7,8,9,10,11,14,16,18,20,21,23,25,27,30],
[1,2,3,4,5,6,7,8,9,10,11,14,16,18,20,21,24,25,27,28],
[1,2,3,4,5,6,7,8,9,10,11,14,16,18,20,21,25,27,28,30],
[1,2,3,4,5,6,7,8,9,10,11,14,16,18,21,23,24,25,27,28],
[1,2,3,4,5,6,7,8,9,10,11,14,16,18,21,23,25,27,28,30],
[1,2,3,4,5,6,7,8,9,10,11,14,16,20,21,23,24,25,27,28],
[1,2,3,4,5,6,7,8,9,10,11,14,16,20,21,23,25,27,28,30],
[1,2,3,4,5,6,7,8,9,10,11,14,17,20,21,22,23,24,25,27],
[1,2,3,4,5,6,7,8,9,10,11,14,17,20,21,23,24,25,27,28],
[1,2,3,4,5,6,7,8,9,10,11,14,18,19,20,21,22,24,25,27],
[1,2,3,4,5,6,7,8,9,10,11,14,18,19,20,21,22,24,27,28],
[1,2,3,4,5,6,7,8,9,10,11,14,18,19,20,21,22,25,27,28],
[1,2,3,4,5,6,7,8,9,10,11,14,18,19,20,22,24,25,27,28],
[1,2,3,4,5,6,7,8,9,10,11,14,18,19,21,22,23,24,25,27],
[1,2,3,4,5,6,7,8,9,10,11,14,18,19,22,23,24,25,27,28],
[1,2,3,4,5,6,7,8,9,10,11,14,18,20,21,22,24,25,27,28],
[1,2,3,4,5,6,7,8,9,10,11,16,18,20,21,23,25,27,28,30],
[1,2,3,4,5,6,7,8,9,10,13,14,15,17,20,21,23,24,25,28],
[1,2,3,4,5,6,7,8,9,10,13,14,18,19,20,21,22,23,24,25],
[1,2,3,4,5,6,7,8,9,10,14,16,18,20,21,23,24,25,27,28],
[1,2,3,4,5,6,7,8,9,10,14,16,18,20,21,23,25,27,28,30],
[1,2,3,4,5,6,7,8,9,10,14,18,19,20,21,22,23,24,25,27],
[1,2,3,4,5,6,7,8,9,10,14,18,20,21,23,25,26,27,28,30],
[1,2,3,4,5,6,7,8,9,11,12,14,17,20,21,23,24,25,27,28],
[1,2,3,4,5,6,7,8,9,11,14,18,19,20,21,22,23,24,25,27],
[1,2,3,4,5,6,7,8,10,11,13,14,18,19,20,21,22,24,27,28],
[1,2,3,4,5,6,7,8,10,11,13,14,18,19,20,22,24,25,27,28],
[1,2,3,4,5,6,7,9,10,11,13,14,17,18,21,22,23,24,25,28],
[1,2,3,4,5,6,7,9,10,11,13,14,17,18,21,22,25,27,28,30],
[1,2,3,4,5,6,7,9,10,11,13,14,17,18,21,23,24,27,28,30],
[1,2,3,4,5,6,7,9,10,11,13,14,17,18,21,23,25,27,28,30],
[1,2,3,4,5,6,7,9,10,11,13,14,17,18,22,23,24,25,27,28],
[1,2,3,4,5,6,7,9,10,11,13,14,17,19,22,23,24,25,27,28],
[1,2,3,4,5,6,7,9,10,11,13,14,18,19,20,21,22,24,27,28],
[1,2,3,4,5,6,7,9,10,11,13,14,18,19,20,21,22,25,28,30],
[1,2,3,4,5,6,7,9,10,11,14,16,17,20,21,23,24,25,27,30],
[1,2,3,4,5,6,7,9,10,11,14,16,17,20,21,23,24,27,28,30],
[1,2,3,4,5,6,8,9,10,11,12,13,15,16,20,21,23,24,25,30],
[1,2,3,4,5,6,8,9,10,11,12,13,15,16,20,21,23,24,28,30],
[1,2,3,4,5,6,8,9,10,11,12,13,15,16,20,21,24,25,28,30],
[1,2,3,4,5,6,8,9,10,11,12,13,15,16,20,23,24,25,28,30],
[1,2,3,4,5,6,8,9,10,11,12,13,15,18,21,22,23,24,25,28],
[1,2,3,4,5,6,8,9,10,11,12,13,15,18,21,22,23,25,28,30],
[1,2,3,4,5,6,8,9,10,11,12,13,15,20,21,22,24,27,28,30],
[1,2,3,4,5,6,8,9,10,11,12,13,15,20,21,23,24,27,28,30],
[1,2,3,4,5,6,8,9,10,11,12,13,16,18,20,21,23,24,25,30],
[1,2,3,4,5,6,8,9,10,11,12,13,16,18,20,23,24,25,28,30],
[1,2,3,4,5,6,8,9,10,11,12,13,18,19,22,23,24,25,27,28],
[1,2,3,4,5,6,8,9,10,11,12,13,18,19,22,23,24,27,28,30],
[1,2,3,4,5,6,8,9,10,11,12,13,18,20,21,22,24,25,27,28],
[1,2,3,4,5,6,8,9,10,11,12,13,18,20,21,22,25,27,28,30],
[1,2,3,4,5,6,8,9,10,11,12,13,18,20,23,24,25,27,28,30],
[1,2,3,4,5,6,8,9,10,11,12,14,15,18,21,22,23,24,25,28],
[1,2,3,4,5,6,8,9,10,11,12,14,15,18,21,22,23,24,27,28],
[1,2,3,4,5,6,8,9,10,11,12,14,16,18,21,23,24,25,27,28],
[1,2,3,4,5,6,8,9,10,11,12,15,16,20,21,23,24,27,28,30],
[1,2,3,4,5,6,8,9,10,11,12,16,18,20,23,24,25,27,28,30],
[1,2,3,4,5,6,8,9,10,11,13,14,15,18,21,22,23,24,25,28],
[1,2,3,4,5,6,8,9,10,11,13,18,19,20,23,24,25,27,28,30],
[1,2,3,4,5,6,8,9,10,12,13,14,15,18,21,23,25,26,28,30],
[1,2,3,4,5,6,8,9,10,12,13,18,19,20,23,24,25,27,28,30],
[1,2,3,4,5,6,8,9,10,12,14,15,16,20,21,23,24,27,28,30],
[1,2,3,4,5,6,8,9,11,12,13,14,15,18,21,22,23,24,25,28],
[1,2,3,4,5,6,8,9,11,12,13,14,18,19,20,21,23,24,27,30],
[1,2,3,4,5,6,8,9,11,12,13,14,18,19,20,23,24,25,27,28],
[1,2,3,4,5,6,8,9,11,12,13,18,19,20,23,24,25,27,28,30],
[1,2,3,4,5,6,8,9,11,12,14,16,18,20,21,23,24,27,28,30],
[1,2,3,4,5,6,9,10,11,12,13,15,17,20,21,22,23,24,27,30],
[1,2,3,4,6,7,8,9,11,12,13,14,15,18,20,21,22,24,25,28],
[1,2,3,4,7,8,9,10,11,12,13,15,18,21,22,23,24,27,28,30],
[1,2,3,5,6,7,8,9,11,12,14,16,18,20,21,23,24,25,27,29],
[1,2,3,4,5,6,7,8,9,10,11,13,14,15,17,20,21,22,23,24,25],
[1,2,3,4,5,6,7,8,9,10,11,13,14,15,17,20,21,22,24,25,28],
[1,2,3,4,5,6,7,8,9,10,11,13,14,18,19,21,22,23,24,27,28],
[1,2,3,4,5,6,7,8,9,10,11,13,17,18,21,22,23,24,25,27,28],
[1,2,3,4,5,6,7,8,9,10,11,13,18,19,20,21,22,23,24,25,27],
[1,2,3,4,5,6,7,8,9,10,11,14,16,18,19,20,23,24,25,27,28],
[1,2,3,4,5,6,7,8,9,11,12,14,16,18,20,21,23,24,25,27,28],
[1,2,3,4,5,6,8,9,10,11,12,13,15,18,21,22,23,24,27,28,30],
[1,2,3,4,5,6,8,9,10,11,12,13,16,18,20,21,23,24,27,28,30],
[1,2,3,4,5,6,7,8,9,10,11,12,13,16,18,20,21,23,24,25,27,28],
[1,2,3,4,5,6,7,8,9,10,11,14,16,18,19,20,21,23,24,27,28,30],
[1,2,3,4,5,6,7,8,10,11,13,14,18,19,20,21,22,23,24,25,27,29],
[1,2,3,4,5,6,9,10,11,12,13,14,15,17,18,21,22,23,24,25,28,30],
[1,2,3,4,5,6,7,8,9,10,11,13,14,15,17,19,20,21,22,23,24,27,28],
[1,2,3,4,5,6,7,8,9,10,11,13,14,15,16,18,19,20,21,23,24,25,28,30],
[1,2,3,4,5,6,7,9,10,11,13,14,17,18,19,20,21,22,23,24,25,27,29,30],
[1,2,3,4,5,6,7,8,9,10,11,13,14,15,17,19,20,21,22,23,25,26,27,28,30]];
