return [[1,2,3,4,5,6,7,8,9,10,11,12,14,16,18,20,21,22,25,26],
[1,2,3,4,5,6,7,8,9,10,11,12,14,16,18,20,21,22,25,28],
[1,2,3,4,5,6,7,8,9,10,11,12,14,16,18,20,21,25,26,29],
[1,2,3,4,5,6,7,8,9,10,11,12,14,16,18,20,21,25,27,29],
[1,2,3,4,5,6,7,8,9,10,11,12,14,16,20,21,22,25,27,28],
[1,2,3,4,5,6,7,8,9,10,11,12,14,18,20,21,22,25,26,28],
[1,2,3,4,5,6,7,8,9,10,11,12,14,18,20,21,23,25,27,28],
[1,2,3,4,5,6,7,8,9,10,11,12,14,18,20,23,25,27,28,29],
[1,2,3,4,5,6,7,8,9,10,11,12,14,18,21,23,25,27,28,30],
[1,2,3,4,5,6,7,8,9,10,11,12,14,18,23,25,27,28,29,30],
[1,2,3,4,5,6,7,8,9,10,11,12,15,16,18,19,20,25,26,28],
[1,2,3,4,5,6,7,8,9,10,11,12,15,16,18,19,20,25,27,28],
[1,2,3,4,5,6,7,8,9,10,11,12,15,16,18,19,20,26,27,29],
[1,2,3,4,5,6,7,8,9,10,11,12,15,16,19,20,22,25,26,28],
[1,2,3,4,5,6,7,8,9,10,11,12,15,16,19,20,22,26,27,28],
[1,2,3,4,5,6,7,8,9,10,11,12,15,16,19,20,24,26,27,29],
[1,2,3,4,5,6,7,8,9,10,11,12,15,16,20,22,25,26,27,29],
[1,2,3,4,5,6,7,8,9,10,11,12,15,16,20,24,25,26,27,29],
[1,2,3,4,5,6,7,8,9,10,11,12,15,20,22,25,26,27,28,29],
[1,2,3,4,5,6,7,8,9,10,11,12,16,17,18,19,20,21,24,25],
[1,2,3,4,5,6,7,8,9,10,11,12,16,17,18,19,20,21,25,28],
[1,2,3,4,5,6,7,8,9,10,11,12,16,17,18,19,20,21,27,28],
[1,2,3,4,5,6,7,8,9,10,11,12,16,17,18,19,20,25,27,28],
[1,2,3,4,5,6,7,8,9,10,11,12,16,17,18,19,21,23,24,25],
[1,2,3,4,5,6,7,8,9,10,11,12,16,17,18,19,21,23,25,27],
[1,2,3,4,5,6,7,8,9,10,11,12,16,17,18,19,21,25,27,28],
[1,2,3,4,5,6,7,8,9,10,11,12,16,17,19,20,22,25,27,28],
[1,2,3,4,5,6,7,8,9,10,11,12,16,18,19,20,21,24,25,26],
[1,2,3,4,5,6,7,8,9,10,11,12,16,18,19,20,21,24,26,29],
[1,2,3,4,5,6,7,8,9,10,11,12,16,18,19,20,21,25,26,28],
[1,2,3,4,5,6,7,8,9,10,11,12,16,18,19,21,24,25,26,29],
[1,2,3,4,5,6,7,8,9,10,11,12,16,19,20,21,22,24,25,26],
[1,2,3,4,5,6,7,8,9,10,11,12,16,20,21,22,24,25,26,29],
[1,2,3,4,5,6,7,8,9,10,11,12,18,19,21,23,24,25,26,30],
[1,2,3,4,5,6,7,8,9,10,11,12,18,19,21,24,25,26,29,30],
[1,2,3,4,5,6,7,8,9,10,11,12,19,20,21,22,24,25,26,28],
[1,2,3,4,5,6,7,8,9,10,12,14,15,16,17,18,20,22,25,28],
[1,2,3,4,5,6,7,8,9,10,12,14,15,16,17,18,20,25,27,28],
[1,2,3,4,5,6,7,8,9,10,12,14,15,16,17,20,22,25,27,28],
[1,2,3,4,5,6,7,8,9,10,12,14,15,17,18,20,21,22,28,30],
[1,2,3,4,5,6,7,8,9,10,12,14,15,17,18,20,25,27,28,30],
[1,2,3,4,5,6,7,8,9,10,12,14,15,17,20,21,22,27,28,30],
[1,2,3,4,5,6,7,8,9,10,12,14,15,17,20,22,24,25,27,30],
[1,2,3,4,5,6,7,8,9,10,12,14,15,17,20,22,25,27,28,30],
[1,2,3,4,5,6,7,8,9,10,12,14,17,18,20,21,23,25,28,30],
[1,2,3,4,5,6,7,8,9,10,12,14,17,18,20,21,23,27,28,30],
[1,2,3,4,5,6,7,8,9,10,12,15,16,17,18,19,20,24,25,26],
[1,2,3,4,5,6,7,8,9,10,12,15,16,17,19,20,21,22,24,27],
[1,2,3,4,5,6,7,8,9,10,12,15,17,18,19,20,21,26,28,30],
[1,2,3,4,5,6,7,8,9,10,13,14,16,17,18,20,21,23,24,27],
[1,2,3,4,5,6,7,8,9,10,13,15,16,17,18,19,20,24,25,26],
[1,2,3,4,5,6,7,8,9,12,16,17,18,19,21,23,24,25,26,30],
[1,2,3,4,5,7,8,9,13,14,16,17,20,21,22,23,24,26,27,30],
[1,2,3,4,5,6,7,8,9,10,11,12,14,15,16,18,20,25,27,28,29],
[1,2,3,4,5,6,7,8,9,10,11,12,14,15,16,20,22,25,27,28,29],
[1,2,3,4,5,6,7,8,9,10,11,12,14,16,17,18,20,21,25,27,28],
[1,2,3,4,5,6,7,8,9,10,11,12,15,16,18,19,20,24,25,26,29],
[1,2,3,4,5,6,7,8,9,10,11,12,16,17,18,19,20,21,23,24,27],
[1,2,3,4,5,6,7,8,9,10,12,14,15,16,17,18,20,21,22,27,28],
[1,2,3,4,5,6,7,8,9,12,14,16,17,20,21,22,23,24,26,27,30],
[1,2,3,4,5,6,7,8,9,10,11,12,14,15,16,18,20,22,25,26,28,29],
[1,2,3,4,5,6,7,8,9,10,11,12,14,18,20,21,23,25,26,28,29,30],
[1,2,3,4,5,6,7,8,9,10,12,15,17,19,20,21,22,24,26,27,28,30],
[1,2,3,4,5,6,7,8,9,10,11,12,14,15,16,18,20,21,22,26,27,28,29],
[1,2,3,4,5,6,7,8,9,10,11,12,14,20,21,22,23,24,25,26,27,28,29,30],
[1,2,3,4,5,6,7,8,9,10,11,12,13,15,18,19,20,23,24,25,26,27,28,29,30]];
