return [[1,2,3,4,5,6,7,8,9,10,13,15,16,17,19,23,25,26,28,31],
[1,2,3,4,5,6,7,8,9,10,13,15,16,17,19,23,25,26,31,33],
[1,2,3,4,5,6,7,8,9,10,13,15,16,17,19,23,25,28,29,31],
[1,2,3,4,5,6,7,8,9,10,13,15,16,17,19,23,25,28,29,33],
[1,2,3,4,5,6,7,8,9,10,13,15,16,17,19,23,25,29,31,33],
[1,2,3,4,5,6,7,8,9,10,13,15,16,17,19,25,26,28,31,33],
[1,2,3,4,5,6,7,8,9,10,13,15,16,17,19,25,28,29,31,33],
[1,2,3,4,5,6,7,8,9,10,13,15,16,17,23,25,26,28,31,33],
[1,2,3,4,5,6,7,8,9,10,13,15,16,17,23,25,28,29,31,33],
[1,2,3,4,5,6,7,8,9,10,13,15,16,19,23,25,28,29,31,33],
[1,2,3,4,5,6,7,8,9,10,13,16,17,18,19,25,28,29,31,33],
[1,2,3,4,5,6,7,8,9,10,13,16,17,19,20,21,23,25,26,33],
[1,2,3,4,5,6,7,8,9,10,13,16,17,19,20,21,23,25,29,33],
[1,2,3,4,5,6,7,8,9,10,13,16,17,19,20,23,25,28,29,33],
[1,2,3,4,5,6,7,8,9,10,13,16,17,19,21,23,25,26,31,33],
[1,2,3,4,5,6,7,8,9,10,13,16,17,19,21,23,25,29,31,33],
[1,2,3,4,5,6,7,8,9,10,13,16,17,19,23,24,26,27,28,31],
[1,2,3,4,5,6,7,8,9,10,13,16,17,19,23,24,27,28,29,31],
[1,2,3,4,5,6,7,8,9,10,13,17,19,20,21,23,25,26,31,33],
[1,2,3,4,5,6,7,8,9,10,13,17,19,20,21,23,25,29,31,33],
[1,2,3,4,5,6,7,8,9,10,13,17,19,20,21,23,26,29,31,33],
[1,2,3,4,5,6,7,8,9,10,13,17,19,23,24,26,27,28,29,31],
[1,2,3,4,5,6,7,8,9,10,16,17,19,20,21,23,25,28,29,33],
[1,2,3,4,5,6,7,8,9,10,17,19,20,21,23,25,26,29,31,33],
[1,2,3,4,5,6,7,8,9,11,12,14,16,19,21,25,29,30,31,33],
[1,2,3,4,5,6,7,8,9,11,12,14,16,21,25,28,29,30,31,33],
[1,2,3,4,5,6,7,8,9,11,12,14,19,25,26,27,28,30,31,33],
[1,2,3,4,5,6,7,8,9,11,13,14,15,16,17,18,19,28,29,31],
[1,2,3,4,5,6,7,8,9,11,13,14,15,17,18,19,20,28,29,33],
[1,2,3,4,5,6,7,8,9,11,13,14,15,17,18,19,20,28,30,33],
[1,2,3,4,5,6,7,8,9,11,13,14,15,17,18,19,28,29,31,33],
[1,2,3,4,5,6,7,8,9,11,13,14,15,17,19,27,28,29,31,33],
[1,2,3,4,5,6,7,8,9,11,13,14,15,17,19,27,28,30,31,33],
[1,2,3,4,5,6,7,8,9,11,13,14,15,17,19,27,29,30,31,33],
[1,2,3,4,5,6,7,8,9,11,13,14,15,17,23,27,28,29,30,33],
[1,2,3,4,5,6,7,8,9,11,13,14,15,17,23,27,28,29,31,33],
[1,2,3,4,5,6,7,8,9,11,13,14,15,17,23,27,28,30,31,33],
[1,2,3,4,5,6,7,8,9,11,13,14,15,17,23,27,29,30,31,33],
[1,2,3,4,5,6,7,8,9,11,13,14,15,18,19,20,25,28,30,33],
[1,2,3,4,5,6,7,8,9,11,13,14,15,23,27,28,29,30,31,33],
[1,2,3,4,5,6,7,8,9,11,13,14,15,23,28,29,30,31,32,33],
[1,2,3,4,5,6,7,8,9,11,13,14,16,17,19,24,26,28,30,31],
[1,2,3,4,5,6,7,8,9,11,13,14,17,18,19,20,25,26,28,33],
[1,2,3,4,5,6,7,8,9,11,13,14,17,18,19,20,25,26,31,33],
[1,2,3,4,5,6,7,8,9,11,13,14,17,18,19,20,25,28,30,33],
[1,2,3,4,5,6,7,8,9,11,13,14,17,18,20,23,28,29,31,33],
[1,2,3,4,5,6,7,8,9,11,13,14,17,18,20,25,26,28,33,35],
[1,2,3,4,5,6,7,8,9,11,13,14,17,18,20,25,26,31,33,35],
[1,2,3,4,5,6,7,8,9,11,13,14,17,19,20,23,26,27,28,30],
[1,2,3,4,5,6,7,8,9,11,13,14,17,19,20,23,26,27,30,31],
[1,2,3,4,5,6,7,8,9,11,13,14,17,19,20,23,27,28,29,30],
[1,2,3,4,5,6,7,8,9,11,13,14,17,19,20,23,27,29,31,33],
[1,2,3,4,5,6,7,8,9,11,13,14,17,19,20,23,28,29,30,32],
[1,2,3,4,5,6,7,8,9,11,13,14,17,19,20,25,26,28,30,33],
[1,2,3,4,5,6,7,8,9,11,13,14,17,19,20,26,27,28,30,33],
[1,2,3,4,5,6,7,8,9,11,13,14,17,19,23,27,29,30,31,33],
[1,2,3,4,5,6,7,8,9,11,13,14,17,19,24,26,27,28,30,31],
[1,2,3,4,5,6,7,8,9,11,13,14,17,20,23,26,27,28,30,33],
[1,2,3,4,5,6,7,8,9,11,13,14,17,20,23,26,27,28,31,33],
[1,2,3,4,5,6,7,8,9,11,13,14,17,20,23,26,27,30,31,33],
[1,2,3,4,5,6,7,8,9,11,13,14,17,20,23,26,28,30,33,35],
[1,2,3,4,5,6,7,8,9,11,13,14,17,20,23,27,28,29,30,33],
[1,2,3,4,5,6,7,8,9,11,13,14,17,20,23,27,28,29,31,33],
[1,2,3,4,5,6,7,8,9,11,13,14,17,20,25,26,28,30,33,35],
[1,2,3,4,5,6,7,8,9,11,13,14,17,23,26,27,28,30,31,33],
[1,2,3,4,5,6,7,8,9,11,13,14,17,23,26,28,30,31,33,35],
[1,2,3,4,5,6,7,8,9,11,13,14,18,19,20,25,26,28,31,33],
[1,2,3,4,5,6,7,8,9,11,13,14,18,20,25,26,28,31,33,35],
[1,2,3,4,5,6,7,8,9,11,13,14,19,20,23,27,28,29,31,32],
[1,2,3,4,5,6,7,8,9,11,13,14,19,20,23,27,29,30,31,32],
[1,2,3,4,5,6,7,8,9,11,13,14,20,23,25,26,28,30,31,33],
[1,2,3,4,5,6,7,8,9,11,13,14,20,23,25,28,30,31,32,33],
[1,2,3,4,5,6,7,8,9,11,13,14,20,23,26,27,28,30,31,33],
[1,2,3,4,5,6,7,8,9,11,13,15,16,17,18,19,28,29,31,33],
[1,2,3,4,5,6,7,8,9,11,13,15,16,17,19,27,29,30,31,33],
[1,2,3,4,5,6,7,8,9,11,13,15,16,23,28,29,30,31,32,33],
[1,2,3,4,5,6,7,8,9,11,13,16,17,19,20,21,25,26,30,33],
[1,2,3,4,5,6,7,8,9,11,13,16,17,19,20,25,26,28,30,33],
[1,2,3,4,5,6,7,8,9,11,13,16,17,19,24,26,27,28,30,31],
[1,2,3,4,5,6,7,8,9,11,13,16,17,23,26,28,30,31,33,35],
[1,2,3,4,5,6,7,8,9,11,13,17,19,20,21,23,26,30,31,33],
[1,2,3,4,5,6,7,8,9,11,13,17,19,20,23,26,27,30,31,33],
[1,2,3,4,5,6,7,8,9,11,13,17,20,23,26,27,28,29,31,33],
[1,2,3,4,5,6,7,8,9,11,13,20,21,23,25,26,30,31,33,35],
[1,2,3,4,5,6,7,8,9,11,14,15,16,17,18,19,25,28,29,33],
[1,2,3,4,5,6,7,8,9,11,14,15,16,17,18,19,28,29,31,33],
[1,2,3,4,5,6,7,8,9,11,14,15,16,17,19,25,28,29,30,33],
[1,2,3,4,5,6,7,8,9,11,14,15,16,17,23,28,29,30,31,33],
[1,2,3,4,5,6,7,8,9,11,14,15,16,18,19,25,28,29,31,33],
[1,2,3,4,5,6,7,8,9,11,14,15,16,19,25,28,29,30,31,32],
[1,2,3,4,5,6,7,8,9,11,14,15,16,23,28,29,30,31,32,33],
[1,2,3,4,5,6,7,8,9,11,14,15,17,19,27,28,29,30,31,33],
[1,2,3,4,5,6,7,8,9,11,14,16,17,19,21,23,24,28,29,30],
[1,2,3,4,5,6,7,8,9,11,14,16,17,19,21,23,24,29,30,31],
[1,2,3,4,5,6,7,8,9,11,14,16,17,19,21,25,26,30,31,33],
[1,2,3,4,5,6,7,8,9,11,14,16,17,19,21,25,26,30,31,35],
[1,2,3,4,5,6,7,8,9,11,14,16,17,21,23,25,28,29,30,33],
[1,2,3,4,5,6,7,8,9,11,14,16,17,21,25,26,28,30,33,35],
[1,2,3,4,5,6,7,8,9,11,14,16,17,21,25,26,30,31,33,35],
[1,2,3,4,5,6,7,8,9,11,14,17,19,20,21,23,26,27,29,31],
[1,2,3,4,5,6,7,8,9,11,14,17,19,20,21,23,27,29,30,33],
[1,2,3,4,5,6,7,8,9,11,14,17,19,21,23,24,26,27,29,31],
[1,2,3,4,5,6,7,8,9,11,14,17,19,21,23,24,26,27,30,31],
[1,2,3,4,5,6,7,8,9,13,14,15,17,19,20,23,27,28,29,30],
[1,2,3,4,5,6,7,8,9,13,14,15,17,19,23,26,27,30,31,33],
[1,2,3,4,5,6,7,8,9,13,14,15,17,20,23,27,28,29,30,33],
[1,2,3,4,5,6,7,8,9,13,14,15,17,23,26,27,28,30,31,33],
[1,2,3,4,5,6,7,8,9,13,14,15,19,23,25,26,27,30,31,33],
[1,2,3,4,5,6,7,8,9,13,15,16,23,25,28,29,30,31,32,33],
[1,2,3,4,5,6,7,8,9,13,16,17,23,25,26,28,30,31,33,35],
[1,2,3,4,5,6,7,8,11,12,14,16,19,21,25,26,29,30,31,33],
[1,2,3,4,5,6,7,8,11,13,14,16,17,23,26,28,30,31,33,35],
[1,2,3,4,5,6,7,8,11,14,16,21,23,25,26,28,30,31,33,35],
[1,2,3,4,5,6,7,9,10,11,13,16,17,18,19,21,26,27,31,33],
[1,2,3,4,5,6,7,9,10,11,13,16,17,18,19,21,27,28,29,33],
[1,2,3,4,5,6,7,9,10,11,13,16,17,18,19,21,27,29,31,33],
[1,2,3,4,5,6,7,9,10,11,13,16,17,18,19,26,27,28,31,33],
[1,2,3,4,5,6,7,9,10,11,13,16,17,18,19,27,28,29,31,33],
[1,2,3,4,5,6,7,9,10,11,16,17,18,19,21,26,27,28,31,33],
[1,2,3,4,5,6,7,9,11,14,17,18,19,20,21,25,26,28,30,33],
[1,2,3,4,5,6,7,9,11,14,17,18,19,20,21,26,27,28,30,33],
[1,2,3,4,5,6,7,9,11,14,17,18,19,20,21,27,28,29,30,32],
[1,2,3,4,5,6,7,9,13,15,16,19,21,23,25,27,30,31,32,33],
[1,2,3,4,5,6,7,10,11,13,16,17,18,19,21,26,27,29,31,33],
[1,2,3,4,5,6,7,11,14,16,17,18,21,23,26,27,28,29,31,33],
[1,2,3,4,5,6,8,9,11,13,14,15,17,19,20,24,26,27,30,31],
[1,2,3,4,5,6,14,15,16,17,18,20,21,23,25,26,28,30,33,35],
[1,2,3,6,7,9,11,12,14,17,18,20,21,23,26,27,28,30,33,35],
[1,2,3,4,5,6,7,8,9,10,11,13,16,17,18,19,26,28,29,31,33],
[1,2,3,4,5,6,7,8,9,10,11,13,16,17,19,24,26,27,28,29,31],
[1,2,3,4,5,6,7,8,9,10,11,13,16,17,19,26,27,28,29,31,33],
[1,2,3,4,5,6,7,8,9,10,11,13,16,18,19,25,26,28,29,31,33],
[1,2,3,4,5,6,7,8,9,10,13,15,16,17,19,23,27,28,29,31,33],
[1,2,3,4,5,6,7,8,9,11,13,14,15,16,17,23,28,30,31,33,35],
[1,2,3,4,5,6,7,8,9,11,13,14,15,16,18,19,25,28,29,31,32],
[1,2,3,4,5,6,7,8,9,11,13,14,15,17,19,20,27,28,29,30,33],
[1,2,3,4,5,6,7,8,9,11,13,14,19,20,25,26,27,28,30,31,33],
[1,2,3,4,5,6,7,8,9,11,13,15,16,17,23,27,28,29,30,31,33],
[1,2,3,4,5,6,7,8,9,11,14,16,17,21,23,26,28,30,31,33,35],
[1,2,3,4,5,6,7,8,9,11,14,17,19,20,21,23,26,27,30,31,33],
[1,2,3,4,5,6,7,8,9,11,14,17,20,21,23,26,27,28,29,30,33],
[1,2,3,4,5,6,7,8,9,10,11,13,16,17,18,19,20,25,26,28,29,33],
[1,2,3,4,5,6,7,8,9,10,11,13,16,17,23,24,26,27,28,29,31,33],
[1,2,3,4,5,6,7,8,9,11,13,14,17,18,19,20,26,27,28,29,31,33],
[1,2,3,4,5,6,7,8,9,11,13,16,17,20,21,23,25,26,28,30,33,35],
[1,2,3,4,5,6,7,8,9,11,14,17,19,20,21,23,24,26,27,28,29,30],
[1,2,3,4,5,6,7,9,10,13,15,16,18,19,21,23,25,27,29,31,32,33],
[1,2,3,4,5,6,7,9,11,13,14,17,18,20,21,23,26,27,28,30,33,35],
[1,2,3,4,5,6,7,8,9,10,11,13,16,17,18,19,20,21,25,26,29,31,33],
[1,2,3,4,5,6,7,8,9,10,11,13,16,17,19,21,23,24,26,27,29,31,33],
[1,2,3,4,5,6,8,9,11,13,14,15,17,20,23,24,26,27,28,30,31,33,35],
[1,2,3,4,5,6,7,8,9,11,13,14,15,16,17,19,23,24,27,28,29,30,31,32],
[1,2,3,4,5,6,7,8,9,10,11,13,16,17,18,20,21,23,25,26,28,29,31,33,35],
[1,2,3,4,5,6,7,8,9,10,11,13,16,17,19,20,21,23,24,26,27,28,29,30,33],
[1,2,3,4,5,6,7,8,9,10,13,14,15,17,18,19,20,23,25,26,27,28,29,31,33],
[1,2,3,4,5,6,7,8,9,11,13,14,15,16,17,18,19,25,26,28,30,31,33,34,35],
[1,2,3,4,5,6,7,8,9,10,11,12,13,16,19,20,21,23,24,25,26,27,28,29,30,31,32,33],
[1,2,3,4,5,6,7,8,9,10,11,13,14,16,17,18,19,20,21,23,24,25,26,28,29,31,32,35]];
