return [[6,7,8,9,10,12,14,16,18,20,24,25,26,28,33,34,35,36,38,42,43,44],
[6,7,8,9,10,11,14,16,18,20,24,25,26,28,33,34,35,36,38,42,43,44],
[2,6,8,9,10,11,14,16,18,20,24,25,26,28,33,34,35,36,38,42,43,44],
[1,2,8,9,10,11,14,16,18,20,24,25,26,28,33,34,35,36,38,41,43,44],
[3,6,7,9,10,11,14,16,18,20,24,25,26,28,33,34,35,36,38,41,43,44],
[2,6,8,9,10,11,14,16,18,20,24,25,26,28,33,34,35,36,37,42,43,44],
[1,2,8,9,10,11,14,16,18,20,22,24,26,28,33,34,35,36,38,41,43,44],
[3,6,7,9,10,11,14,16,18,20,24,25,26,28,33,34,35,36,38,40,41,43],
[2,6,8,9,10,11,14,16,18,20,24,25,26,27,33,34,35,36,37,42,43,44],
[1,2,8,9,10,12,14,16,18,20,22,24,26,28,33,34,35,36,38,41,43,44],
[3,6,7,9,10,11,14,16,18,20,24,25,26,28,30,33,35,36,38,40,41,43]];
