return [[1,2,3,4,5,6,7,8,9,10,15,17,21,23,24,26,28,30,35,37],
[1,2,3,4,5,6,7,8,9,10,15,17,21,23,24,26,28,32,35,37],
[1,2,3,4,5,6,7,8,9,10,15,17,21,23,24,26,29,30,33,36],
[1,2,3,4,5,6,7,8,9,10,15,17,21,23,25,26,27,28,30,35],
[1,2,3,4,5,6,7,8,9,10,15,17,21,23,25,26,27,30,33,35],
[1,2,3,4,5,6,7,8,9,10,15,17,21,23,25,27,28,30,33,35],
[1,2,3,4,5,6,7,8,9,10,15,17,21,23,25,28,30,33,35,36],
[1,2,3,4,5,6,7,8,9,10,15,17,21,23,26,28,29,30,33,36],
[1,2,3,4,5,6,7,8,9,10,15,17,21,24,26,28,29,30,35,37],
[1,2,3,4,5,6,7,8,9,10,15,17,21,24,26,28,29,32,35,37],
[1,2,3,4,5,6,7,8,9,10,15,17,21,26,27,28,29,30,33,36],
[1,2,3,4,5,6,7,8,9,10,15,17,23,24,26,28,30,32,35,37],
[1,2,3,4,5,6,7,8,9,10,15,17,23,24,26,29,30,32,33,36],
[1,2,3,4,5,6,7,8,9,10,15,17,23,25,28,30,32,33,35,36],
[1,2,3,4,5,6,7,8,9,10,15,17,25,26,27,28,29,30,33,36],
[1,2,3,4,5,6,7,8,9,10,15,21,23,26,28,29,30,32,35,36],
[1,2,3,4,5,6,7,8,9,10,15,23,25,26,28,29,30,32,35,36],
[1,2,3,4,5,6,7,8,9,10,15,23,25,26,29,30,32,33,35,36],
[1,2,3,4,5,6,7,8,9,10,15,23,25,28,29,30,32,33,35,36],
[1,2,3,4,5,6,7,8,9,10,17,21,23,24,26,28,29,30,32,35],
[1,2,3,4,5,6,7,8,9,10,17,21,23,24,26,28,30,32,35,37],
[1,2,3,4,5,6,7,8,9,10,17,21,23,24,26,29,30,32,33,35],
[1,2,3,4,5,6,7,8,9,10,17,21,23,24,26,29,30,32,33,36],
[1,2,3,4,5,6,7,8,9,10,17,21,24,26,28,29,30,32,35,37],
[1,2,3,4,5,6,7,8,10,15,17,21,23,24,26,28,32,35,36,37],
[1,2,3,4,5,6,7,8,10,15,17,21,23,25,27,28,30,33,35,36],
[1,2,3,4,5,6,7,8,10,15,21,23,24,26,28,29,32,35,36,37],
[1,2,3,4,5,6,7,8,10,15,21,23,24,26,29,30,32,35,36,37],
[1,2,3,4,5,6,7,8,10,15,21,23,26,28,29,30,32,35,36,37],
[1,2,3,4,5,6,7,9,10,13,15,17,21,24,26,27,28,29,30,36],
[1,2,3,4,5,6,7,9,10,13,15,17,21,24,26,27,28,30,36,37],
[1,2,3,4,5,6,7,9,10,13,15,17,21,24,26,28,29,30,36,37],
[1,2,3,4,5,6,7,9,10,13,15,17,21,24,27,28,30,35,36,37],
[1,2,3,4,5,6,7,9,10,13,15,17,23,24,25,27,28,33,35,36],
[1,2,3,4,5,6,7,9,10,13,15,17,23,24,25,27,30,33,35,36],
[1,2,3,4,5,6,7,9,10,13,15,17,23,24,25,28,32,33,35,36],
[1,2,3,4,5,6,7,9,10,13,15,17,23,24,25,30,32,33,35,36],
[1,2,3,4,5,6,7,9,10,13,15,17,23,24,27,28,30,33,35,36],
[1,2,3,4,5,6,7,9,10,13,15,17,23,25,27,28,30,33,35,36],
[1,2,3,4,5,6,7,9,10,13,15,17,23,25,28,30,32,33,35,36],
[1,2,3,4,5,6,7,9,10,13,15,17,24,26,28,29,30,32,36,37],
[1,2,3,4,5,6,7,9,10,13,15,17,25,27,28,29,30,33,35,36],
[1,2,3,4,5,6,7,9,10,13,15,24,26,27,28,29,30,32,35,36],
[1,2,3,4,5,6,7,9,10,13,15,24,26,28,29,30,32,35,36,37],
[1,2,3,4,5,6,7,9,10,13,17,24,27,28,29,30,32,33,35,36],
[1,2,3,4,5,6,7,9,10,13,17,25,27,28,29,30,32,33,35,36],
[1,2,3,4,5,6,7,9,10,15,17,21,23,24,27,28,30,33,35,36],
[1,2,3,4,5,6,7,9,10,15,17,21,23,25,27,28,30,33,35,36],
[1,2,3,4,5,6,7,9,10,15,21,23,24,26,27,28,29,30,35,36],
[1,2,3,4,5,6,7,9,10,15,21,23,24,26,27,29,30,33,35,36],
[1,2,3,4,5,6,7,9,10,15,21,23,24,26,28,29,30,32,35,36],
[1,2,3,4,5,6,7,9,10,15,21,23,24,26,28,30,32,35,36,37],
[1,2,3,4,5,6,7,9,10,15,21,23,24,27,28,29,30,33,35,36],
[1,2,3,4,5,6,7,9,10,15,21,24,26,28,29,30,32,35,36,37],
[1,2,3,4,5,6,7,9,10,15,23,24,26,27,28,29,30,32,35,36],
[1,2,3,4,5,6,7,9,10,15,23,25,26,27,28,29,30,32,35,36],
[1,2,3,4,5,6,7,9,10,17,21,23,24,26,28,30,32,35,36,37],
[1,2,3,4,5,6,7,9,10,17,21,23,24,27,28,29,30,33,35,36],
[1,2,3,4,5,6,7,9,10,17,23,24,27,28,29,30,32,33,35,36],
[1,2,3,4,5,6,7,10,13,15,17,21,24,26,27,28,29,30,36,37],
[1,2,3,4,5,6,7,10,15,21,23,24,26,28,29,30,32,35,36,37],
[1,2,3,4,5,6,8,9,10,11,12,14,15,17,21,22,26,28,32,37],
[1,2,3,4,5,6,8,9,10,11,12,14,15,17,21,25,26,27,28,30],
[1,2,3,4,5,6,8,9,10,11,12,14,15,17,22,25,26,28,32,36],
[1,2,3,4,5,6,8,9,10,11,12,14,15,17,25,26,28,30,32,36],
[1,2,3,4,5,6,8,9,10,11,12,14,17,21,22,26,28,30,32,37],
[1,2,3,4,5,6,8,9,10,11,14,15,17,21,22,23,24,32,33,35],
[1,2,3,4,5,6,8,9,10,11,14,15,17,21,22,23,26,27,28,35],
[1,2,3,4,5,6,8,9,10,11,14,15,17,21,23,26,28,30,35,37],
[1,2,3,4,5,6,8,9,10,11,14,15,17,23,25,26,28,30,32,36],
[1,2,3,4,5,6,8,9,10,11,14,17,18,21,22,23,24,26,32,35],
[1,2,3,4,5,6,8,9,10,11,14,17,18,21,22,23,24,32,33,35],
[1,2,3,4,5,6,8,9,10,11,14,17,18,23,25,26,27,30,32,35],
[1,2,3,4,5,6,8,9,10,11,14,17,21,22,26,27,28,30,32,35],
[1,2,3,4,5,6,8,9,10,11,14,17,21,22,26,28,30,32,35,37],
[1,2,3,4,5,6,8,9,10,11,14,17,21,23,26,28,30,32,35,37],
[1,2,3,4,5,6,8,9,10,11,14,17,23,25,26,27,28,30,32,35],
[1,2,3,4,5,6,8,9,10,12,14,15,17,21,22,25,27,28,30,33],
[1,2,3,4,5,6,8,9,10,12,14,15,17,21,22,26,27,28,30,33],
[1,2,3,4,5,6,8,9,10,12,15,17,21,22,25,27,28,30,33,36],
[1,2,3,4,5,6,8,9,10,13,14,15,17,21,22,28,30,31,33,35],
[1,2,3,4,5,6,8,9,10,13,14,15,17,21,24,30,31,33,35,37],
[1,2,3,4,5,6,8,9,10,13,14,15,17,22,23,24,28,32,33,35],
[1,2,3,4,5,6,8,9,10,13,14,15,17,22,24,26,28,32,35,37],
[1,2,3,4,5,6,8,9,10,13,14,15,17,22,25,27,28,30,33,35],
[1,2,3,4,5,6,8,9,10,13,14,15,17,22,25,27,28,32,33,35],
[1,2,3,4,5,6,8,9,10,13,14,15,17,22,27,28,30,31,33,35],
[1,2,3,4,5,6,8,9,10,13,14,15,17,23,24,28,30,31,35,37],
[1,2,3,4,5,6,8,9,10,13,14,15,17,23,24,28,30,32,35,37],
[1,2,3,4,5,6,8,9,10,13,14,15,17,23,24,30,31,33,35,37],
[1,2,3,4,5,6,8,9,10,13,14,15,17,23,24,30,32,33,35,37],
[1,2,3,4,5,6,8,9,10,13,14,15,17,24,26,28,30,32,35,37],
[1,2,3,4,5,6,8,9,10,13,14,15,22,24,26,28,29,32,35,37],
[1,2,3,4,5,6,8,9,10,13,14,15,22,26,27,28,29,30,32,35],
[1,2,3,4,5,6,8,9,10,13,14,15,22,26,28,29,30,32,35,37],
[1,2,3,4,5,6,8,9,10,13,14,15,24,26,28,29,30,32,35,37],
[1,2,3,4,5,6,8,9,10,13,14,17,22,25,27,28,30,32,33,35],
[1,2,3,4,5,6,8,9,10,13,14,17,22,26,27,28,29,30,32,35],
[1,2,3,4,5,6,8,9,10,13,14,17,22,27,28,29,30,31,33,35],
[1,2,3,4,5,6,8,9,10,13,14,17,22,27,28,29,30,32,33,35],
[1,2,3,4,5,6,8,9,10,13,15,17,21,22,24,28,29,31,33,35],
[1,2,3,4,5,6,8,9,10,13,15,17,21,22,24,28,29,32,33,35],
[1,2,3,4,5,6,8,9,10,13,15,17,21,22,24,28,29,32,35,37],
[1,2,3,4,5,6,8,9,10,13,15,17,21,22,28,29,32,33,35,36],
[1,2,3,4,5,6,8,9,10,13,15,17,21,24,28,29,30,31,33,35],
[1,2,3,4,5,6,8,9,10,13,15,17,22,24,26,28,29,32,35,37],
[1,2,3,4,5,6,8,9,10,13,15,17,22,25,27,28,29,32,33,35],
[1,2,3,4,5,6,8,9,10,13,15,17,22,25,28,29,32,33,35,36],
[1,2,3,4,5,6,8,9,10,13,17,21,22,24,28,29,30,31,33,35],
[1,2,3,4,5,6,8,9,10,13,17,21,22,24,28,29,30,32,33,35],
[1,2,3,4,5,6,8,9,10,13,17,22,25,27,28,29,30,32,33,35],
[1,2,3,4,5,6,8,9,10,13,17,22,25,28,29,30,32,33,35,36],
[1,2,3,4,5,6,8,9,10,14,15,17,19,22,23,24,28,32,33,35],
[1,2,3,4,5,6,8,9,10,14,15,17,19,22,23,25,27,28,33,35],
[1,2,3,4,5,6,8,9,10,14,15,17,19,22,23,25,28,32,33,35],
[1,2,3,4,5,6,8,9,10,14,15,17,19,22,23,25,28,32,33,36],
[1,2,3,4,5,6,8,9,10,14,15,17,19,22,24,26,27,28,29,32],
[1,2,3,4,5,6,8,9,10,14,15,17,19,22,24,26,27,28,32,35],
[1,2,3,4,5,6,8,9,10,14,15,17,19,22,24,26,27,29,32,33],
[1,2,3,4,5,6,8,9,10,14,15,17,19,22,25,27,28,32,33,35],
[1,2,3,4,5,6,8,9,10,14,15,17,21,22,24,26,27,29,31,33],
[1,2,3,4,5,6,8,9,10,14,15,17,21,22,25,27,28,30,33,35],
[1,2,3,4,5,6,8,9,10,14,15,17,21,22,27,28,30,31,33,35],
[1,2,3,4,5,6,8,9,10,14,15,17,21,23,24,30,31,33,35,37],
[1,2,3,4,5,6,8,9,10,14,15,17,21,23,25,26,27,30,33,35],
[1,2,3,4,5,6,8,9,10,14,15,17,21,23,25,27,28,30,33,35],
[1,2,3,4,5,6,8,9,10,14,15,17,21,23,26,27,28,30,31,33],
[1,2,3,4,5,6,8,9,10,14,15,17,21,23,26,27,28,30,31,35],
[1,2,3,4,5,6,8,9,10,14,15,17,21,23,27,28,30,31,33,35],
[1,2,3,4,5,6,8,9,10,14,15,17,21,24,26,27,29,30,31,33],
[1,2,3,4,5,6,8,9,10,14,15,17,23,24,26,28,30,32,35,37],
[1,2,3,4,5,6,8,9,10,14,15,19,22,23,24,26,28,29,32,35],
[1,2,3,4,5,6,8,9,10,14,15,19,22,23,24,26,29,32,33,35],
[1,2,3,4,5,6,8,9,10,14,15,19,22,23,24,28,29,32,33,35],
[1,2,3,4,5,6,8,9,10,14,15,19,22,24,26,27,28,29,32,35],
[1,2,3,4,5,6,8,9,10,14,15,19,22,24,26,27,29,32,33,35],
[1,2,3,4,5,6,8,9,10,14,15,21,22,23,24,26,29,32,33,35],
[1,2,3,4,5,6,8,9,10,14,15,21,22,24,26,28,29,32,35,37],
[1,2,3,4,5,6,8,9,10,14,15,21,22,27,28,29,30,31,33,35],
[1,2,3,4,5,6,8,9,10,14,15,21,23,24,26,29,30,31,33,35],
[1,2,3,4,5,6,8,9,10,14,15,21,24,26,27,29,30,31,33,35],
[1,2,3,4,5,6,8,9,10,14,17,18,21,23,25,26,27,30,33,35],
[1,2,3,4,5,6,8,9,10,14,17,18,23,25,26,27,30,32,33,35],
[1,2,3,4,5,6,8,9,10,14,17,19,22,23,25,27,28,32,33,35],
[1,2,3,4,5,6,8,9,10,14,17,21,23,24,26,28,30,32,35,37],
[1,2,3,4,5,6,8,9,10,15,17,21,22,24,26,27,28,29,31,33],
[1,2,3,4,5,6,8,9,10,15,17,21,22,24,27,28,29,31,33,35],
[1,2,3,4,5,6,8,10,11,12,14,15,17,21,22,26,28,32,36,37],
[1,2,3,4,5,6,8,10,11,12,14,15,21,22,26,28,30,32,36,37],
[1,2,3,4,5,6,8,10,11,14,15,17,18,21,22,23,25,27,33,35],
[1,2,3,4,5,6,8,10,11,14,15,17,22,23,25,26,28,32,35,37],
[1,2,3,4,5,6,8,10,11,14,15,17,22,23,25,26,28,32,36,37],
[1,2,3,4,5,6,8,10,11,14,15,18,21,22,23,26,32,35,36,37],
[1,2,3,4,5,6,8,10,11,14,15,22,23,25,26,28,32,35,36,37],
[1,2,3,4,5,6,8,10,11,14,15,22,25,26,28,30,32,35,36,37],
[1,2,3,4,5,6,8,10,11,14,15,23,25,26,28,30,32,35,36,37],
[1,2,3,4,5,6,8,10,11,14,17,18,21,22,23,24,26,32,35,37],
[1,2,3,4,5,6,8,10,11,14,17,18,21,22,23,26,28,30,32,35],
[1,2,3,4,5,6,8,10,11,14,17,18,21,22,23,26,30,32,35,37],
[1,2,3,4,5,6,8,10,11,14,17,18,21,22,23,30,32,35,36,37],
[1,2,3,4,5,6,8,10,11,14,17,18,21,22,26,27,28,30,32,35],
[1,2,3,4,5,6,8,10,11,14,17,18,22,23,25,26,27,28,32,35],
[1,2,3,4,5,6,8,10,11,14,17,18,22,25,26,27,28,30,32,35],
[1,2,3,4,5,6,8,10,11,14,17,18,23,25,26,27,28,30,32,35],
[1,2,3,4,5,6,8,10,11,14,17,21,22,23,26,28,30,32,35,37],
[1,2,3,4,5,6,8,10,11,14,18,21,22,23,26,30,32,35,36,37],
[1,2,3,4,5,6,8,10,11,17,18,21,22,23,25,28,30,32,35,36],
[1,2,3,4,5,6,8,10,11,17,18,21,23,25,26,28,30,32,35,36],
[1,2,3,4,5,6,8,10,12,14,15,17,21,22,25,27,28,30,33,36],
[1,2,3,4,5,6,8,10,13,14,15,17,21,22,24,30,31,33,35,37],
[1,2,3,4,5,6,8,10,13,14,15,17,21,22,28,30,31,33,35,37],
[1,2,3,4,5,6,8,10,13,15,17,21,22,28,29,30,33,35,36,37],
[1,2,3,4,5,6,8,10,14,15,17,18,21,23,25,26,27,30,33,35],
[1,2,3,4,5,6,8,10,14,15,17,21,22,23,25,27,28,30,33,35],
[1,2,3,4,5,6,8,10,14,15,17,21,22,23,25,27,28,30,33,36],
[1,2,3,4,5,6,8,10,14,15,17,21,22,23,27,28,30,31,33,35],
[1,2,3,4,5,6,8,10,14,15,20,21,22,23,27,28,30,31,33,35],
[1,2,3,4,5,6,8,10,14,15,20,21,22,24,26,28,29,32,35,37],
[1,2,3,4,5,6,8,10,14,15,20,21,22,26,27,28,29,30,31,35],
[1,2,3,4,5,6,8,10,14,15,20,21,22,26,28,29,30,32,35,37],
[1,2,3,4,5,6,8,10,14,17,18,21,22,23,24,26,30,32,35,37],
[1,2,3,4,5,6,8,10,14,17,18,21,22,23,24,30,32,33,35,37],
[1,2,3,4,5,6,8,10,14,17,18,21,22,23,30,32,33,35,36,37],
[1,2,3,4,5,6,8,10,14,17,21,22,23,24,26,28,30,32,35,37],
[1,2,3,4,5,6,8,10,14,20,21,22,23,24,26,28,30,32,35,37],
[1,2,3,4,5,6,8,10,14,20,21,22,24,26,28,29,30,32,35,37],
[1,2,3,4,5,6,8,10,17,18,21,22,23,24,29,30,32,33,35,36],
[1,2,3,4,5,6,8,10,17,18,21,22,23,24,30,32,33,35,36,37],
[1,2,3,4,5,6,8,10,17,18,21,22,23,25,28,30,32,33,35,36],
[1,2,3,4,5,6,8,10,17,18,21,22,25,27,28,30,32,33,35,36],
[1,2,3,4,5,6,8,10,17,18,21,22,27,28,29,30,32,33,35,36],
[1,2,3,4,5,6,9,10,11,12,13,14,15,17,22,25,27,28,32,36],
[1,2,3,4,5,6,9,10,11,12,13,14,15,17,22,26,27,28,32,36],
[1,2,3,4,5,6,9,10,11,12,13,14,15,17,22,26,28,32,36,37],
[1,2,3,4,5,6,9,10,11,12,13,14,15,17,26,27,28,30,36,37],
[1,2,3,4,5,6,9,10,11,12,13,14,15,17,26,28,30,32,36,37],
[1,2,3,4,5,6,9,10,11,12,14,15,17,21,22,26,28,32,36,37],
[1,2,3,4,5,6,9,10,11,12,14,15,17,21,26,27,28,30,36,37],
[1,2,3,4,5,6,9,10,11,12,14,15,17,22,25,26,27,28,32,36],
[1,2,3,4,5,6,9,10,11,13,14,15,17,21,22,24,28,34,35,37],
[1,2,3,4,5,6,9,10,11,13,14,15,17,22,24,26,27,28,32,36],
[1,2,3,4,5,6,9,10,11,13,14,15,17,22,24,26,28,32,36,37],
[1,2,3,4,5,6,9,10,11,13,14,15,17,22,24,28,32,34,36,37],
[1,2,3,4,5,6,9,10,11,13,14,17,24,27,28,30,32,34,35,36],
[1,2,3,4,5,6,9,10,11,13,15,17,21,22,24,27,28,34,35,36],
[1,2,3,4,5,6,9,10,11,13,17,21,22,24,27,28,32,34,35,36],
[1,2,3,4,5,6,9,10,11,13,17,21,22,27,28,30,32,34,35,36],
[1,2,3,4,5,6,9,10,11,13,17,21,24,27,28,30,32,34,35,36],
[1,2,3,4,5,6,9,10,11,13,17,21,24,27,28,30,32,35,36,37],
[1,2,3,4,5,6,9,10,11,13,17,21,24,28,30,32,34,35,36,37],
[1,2,3,4,5,6,9,10,11,14,15,17,19,22,23,24,26,28,32,36],
[1,2,3,4,5,6,9,10,11,14,15,17,19,22,24,26,27,28,32,36],
[1,2,3,4,5,6,9,10,11,14,15,17,19,22,25,26,27,28,32,36],
[1,2,3,4,5,6,9,10,11,14,15,17,19,23,24,26,27,28,32,36],
[1,2,3,4,5,6,9,10,11,14,15,17,19,23,25,26,27,28,32,36],
[1,2,3,4,5,6,9,10,11,14,15,17,21,22,23,24,27,28,34,35],
[1,2,3,4,5,6,9,10,11,14,15,17,21,22,23,24,27,33,34,35],
[1,2,3,4,5,6,9,10,11,14,15,17,21,22,23,24,27,33,34,36],
[1,2,3,4,5,6,9,10,11,14,15,17,21,22,23,27,28,33,34,35],
[1,2,3,4,5,6,9,10,11,14,15,17,21,22,23,27,28,33,34,36],
[1,2,3,4,5,6,9,10,11,14,15,17,21,23,24,26,27,28,35,37],
[1,2,3,4,5,6,9,10,11,14,15,17,21,23,24,26,27,30,35,37],
[1,2,3,4,5,6,9,10,11,14,15,17,21,23,26,27,28,30,35,37],
[1,2,3,4,5,6,9,10,11,14,15,19,22,23,24,26,28,32,34,36],
[1,2,3,4,5,6,9,10,11,14,15,19,22,24,26,27,28,32,34,36],
[1,2,3,4,5,6,9,10,11,14,15,19,23,24,26,27,28,32,34,36],
[1,2,3,4,5,6,9,10,11,14,17,18,21,23,24,26,27,30,32,35],
[1,2,3,4,5,6,9,10,11,14,17,18,21,23,24,26,27,30,32,36],
[1,2,3,4,5,6,9,10,11,14,17,21,22,23,24,26,27,28,32,34],
[1,2,3,4,5,6,9,10,11,14,17,21,22,23,24,27,28,32,34,35],
[1,2,3,4,5,6,9,10,11,14,17,21,22,24,27,32,33,34,35,36],
[1,2,3,4,5,6,9,10,11,14,17,21,22,27,30,32,33,34,35,36],
[1,2,3,4,5,6,9,10,11,14,17,21,23,24,26,27,28,30,35,37],
[1,2,3,4,5,6,9,10,11,14,17,21,23,24,26,27,30,32,34,36],
[1,2,3,4,5,6,9,10,11,14,17,21,23,24,26,28,30,32,35,37],
[1,2,3,4,5,6,9,10,11,14,17,21,24,26,27,28,30,32,35,37],
[1,2,3,4,5,6,9,10,11,14,18,21,23,24,26,27,30,32,35,36],
[1,2,3,4,5,6,9,10,11,14,21,23,24,26,27,30,32,34,35,36],
[1,2,3,4,5,6,9,10,11,17,18,21,23,24,26,27,30,32,35,36],
[1,2,3,4,5,6,9,10,11,17,21,22,23,24,27,28,32,34,35,36],
[1,2,3,4,5,6,9,10,11,17,21,22,23,24,27,32,33,34,35,36],
[1,2,3,4,5,6,9,10,11,17,21,22,23,27,28,32,33,34,35,36],
[1,2,3,4,5,6,9,10,11,17,21,23,24,26,27,28,30,32,34,36],
[1,2,3,4,5,6,9,10,11,17,21,23,24,26,27,28,30,32,35,36],
[1,2,3,4,5,6,9,10,11,17,21,23,24,26,28,30,32,35,36,37],
[1,2,3,4,5,6,9,10,11,17,21,23,24,27,28,30,32,34,35,36],
[1,2,3,4,5,6,9,10,11,17,21,24,26,27,28,30,32,35,36,37],
[1,2,3,4,5,6,9,10,11,21,23,24,26,27,28,30,32,34,35,36],
[1,2,3,4,5,6,9,10,12,13,14,15,17,21,22,26,27,28,30,37],
[1,2,3,4,5,6,9,10,12,13,14,15,17,21,26,27,28,30,36,37],
[1,2,3,4,5,6,9,10,13,14,15,17,19,22,24,26,27,28,29,32],
[1,2,3,4,5,6,9,10,13,14,15,17,19,22,24,26,27,28,32,36],
[1,2,3,4,5,6,9,10,13,14,15,17,19,23,25,27,28,30,33,36],
[1,2,3,4,5,6,9,10,13,14,15,17,21,22,24,27,28,31,33,35],
[1,2,3,4,5,6,9,10,13,14,15,17,21,22,24,27,28,33,34,35],
[1,2,3,4,5,6,9,10,13,14,15,17,21,22,27,28,30,31,33,35],
[1,2,3,4,5,6,9,10,13,14,15,17,21,23,24,30,31,33,35,37],
[1,2,3,4,5,6,9,10,13,14,15,17,23,24,25,27,30,33,35,36],
[1,2,3,4,5,6,9,10,13,14,15,17,23,25,27,28,30,33,35,36],
[1,2,3,4,5,6,9,10,13,14,15,19,22,24,26,27,28,29,32,36],
[1,2,3,4,5,6,9,10,13,14,17,19,23,25,27,28,30,32,33,36],
[1,2,3,4,5,6,9,10,13,14,17,22,24,26,27,28,30,32,35,37],
[1,2,3,4,5,6,9,10,13,14,17,22,24,27,28,29,30,32,33,35],
[1,2,3,4,5,6,9,10,13,14,17,22,24,27,30,32,33,34,35,36],
[1,2,3,4,5,6,9,10,13,14,17,22,25,27,30,32,33,34,35,36],
[1,2,3,4,5,6,9,10,13,14,17,23,24,25,27,30,32,33,35,36],
[1,2,3,4,5,6,9,10,13,14,22,24,27,29,30,32,33,34,35,36],
[1,2,3,4,5,6,9,10,13,15,16,21,22,24,29,32,33,34,35,36],
[1,2,3,4,5,6,9,10,13,15,17,19,22,24,26,27,28,29,32,36],
[1,2,3,4,5,6,9,10,13,15,17,19,22,24,27,28,29,32,33,36],
[1,2,3,4,5,6,9,10,13,15,17,21,22,23,24,28,32,33,35,36],
[1,2,3,4,5,6,9,10,13,15,17,21,22,23,24,28,33,34,35,36],
[1,2,3,4,5,6,9,10,13,15,17,21,22,24,27,28,29,31,33,35],
[1,2,3,4,5,6,9,10,13,15,17,21,22,24,27,28,29,33,35,36],
[1,2,3,4,5,6,9,10,13,15,17,21,22,24,27,28,33,34,35,36],
[1,2,3,4,5,6,9,10,13,15,17,21,22,24,28,29,32,33,35,36],
[1,2,3,4,5,6,9,10,13,15,17,21,23,24,27,28,33,34,35,36],
[1,2,3,4,5,6,9,10,13,15,17,21,23,27,28,30,33,34,35,36],
[1,2,3,4,5,6,9,10,13,15,17,22,24,27,28,29,32,33,35,36],
[1,2,3,4,5,6,9,10,13,15,17,22,25,27,28,29,32,33,35,36],
[1,2,3,4,5,6,9,10,13,15,21,22,24,27,28,29,33,34,35,36],
[1,2,3,4,5,6,9,10,13,15,21,22,24,28,29,32,33,34,35,36],
[1,2,3,4,5,6,9,10,13,15,21,22,27,28,29,30,33,34,35,36],
[1,2,3,4,5,6,9,10,13,15,21,23,24,27,28,30,33,34,35,36],
[1,2,3,4,5,6,9,10,13,15,21,24,27,28,29,30,33,34,35,36],
[1,2,3,4,5,6,9,10,13,15,22,24,27,28,29,32,33,34,35,36],
[1,2,3,4,5,6,9,10,13,15,22,25,27,28,29,30,32,33,35,36],
[1,2,3,4,5,6,9,10,13,16,21,22,24,29,30,32,33,34,35,36],
[1,2,3,4,5,6,9,10,13,17,21,22,24,27,28,29,30,31,33,35],
[1,2,3,4,5,6,9,10,13,17,21,23,24,27,28,30,33,34,35,36],
[1,2,3,4,5,6,9,10,14,15,16,20,21,23,24,26,29,30,32,35],
[1,2,3,4,5,6,9,10,14,15,16,20,21,23,24,30,33,34,35,36],
[1,2,3,4,5,6,9,10,14,15,16,20,23,24,26,29,30,32,35,36],
[1,2,3,4,5,6,9,10,14,15,17,19,21,22,23,24,27,28,33,34],
[1,2,3,4,5,6,9,10,14,15,17,19,23,25,26,27,28,30,33,36],
[1,2,3,4,5,6,9,10,14,15,17,21,22,23,24,27,28,33,34,35],
[1,2,3,4,5,6,9,10,14,15,19,20,21,22,23,24,26,27,28,34],
[1,2,3,4,5,6,9,10,14,15,20,21,23,24,27,30,33,34,35,36],
[1,2,3,4,5,6,9,10,14,17,18,23,24,25,27,30,32,33,35,36],
[1,2,3,4,5,6,9,10,14,17,21,22,24,26,27,28,30,32,35,37],
[1,2,3,4,5,6,9,10,15,16,20,21,23,24,26,29,30,32,35,36],
[1,2,3,4,5,6,9,10,15,16,20,21,23,24,29,30,33,34,35,36],
[1,2,3,4,5,6,9,10,15,19,20,21,23,24,26,27,28,29,33,36],
[1,2,3,4,5,6,9,10,15,19,20,23,24,26,27,28,29,30,33,36],
[1,2,3,4,5,6,9,10,15,20,21,23,24,26,27,28,29,30,33,36],
[1,2,3,4,5,6,9,10,15,20,21,23,24,26,27,28,29,30,35,36],
[1,2,3,4,5,6,9,10,15,20,21,23,24,26,28,29,30,32,35,36],
[1,2,3,4,5,6,9,10,15,20,21,23,24,27,28,29,30,31,33,35],
[1,2,3,4,5,6,9,10,15,20,23,24,26,27,28,29,30,32,35,36],
[1,2,3,4,5,6,9,10,17,21,22,24,26,27,28,29,30,32,34,36],
[1,2,3,4,5,6,9,10,19,20,23,24,26,27,28,29,30,32,34,36],
[1,2,3,4,5,6,10,11,13,14,15,17,22,24,26,27,28,32,36,37],
[1,2,3,4,5,6,10,11,14,15,17,19,22,23,25,26,27,28,32,36],
[1,2,3,4,5,6,10,11,14,15,18,22,23,24,25,27,32,33,35,36],
[1,2,3,4,5,6,10,11,14,15,20,21,22,23,24,26,27,28,34,36],
[1,2,3,4,5,6,10,11,14,15,20,21,22,23,24,27,28,34,35,36],
[1,2,3,4,5,6,10,11,14,15,20,22,23,24,26,27,28,32,35,36],
[1,2,3,4,5,6,10,11,14,15,20,22,23,24,26,28,32,35,36,37],
[1,2,3,4,5,6,10,11,14,15,20,22,23,24,27,28,32,34,35,36],
[1,2,3,4,5,6,10,11,14,17,18,21,22,23,25,27,30,33,35,36],
[1,2,3,4,5,6,10,11,14,17,18,21,22,23,27,30,33,34,35,36],
[1,2,3,4,5,6,10,11,14,17,18,21,22,23,30,32,33,34,35,36],
[1,2,3,4,5,6,10,11,14,17,18,22,23,25,26,27,28,32,35,36],
[1,2,3,4,5,6,10,11,14,17,18,22,23,25,27,28,30,32,35,36],
[1,2,3,4,5,6,10,11,14,17,18,22,25,26,27,28,30,32,35,36],
[1,2,3,4,5,6,10,11,14,17,18,23,25,26,27,28,30,32,35,36],
[1,2,3,4,5,6,10,13,14,15,16,21,22,24,30,33,34,35,36,37],
[1,2,3,4,5,6,10,13,14,15,16,21,23,24,30,33,34,35,36,37],
[1,2,3,4,5,6,10,13,14,16,21,22,24,30,32,33,34,35,36,37],
[1,2,3,4,5,6,10,13,14,17,21,22,24,30,32,33,34,35,36,37],
[1,2,3,4,5,6,10,13,14,20,22,24,27,28,29,30,32,33,34,35],
[1,2,3,4,5,6,10,13,14,20,22,24,27,28,30,32,33,34,35,36],
[1,2,3,4,5,6,10,13,14,20,22,24,27,29,30,32,33,34,35,36],
[1,2,3,4,5,6,10,13,14,20,22,27,28,29,30,32,33,34,35,36],
[1,2,3,4,5,6,10,13,15,17,21,22,23,24,28,32,33,35,36,37],
[1,2,3,4,5,6,10,13,15,17,21,22,24,26,27,28,29,30,36,37],
[1,2,3,4,5,6,10,13,20,22,24,27,28,29,30,32,33,34,35,36],
[1,2,3,4,5,6,10,14,15,17,19,20,21,22,23,24,26,27,28,36],
[1,2,3,4,5,6,10,14,15,17,20,21,22,23,24,26,27,28,36,37],
[1,2,3,4,5,6,10,14,15,18,20,21,23,24,26,27,30,33,35,36],
[1,2,3,4,5,6,10,14,15,19,20,21,22,23,24,26,27,28,34,36],
[1,2,3,4,5,6,10,14,15,20,21,22,23,26,27,28,30,35,36,37],
[1,2,3,4,5,6,10,14,16,21,22,23,24,30,32,33,34,35,36,37],
[1,2,3,4,5,6,10,14,17,18,21,22,23,24,27,30,33,34,35,36],
[1,2,3,4,5,6,10,14,17,18,21,22,23,24,30,32,33,34,35,36],
[1,2,3,4,5,6,10,14,17,18,21,22,23,24,30,32,33,35,36,37],
[1,2,3,4,5,6,10,14,17,20,21,22,24,26,27,28,30,31,35,37],
[1,2,3,4,5,6,10,14,17,21,22,23,24,30,32,33,34,35,36,37],
[1,2,3,4,5,6,10,14,17,22,23,25,27,28,30,32,33,34,35,36],
[1,2,3,4,5,6,10,14,18,20,22,23,24,27,30,32,33,34,35,36],
[1,2,3,4,5,6,10,15,19,20,21,22,23,24,26,27,28,29,33,36],
[1,2,3,4,5,6,10,15,19,20,22,23,24,27,28,29,33,34,35,36],
[1,2,3,4,5,6,10,15,19,20,22,23,24,28,29,32,33,34,35,36],
[1,2,3,4,5,6,10,19,20,22,23,24,27,28,29,32,33,34,35,36],
[1,2,3,4,5,7,8,9,10,15,17,21,23,25,28,30,32,33,35,36],
[1,2,3,4,5,7,8,9,10,17,21,23,24,26,28,29,30,32,33,35],
[1,2,3,4,5,7,9,10,11,15,21,23,24,26,27,28,30,32,35,36],
[1,2,3,4,5,7,9,10,11,15,21,23,24,26,28,30,32,35,36,37],
[1,2,3,4,5,7,9,10,11,17,21,23,24,26,27,28,30,32,35,36],
[1,2,3,4,5,7,9,10,11,17,21,23,24,26,28,30,32,35,36,37],
[1,2,3,4,5,7,9,10,14,15,20,21,23,24,26,27,30,32,33,35],
[1,2,3,4,5,7,9,10,14,15,20,23,24,26,27,28,30,32,33,35],
[1,2,3,4,5,7,9,10,17,20,21,23,24,26,27,28,30,32,33,36],
[1,2,3,4,5,7,9,10,17,21,23,24,26,27,28,29,30,32,33,36],
[1,2,3,4,5,7,10,14,15,17,20,21,23,24,26,27,30,33,36,37],
[1,2,3,4,5,8,9,10,12,14,15,17,21,22,25,27,28,30,33,35],
[1,2,3,4,5,9,10,11,12,13,14,15,17,22,24,26,27,28,32,36],
[1,2,3,4,5,9,10,11,12,13,14,15,17,22,24,26,27,28,32,37],
[1,2,3,4,5,9,10,11,12,13,14,15,17,22,24,26,28,32,36,37],
[1,2,3,4,5,9,10,12,13,15,17,22,24,26,27,28,29,32,33,36],
[1,2,3,4,5,9,10,12,15,17,21,22,24,26,27,28,29,32,33,36],
[1,2,3,4,5,9,10,13,15,17,19,22,24,26,27,28,29,32,33,36],
[1,2,3,4,6,7,8,9,10,17,18,21,23,24,26,29,30,32,35,37],
[1,2,3,4,6,7,8,9,10,17,18,21,23,25,26,29,30,32,35,37],
[1,2,3,4,6,7,8,9,10,17,21,23,24,26,28,29,30,32,35,37],
[1,2,3,4,6,7,8,9,10,17,21,23,25,26,28,29,30,32,35,37],
[1,2,3,4,6,7,8,10,15,18,21,23,25,26,27,28,29,30,35,37],
[1,2,3,4,6,7,8,10,17,18,21,23,25,26,27,28,29,30,35,37],
[1,2,3,4,6,7,9,10,11,15,17,21,23,24,25,26,27,28,35,37],
[1,2,3,4,6,7,9,10,11,15,17,21,23,24,25,26,27,28,36,37],
[1,2,3,4,6,7,9,10,11,15,17,21,23,25,26,27,28,30,35,37],
[1,2,3,4,6,7,9,10,11,15,17,21,23,25,26,27,28,30,36,37],
[1,2,3,4,6,7,9,10,11,15,17,21,24,25,26,27,28,29,35,37],
[1,2,3,4,6,7,9,10,11,15,17,24,25,26,27,28,29,32,36,37],
[1,2,3,4,6,7,9,10,11,15,21,23,24,26,28,29,32,35,36,37],
[1,2,3,4,6,7,9,10,11,15,21,23,25,26,27,28,30,35,36,37],
[1,2,3,4,6,7,9,10,11,15,23,24,25,26,28,29,32,35,36,37],
[1,2,3,4,6,7,9,10,11,15,24,25,26,27,28,29,32,35,36,37],
[1,2,3,4,6,7,9,10,13,15,17,24,25,26,27,28,29,32,36,37],
[1,2,3,4,6,7,9,10,15,21,23,24,26,27,28,29,30,35,36,37],
[1,2,3,4,6,7,9,10,15,21,23,24,26,28,29,30,32,35,36,37],
[1,2,3,4,6,7,9,10,15,21,23,25,26,27,28,29,30,35,36,37],
[1,2,3,4,6,7,9,10,17,18,23,24,25,27,29,30,32,33,35,36],
[1,2,3,4,6,7,10,15,18,21,23,25,26,27,28,29,30,35,36,37],
[1,2,3,4,6,8,9,10,11,12,14,15,17,21,22,25,26,27,28,37],
[1,2,3,4,6,8,9,10,11,12,14,15,17,21,25,26,27,28,30,37],
[1,2,3,4,6,8,9,10,11,14,15,17,21,23,25,26,28,30,35,37],
[1,2,3,4,6,8,9,10,11,14,15,17,21,25,26,27,28,30,35,37],
[1,2,3,4,6,8,9,10,12,13,14,15,17,22,25,26,27,28,29,37],
[1,2,3,4,6,8,9,10,12,13,14,15,17,22,25,26,28,29,32,37],
[1,2,3,4,6,8,9,10,12,13,14,15,17,25,26,28,29,30,32,37],
[1,2,3,4,6,8,9,10,12,13,15,17,21,22,25,28,29,33,36,37],
[1,2,3,4,6,8,9,10,12,14,15,17,19,22,25,26,28,29,32,37],
[1,2,3,4,6,8,9,10,12,14,15,17,19,22,25,28,29,32,34,37],
[1,2,3,4,6,8,9,10,14,15,17,21,23,25,26,27,28,30,35,37],
[1,2,3,4,6,8,9,10,14,15,17,21,23,25,27,28,30,31,33,35],
[1,2,3,4,6,8,9,10,14,15,17,21,23,25,27,28,30,31,35,37],
[1,2,3,4,6,8,9,10,14,15,17,23,25,26,27,28,30,31,35,37],
[1,2,3,4,6,8,9,10,14,17,18,19,23,25,26,29,30,32,33,34],
[1,2,3,4,6,8,9,10,14,17,18,21,23,24,26,29,30,32,35,37],
[1,2,3,4,6,8,9,10,14,17,18,23,25,29,30,32,33,34,35,37],
[1,2,3,4,6,8,9,10,14,17,21,23,24,29,30,31,33,34,35,37],
[1,2,3,4,6,8,9,10,17,18,21,23,25,29,30,32,33,34,35,37],
[1,2,3,4,6,9,10,11,13,14,15,17,22,24,25,27,28,34,35,37],
[1,2,3,4,6,9,10,11,13,14,15,24,25,27,29,32,34,35,36,37],
[1,2,3,4,6,9,10,11,13,15,22,24,25,28,29,32,34,35,36,37],
[1,2,3,4,6,9,10,12,13,15,17,19,22,25,27,28,29,33,34,36],
[1,2,3,4,6,10,11,13,15,22,24,25,27,28,29,32,34,35,36,37],
[1,2,3,4,5,6,7,8,9,10,13,15,17,24,26,28,29,30,32,35,37],
[1,2,3,4,5,6,7,8,9,10,13,15,17,25,28,29,30,32,33,35,36],
[1,2,3,4,5,6,7,8,9,10,15,17,21,23,25,26,27,28,30,33,36],
[1,2,3,4,5,6,7,8,9,10,15,17,21,25,27,28,29,30,33,35,36],
[1,2,3,4,5,6,7,8,9,10,15,17,23,25,26,28,29,30,32,33,36],
[1,2,3,4,5,6,7,8,9,10,15,21,23,24,26,28,29,30,32,35,37],
[1,2,3,4,5,6,7,8,9,10,15,21,23,24,26,29,30,32,33,35,36],
[1,2,3,4,5,6,7,8,10,15,17,18,21,23,25,26,27,30,33,35,36],
[1,2,3,4,5,6,7,8,10,17,18,21,23,24,26,29,30,32,33,35,36],
[1,2,3,4,5,6,7,8,10,17,21,23,24,26,28,29,30,32,35,36,37],
[1,2,3,4,5,6,7,9,10,11,15,17,21,23,24,26,28,32,35,36,37],
[1,2,3,4,5,6,7,9,10,13,15,17,21,24,27,28,29,30,33,35,36],
[1,2,3,4,5,6,7,9,10,13,15,17,24,25,27,28,29,32,33,35,36],
[1,2,3,4,5,6,7,9,10,13,15,21,24,26,27,28,29,30,35,36,37],
[1,2,3,4,5,6,7,9,10,13,17,23,24,25,27,28,30,32,33,35,36],
[1,2,3,4,5,6,7,9,10,15,17,21,23,24,26,27,28,29,30,33,36],
[1,2,3,4,5,6,7,9,10,15,23,24,25,26,27,29,30,32,33,35,36],
[1,2,3,4,5,6,7,9,10,17,18,23,24,25,26,27,30,32,33,35,36],
[1,2,3,4,5,6,7,9,10,17,21,23,24,26,27,28,29,30,32,35,36],
[1,2,3,4,5,6,8,9,10,11,12,14,15,17,21,23,25,26,28,30,36],
[1,2,3,4,5,6,8,9,10,11,12,14,15,21,22,26,28,30,32,35,37],
[1,2,3,4,5,6,8,9,10,11,14,15,17,19,22,23,25,26,28,32,36],
[1,2,3,4,5,6,8,9,10,11,14,15,17,21,22,23,25,27,28,33,35],
[1,2,3,4,5,6,8,9,10,11,14,15,17,21,23,25,26,27,28,30,35],
[1,2,3,4,5,6,8,9,10,11,14,17,18,21,22,23,26,27,28,32,35],
[1,2,3,4,5,6,8,9,10,11,14,17,18,21,23,26,27,28,30,32,35],
[1,2,3,4,5,6,8,9,10,12,15,17,21,22,26,27,28,29,30,33,36],
[1,2,3,4,5,6,8,9,10,13,14,15,17,21,23,28,30,31,33,35,37],
[1,2,3,4,5,6,8,9,10,13,14,15,17,22,24,26,27,28,29,32,35],
[1,2,3,4,5,6,8,9,10,13,14,15,22,25,27,28,29,30,32,33,35],
[1,2,3,4,5,6,8,9,10,13,14,17,22,24,26,28,29,30,32,35,37],
[1,2,3,4,5,6,8,9,10,13,14,17,22,24,28,29,30,31,32,33,35],
[1,2,3,4,5,6,8,9,10,13,15,17,21,23,24,28,30,31,33,35,37],
[1,2,3,4,5,6,8,9,10,14,15,16,21,23,24,26,29,30,32,33,35],
[1,2,3,4,5,6,8,9,10,14,15,17,19,22,24,26,27,28,29,31,33],
[1,2,3,4,5,6,8,9,10,14,15,17,21,22,26,27,28,29,30,31,33],
[1,2,3,4,5,6,8,9,10,14,15,17,21,23,24,26,27,30,31,33,35],
[1,2,3,4,5,6,8,9,10,14,15,17,21,23,24,26,28,30,31,35,37],
[1,2,3,4,5,6,8,9,10,17,21,22,25,27,28,29,30,32,33,35,36],
[1,2,3,4,5,6,8,10,11,14,17,18,21,22,23,25,30,32,33,35,36],
[1,2,3,4,5,6,8,10,11,17,18,21,22,23,26,28,30,32,35,36,37],
[1,2,3,4,5,6,8,10,13,15,17,21,22,24,28,29,32,33,35,36,37],
[1,2,3,4,5,6,8,10,14,15,20,21,22,24,26,28,29,30,31,35,37],
[1,2,3,4,5,6,8,10,14,17,20,21,22,23,24,26,28,30,31,35,37],
[1,2,3,4,5,6,8,10,15,20,21,22,23,26,28,29,30,32,35,36,37],
[1,2,3,4,5,6,9,10,11,12,13,14,15,17,25,26,27,28,30,32,36],
[1,2,3,4,5,6,9,10,11,13,14,15,17,22,24,26,27,28,32,35,37],
[1,2,3,4,5,6,9,10,11,14,17,21,23,24,26,27,28,30,32,34,35],
[1,2,3,4,5,6,9,10,11,15,17,21,22,23,24,27,28,33,34,35,36],
[1,2,3,4,5,6,9,10,13,14,15,17,19,23,25,26,27,28,30,32,36],
[1,2,3,4,5,6,9,10,13,14,17,21,22,24,27,28,30,31,33,34,35],
[1,2,3,4,5,6,9,10,15,16,20,21,23,24,28,29,30,32,34,35,36],
[1,2,3,4,5,6,9,10,15,20,21,23,24,27,28,29,30,33,34,35,36],
[1,2,3,4,5,6,9,10,20,21,23,24,26,27,28,29,30,32,34,35,36],
[1,2,3,4,5,6,10,13,17,21,22,23,24,28,30,32,33,34,35,36,37],
[1,2,3,4,5,6,10,14,15,16,20,21,22,23,24,30,33,34,35,36,37],
[1,2,3,4,6,7,9,10,11,15,21,23,24,25,26,27,28,29,35,36,37],
[1,2,3,4,6,8,9,10,14,17,18,21,23,24,29,30,32,33,34,35,37],
[1,2,3,4,5,6,7,8,9,10,15,17,21,23,24,26,28,29,30,32,36,37],
[1,2,3,4,5,6,7,8,9,10,15,21,23,25,26,27,28,29,30,33,35,36],
[1,2,3,4,5,6,7,9,10,11,15,17,21,23,24,26,27,28,30,35,36,37],
[1,2,3,4,5,6,7,9,10,13,15,23,24,25,27,28,29,30,32,33,35,36],
[1,2,3,4,5,6,7,9,10,13,17,21,24,26,27,28,29,30,32,35,36,37],
[1,2,3,4,5,6,7,9,10,17,18,21,23,24,26,27,29,30,32,33,35,36],
[1,2,3,4,5,6,8,9,10,11,12,14,15,17,21,22,26,27,28,30,35,37],
[1,2,3,4,5,6,8,9,10,11,14,15,17,21,22,23,24,26,28,32,35,37],
[1,2,3,4,5,6,8,9,10,12,14,15,17,21,23,25,26,27,28,30,33,36],
[1,2,3,4,5,6,8,9,10,14,15,20,21,23,26,27,28,29,30,31,33,35],
[1,2,3,4,5,6,9,10,11,14,17,18,21,23,24,27,30,32,33,34,35,36],
[1,2,3,4,5,6,9,10,13,17,21,22,24,27,28,29,30,32,33,34,35,36],
[1,2,3,4,5,7,9,10,15,20,21,23,24,26,27,28,29,30,32,33,35,36],
[1,2,3,4,6,9,10,14,17,18,19,23,24,25,26,27,29,30,32,33,34,36],
[1,2,3,4,5,6,7,8,9,10,11,15,17,21,23,25,26,28,30,32,35,36,37],
[1,2,3,4,5,6,7,8,9,10,15,17,21,23,24,26,27,28,29,30,31,33,35],
[1,2,3,4,5,6,7,8,9,10,13,15,17,21,23,24,28,29,30,32,33,35,36,37],
[1,2,3,4,5,6,7,8,9,10,17,18,21,23,25,26,27,28,29,30,32,33,35,36],
[1,2,3,4,5,6,7,9,10,11,13,15,17,21,22,24,26,27,28,29,32,35,36,37],
[1,2,3,4,5,6,7,9,10,13,15,17,19,23,24,25,26,27,28,29,30,32,33,36],
[1,2,3,4,5,6,7,9,10,11,13,14,15,17,23,24,25,26,27,28,30,32,35,36,37],
[1,2,3,4,5,6,8,9,10,12,13,14,15,17,19,22,25,26,27,28,29,30,32,33,36],
[1,2,3,4,5,6,9,10,11,13,14,15,17,19,22,23,24,25,27,28,32,33,34,35,36],
[1,2,3,4,5,6,10,11,14,17,18,20,21,22,23,24,26,27,28,30,32,34,35,36,37],
[1,2,3,4,6,7,9,10,11,17,18,21,23,24,25,26,27,28,29,30,32,34,35,36,37],
[1,2,3,4,6,9,10,11,12,13,14,15,17,19,22,24,25,26,27,28,29,32,34,36,37],
[1,2,3,4,5,6,7,8,9,10,11,12,13,15,17,21,22,25,26,27,28,29,30,32,35,36,37],
[1,2,3,4,5,6,7,8,9,10,13,14,15,17,19,23,24,25,26,27,28,29,30,31,32,33,35],
[1,2,3,4,5,6,7,8,9,10,11,15,17,18,19,21,22,23,24,25,26,27,28,29,32,33,35,36],
[1,2,3,4,5,6,8,9,10,14,17,18,19,20,21,22,23,24,26,27,28,29,30,31,32,33,34,35],
[1,2,3,4,5,6,7,8,9,10,11,12,13,14,15,16,17,18,21,22,24,25,26,27,29,30,32,33,35,36,37],
[1,2,3,4,5,6,7,8,10,13,14,15,17,18,19,20,22,23,24,25,26,27,28,29,30,31,32,33,35,36,37],
[1,2,3,4,5,6,7,8,9,11,12,13,14,15,16,17,18,19,20,21,22,23,24,25,26,27,28,29,30,31,32,33,34,35,36,37]];
