return [[1,2,3,4,5,6,7,8,9,10,11,12,13,14,15,17,18,21,24,25,26,27],
[1,2,3,4,5,6,7,8,9,10,11,12,13,14,15,17,21,23,24,25,26,27],
[1,2,3,4,5,6,7,8,9,10,11,12,13,14,15,18,19,20,21,24,26,27],
[1,2,3,4,5,6,7,8,9,10,11,12,13,14,15,18,19,21,22,24,25,26],
[1,2,3,4,5,6,7,8,9,10,11,12,13,14,15,18,19,21,22,24,25,28],
[1,2,3,4,5,6,7,8,9,10,11,12,13,14,15,18,19,21,24,25,26,27],
[1,2,3,4,5,6,7,8,9,10,11,12,13,14,15,18,21,22,23,24,25,28],
[1,2,3,4,5,6,7,8,9,10,11,12,13,14,15,19,20,21,23,24,25,28],
[1,2,3,4,5,6,7,8,9,10,11,12,13,14,15,19,20,21,23,24,26,27],
[1,2,3,4,5,6,7,8,9,10,11,12,13,14,15,19,21,22,23,24,25,28],
[1,2,3,4,5,6,7,8,9,10,11,12,13,14,18,19,21,22,23,24,25,28],
[1,2,3,4,5,6,7,8,9,10,11,12,13,15,18,19,20,21,24,26,27,28],
[1,2,3,4,5,6,7,8,9,10,11,12,13,15,18,19,21,22,24,25,26,27],
[1,2,3,4,5,6,7,8,9,10,11,12,13,15,18,19,21,22,24,25,27,28],
[1,2,3,4,5,6,7,8,9,10,11,12,13,15,19,21,22,23,24,26,27,28],
[1,2,3,4,5,6,7,8,9,10,11,12,13,18,19,21,22,24,25,26,27,28],
[1,2,3,4,5,6,7,8,9,10,11,12,14,15,17,18,21,23,24,25,26,27],
[1,2,3,4,5,6,7,8,9,10,11,12,14,15,18,19,21,22,23,24,25,27],
[1,2,3,4,5,6,7,8,9,10,11,12,14,15,18,19,21,22,23,24,25,28],
[1,2,3,4,5,6,7,8,9,10,11,12,14,15,18,19,21,22,24,25,26,27],
[1,2,3,4,5,6,7,8,9,10,11,12,14,15,19,20,21,23,24,25,27,28],
[1,2,3,4,5,6,7,8,9,10,11,13,14,15,16,17,18,21,22,24,26,28],
[1,2,3,4,5,6,7,8,9,10,11,13,14,15,16,17,20,21,23,24,26,27],
[1,2,3,4,5,6,7,8,9,10,11,13,14,15,16,17,20,21,23,24,26,28],
[1,2,3,4,5,6,7,8,9,10,11,13,14,15,16,17,21,22,23,24,25,26],
[1,2,3,4,5,6,7,8,9,10,11,13,14,15,16,17,21,22,23,24,25,28],
[1,2,3,4,5,6,7,8,9,10,11,13,14,15,16,17,21,22,23,24,26,28],
[1,2,3,4,5,6,7,8,9,10,11,13,14,15,16,17,21,23,24,25,26,27],
[1,2,3,4,5,6,7,8,9,10,11,13,14,15,16,19,21,22,23,24,25,28],
[1,2,3,4,5,6,7,8,9,10,11,13,14,15,17,18,20,21,23,24,26,28],
[1,2,3,4,5,6,7,8,9,10,11,13,14,15,17,18,21,22,23,24,25,28],
[1,2,3,4,5,6,7,8,9,10,11,13,14,15,17,18,21,22,23,24,26,28],
[1,2,3,4,5,6,7,8,9,10,11,13,14,16,17,18,19,21,22,24,26,28],
[1,2,3,4,5,6,7,8,9,10,11,13,15,16,19,21,22,23,24,25,27,28],
[1,2,3,4,5,6,7,8,9,10,11,14,15,16,17,18,21,22,23,24,26,27],
[1,2,3,4,5,6,7,8,9,10,11,14,15,16,17,21,22,23,24,25,26,27],
[1,2,3,4,5,6,7,8,9,10,12,13,14,15,17,18,19,21,22,24,25,28],
[1,2,3,4,5,6,7,8,9,11,12,13,14,15,17,20,21,22,23,24,25,27],
[1,2,3,4,5,6,7,8,9,11,12,14,15,17,18,20,21,22,23,24,26,27],
[1,2,3,4,5,6,7,8,9,11,13,14,15,16,17,19,20,21,22,24,25,28],
[1,2,3,4,5,6,7,8,9,11,13,14,15,16,17,20,21,22,23,24,25,27],
[1,2,3,4,5,6,7,8,9,11,13,14,15,16,17,20,21,22,23,24,25,28],
[1,2,3,4,5,6,7,8,9,11,14,15,16,17,19,20,21,22,24,25,27,28],
[1,2,4,5,6,7,8,9,11,13,14,15,16,17,18,20,21,22,23,24,25,28],
[1,2,3,4,5,6,7,8,9,10,11,12,13,14,15,17,18,20,21,23,24,26,27],
[1,2,3,4,5,6,7,8,9,10,11,12,13,14,15,17,18,21,22,23,24,25,26],
[1,2,3,4,5,6,7,8,9,10,11,12,13,14,15,18,19,20,21,24,25,27,28],
[1,2,3,4,5,6,7,8,9,10,11,13,14,15,16,17,18,19,21,22,24,25,28],
[1,2,3,4,5,6,7,8,9,10,12,13,16,17,19,21,22,23,24,25,26,27,28],
[1,2,3,4,5,6,7,8,9,11,12,13,14,15,17,18,20,21,22,23,24,25,28],
[1,2,3,4,5,6,7,8,9,10,11,12,13,14,15,16,19,21,22,23,24,25,26,27],
[1,2,3,4,5,6,7,8,9,10,11,12,13,14,15,17,18,20,21,23,24,25,27,28],
[1,2,3,4,5,6,7,9,11,13,14,15,16,17,18,19,20,21,22,23,24,25,27,28],
[1,2,3,4,5,6,7,8,9,10,11,12,13,14,17,18,19,20,21,23,24,25,26,27,28],
[1,2,3,4,5,6,7,8,9,10,11,12,13,14,15,16,17,18,19,20,21,22,23,25,26,27,28],
[1,2,3,4,5,6,7,8,9,10,11,12,13,14,15,16,17,18,19,20,22,23,24,25,26,27,28],
[1,2,3,4,5,6,8,9,10,11,12,13,14,15,16,17,18,19,20,21,22,23,24,25,26,27,28]];
