return [[1,2,6,7,10,11,12,16,19,20,23,24,26,27,37,38,41,42,44,45,46,47,48,49,50,51,52,53,54,55,56],
[1,2,6,7,10,13,16,19,20,26,27,44,45,46,48,49,50,51,52,53,54],
[2,6,7,8,10,12,16,24,27,38,40,42,47,48,49,51,52,54,55,56],
[2,6,7,8,10,12,16,20,24,27,38,40,42,47,49,51,52,54,55,56],
[2,6,8,10,11,12,14,20,24,25,38,40,42,43,46,47,48,54,55,56],
[2,6,10,11,12,14,20,24,25,38,40,42,43,46,47,48,51,54,55,56],
[2,6,9,10,11,12,14,20,24,25,38,40,42,43,46,47,48,51,54,56],
[2,6,7,10,11,19,20,24,25,26,27,38,44,45,46,47,48,49,51,52,54,55,56],
[2,6,7,11,12,20,24,25,27,38,44,45,46,47,48,49,51,52,54,55,56],
[2,6,7,8,9,10,12,15,16,20,21,23,24,26,27,38,40,41,42,46,47,49,50,51,52,53,54,55],
[2,6,7,8,9,10,12,16,20,24,27,28,38,40,41,42,47,48,49,51,52,54,56],
[2,6,7,8,10,12,16,20,23,24,27,38,40,41,42,47,49,51,52,53,55,56],
[2,6,7,8,10,12,15,16,20,24,27,28,30,37,38,39,40,42,47,49,52,54,55,56],
[2,3,4,6,7,8,10,11,12,14,15,16,19,20,21,23,24,27,28,29,30,31,32,35,36,37,38,40,41,42,43,46,47,50,51,52,53,54,55,56],
[2,6,7,8,10,12,15,16,20,24,27,28,30,38,40,42,49,51,52,54,55,56],
[2,6,7,8,10,12,15,16,20,24,27,38,40,47,49,51,52,54,55,56],
[2,6,7,8,10,12,16,20,24,27,38,41,42,47,49,51,52,54,55,56],
[1,2,6,7,8,9,10,11,12,14,16,17,20,22,23,24,25,26,27,33,35,39,40,41,42,44,45,46,47,48,49,51,52,54,55,56],
[2,6,7,8,10,12,16,20,24,28,38,40,42,47,48,49,51,52,54,55,56],
[2,6,7,8,10,12,16,20,27,38,40,41,42,47,48,49,51,52,54,55,56],
[2,6,7,8,10,12,20,24,27,38,40,41,42,47,48,49,51,52,54,55,56],
[2,6,7,8,9,10,13,14,15,16,17,20,24,26,27,28,38,39,40,41,42,44,47,48,49,51,52,53,54,55,56],
[2,6,7,8,9,12,16,20,24,27,28,38,39,40,41,42,44,47,48,49,51,52,53,54,55,56],
[2,7,8,10,12,16,20,24,27,28,38,40,42,47,49,51,52,54,55,56],
[2,6,8,9,10,11,12,14,20,21,24,25,26,27,38,40,41,42,43,46,47,48,51,52,54,55],
[2,6,8,10,11,12,14,20,24,25,27,38,40,42,43,46,47,51,54,55,56],
[2,4,6,7,8,9,10,11,12,14,15,16,17,20,23,24,25,28,30,31,32,33,34,35,36,37,38,39,40,42,44,45,46,47,48,49,51,54,55,56],
[2,4,6,8,10,11,12,14,20,24,25,37,38,40,43,46,47,48,52,54,55,56],
[2,6,8,10,11,12,14,20,24,25,40,42,43,46,47,48,52,54,55,56],
[2,6,8,10,11,12,14,20,24,37,38,40,42,43,46,47,48,54,55,56],
[2,4,6,8,10,11,12,14,20,25,38,40,42,43,46,47,48,54,55,56],
[2,6,7,8,10,11,12,20,24,25,26,27,30,37,38,39,40,42,43,45,46,47,48,49,52,54,55,56],
[2,6,8,10,11,14,20,24,25,37,38,40,42,43,46,47,48,54,55,56],
[2,6,8,11,12,14,20,24,25,37,38,40,42,43,46,47,48,54,55,56],
[6,8,10,11,12,14,20,24,25,37,38,40,42,43,46,47,48,54,55,56],
[2,6,10,11,12,14,20,24,25,38,40,43,46,47,48,51,52,54,55,56],
[2,6,10,11,12,14,20,24,38,40,42,43,46,47,48,51,52,54,55,56],
[2,6,10,11,12,20,24,25,27,38,40,42,43,46,47,48,51,54,55,56],
[2,6,10,11,14,20,24,25,27,38,40,42,43,46,47,48,51,54,55,56],
[1,3,6,7,10,11,12,14,19,20,21,23,24,25,26,27,32,37,38,40,41,42,43,46,47,48,51,52,53,54,55,56],
[2,6,9,10,11,12,14,20,24,25,38,40,41,42,43,47,48,51,54,56],
[2,6,9,10,11,12,14,20,24,25,27,40,41,42,43,46,47,48,51,54,56],
[2,6,9,10,11,12,20,24,25,27,38,40,42,43,46,47,48,51,54,56],
[2,6,7,8,10,12,15,16,20,24,27,28,38,40,47,49,51,52,54,56],
[2,6,7,8,10,12,15,16,20,23,24,27,38,40,47,49,51,52,55,56],
[2,6,7,8,10,12,15,16,20,24,25,27,30,35,39,40,46,47,49,51,52,54,55,56],
[2,6,7,8,10,12,15,16,20,24,28,38,40,47,49,51,52,54,55,56],
[2,6,7,8,10,12,15,16,24,27,30,38,40,47,49,51,52,54,55,56],
[2,6,7,8,10,12,15,20,24,25,27,30,38,40,47,49,51,52,54,55,56],
[2,6,7,8,12,15,16,20,24,27,28,38,39,40,47,49,51,52,54,55,56],
[2,7,8,10,12,15,16,20,24,27,28,38,40,47,49,51,52,54,55,56],
[2,6,7,8,10,12,16,20,24,27,38,41,44,47,49,51,52,54,55,56],
[2,6,7,8,10,12,16,20,24,38,41,42,44,47,48,49,51,52,54,55,56],
[2,6,7,8,10,12,16,24,27,38,41,42,47,48,49,51,52,54,55,56],
[2,7,8,10,11,12,16,20,24,27,38,41,42,47,49,51,52,54,55,56],
[2,7,8,10,12,15,16,20,24,27,28,38,40,42,47,49,51,52,54,55],
[2,7,8,10,12,15,16,20,24,27,28,30,38,40,42,47,49,51,54,55,56],
[2,7,8,10,12,16,20,24,27,28,30,40,42,47,49,51,52,54,55,56],
[2,7,8,10,12,16,20,27,28,38,40,41,42,47,49,51,52,54,55,56],
[2,7,8,10,11,12,16,17,21,24,27,28,30,38,40,41,42,47,48,49,51,52,54,55,56],
[2,7,8,10,11,12,20,24,27,28,30,38,40,42,47,49,51,52,54,55,56],
[2,6,8,10,11,12,14,20,24,25,27,40,42,43,46,47,52,54,55,56],
[2,6,8,10,11,12,14,20,24,37,40,42,43,46,47,48,52,54,55,56],
[2,6,8,10,11,12,14,24,25,27,40,42,43,46,47,48,52,54,55,56],
[2,6,8,10,11,14,20,24,25,26,37,39,40,42,43,46,47,48,52,54,55,56],
[2,6,8,11,12,14,20,24,25,39,40,42,43,46,47,48,52,54,55,56],
[6,8,10,11,12,14,20,24,25,37,40,42,43,46,47,48,52,54,55,56],
[2,6,8,10,11,12,14,20,24,37,38,40,42,43,46,47,48,52,54,55],
[2,6,8,10,11,12,14,20,24,37,38,40,42,43,47,48,52,54,55,56],
[2,4,6,8,10,11,12,14,20,37,38,40,42,43,46,47,48,54,55,56],
[2,6,10,11,12,14,20,24,37,38,40,42,43,46,47,48,52,54,55,56],
[2,4,6,8,10,11,12,20,25,38,40,42,43,45,46,47,48,54,55,56],
[2,6,8,10,11,14,20,24,25,26,37,38,40,42,43,46,47,48,54,55],
[2,6,8,10,11,14,20,24,25,26,37,38,40,42,43,46,47,48,55,56],
[2,6,8,10,11,14,20,24,25,26,37,38,40,42,43,47,48,54,55,56],
[2,6,8,10,11,14,24,25,30,37,38,40,42,43,46,47,48,54,55,56],
[2,6,8,11,12,14,20,24,25,37,38,39,40,42,43,46,47,48,54,55],
[2,6,8,11,12,14,20,24,25,37,38,39,40,42,43,47,48,54,55,56],
[2,6,8,11,12,14,20,24,25,37,39,40,42,43,46,47,48,54,55,56],
[6,8,10,11,12,14,20,21,24,25,26,37,38,40,42,43,46,47,48,52,54,55],
[6,8,10,11,12,14,20,23,24,25,37,38,40,42,43,46,47,54,55,56],
[6,8,10,11,12,14,20,24,25,37,38,40,42,43,47,48,52,54,55,56],
[6,8,10,11,12,14,24,25,30,37,38,40,42,43,46,47,48,54,55,56],
[2,4,6,10,11,12,14,20,24,25,38,40,43,46,47,48,51,52,54,56],
[2,4,6,8,10,11,12,14,20,24,25,38,40,43,46,47,51,52,54,55,56],
[2,4,6,10,11,12,14,20,24,25,38,40,46,47,48,51,52,54,55,56],
[2,4,6,10,11,12,14,20,25,38,40,43,46,47,48,51,52,54,55,56],
[2,4,6,10,11,12,14,24,25,38,40,43,46,47,48,51,52,54,55,56],
[2,6,10,11,14,19,20,24,25,26,27,38,40,43,46,47,48,51,52,54,55,56],
[2,6,10,11,12,14,20,24,37,38,40,42,46,47,48,51,52,54,55,56],
[2,6,7,10,11,14,19,20,24,26,27,38,40,41,42,43,46,47,48,51,52,53,54,55,56],
[2,6,11,12,14,20,24,38,40,42,43,46,47,48,51,52,53,54,55,56],
[2,6,10,11,12,20,25,27,38,40,41,42,43,46,47,48,51,54,55,56],
[2,6,10,11,14,20,24,25,26,27,38,40,42,43,46,47,48,54,55,56],
[2,6,10,11,14,20,24,25,26,27,38,40,42,43,46,48,51,54,55,56],
[2,6,10,11,14,20,24,25,26,27,38,40,42,46,47,48,51,54,55,56],
[2,6,10,11,14,20,25,27,38,40,41,42,43,46,47,48,51,54,55,56],
[2,6,8,9,10,11,12,14,20,24,25,38,40,41,42,43,47,48,54,56],
[2,6,8,9,10,11,12,14,20,24,25,27,38,40,41,42,43,47,51,54,56],
[2,6,8,9,10,11,12,14,20,24,25,38,40,41,42,43,48,51,54,56],
[2,6,8,9,10,11,12,14,20,24,25,38,40,41,42,47,48,51,54,56],
[2,4,6,8,9,10,11,12,14,20,24,25,28,35,38,40,41,43,44,47,48,51,52,54,56],
[2,6,9,10,11,12,14,20,24,35,38,40,41,42,43,47,48,51,54,56],
[2,6,9,10,11,12,20,24,25,27,38,40,41,42,43,47,48,51,54,56],
[2,6,8,9,10,12,14,20,24,25,27,38,40,41,42,43,47,48,51,54,56],
[2,8,9,10,11,12,14,20,24,25,38,40,41,42,43,47,48,51,54,56],
[6,9,10,11,12,14,20,23,24,25,32,38,40,41,42,43,47,48,51,54,56],
[2,6,9,10,11,12,20,24,25,27,38,40,42,43,45,46,47,48,54,56],
[2,6,9,10,11,12,20,25,27,38,40,41,42,43,45,46,47,48,51,54,56],
[2,6,7,8,9,10,12,15,16,20,24,27,28,38,40,47,49,51,52,54],
[2,4,6,7,8,9,10,12,15,16,18,20,23,24,27,28,35,38,40,41,44,47,49,50,51,52,53,56],
[2,6,7,8,10,12,15,16,20,24,27,28,38,44,47,49,51,52,54,56],
[2,6,7,8,10,12,15,16,20,24,27,28,39,40,47,49,51,52,54,56],
[2,6,7,8,10,12,15,16,20,23,24,27,40,46,47,49,51,52,55,56],
[2,4,6,7,8,10,12,15,16,20,23,24,38,40,47,49,51,52,55,56],
[2,4,6,7,8,10,12,15,16,20,23,27,38,40,47,49,51,52,55,56],
[2,4,6,7,8,10,12,15,16,23,24,27,38,40,47,49,51,52,55,56],
[2,6,7,8,10,15,16,20,23,24,27,38,40,47,49,51,52,53,55,56],
[2,6,7,8,12,15,16,20,23,24,27,38,40,47,49,51,52,53,55,56],
[2,4,6,7,10,12,15,16,20,23,24,27,38,40,46,47,49,51,52,53,55,56],
[2,4,6,8,10,12,15,16,20,23,24,27,38,40,47,49,51,52,55,56],
[2,6,7,8,10,12,15,16,20,24,28,37,38,47,49,51,52,54,55,56],
[2,6,7,8,10,12,15,16,24,28,30,38,40,47,48,49,51,52,54,55,56],
[2,4,6,7,8,10,12,15,16,24,27,30,38,40,47,49,51,52,55,56],
[2,6,7,8,10,12,16,24,27,30,38,40,47,48,49,51,52,54,55,56],
[2,7,8,10,12,15,16,20,24,27,28,30,38,47,49,51,52,54,55,56],
[2,7,8,10,12,15,16,20,24,27,28,30,40,47,49,51,52,54,55,56],
[2,7,8,10,12,15,20,24,27,28,30,38,40,47,49,51,52,54,55,56],
[2,6,7,8,9,10,12,16,20,24,27,38,41,44,47,49,51,52,54,56],
[2,6,7,8,10,12,16,20,23,24,27,38,41,44,47,49,51,52,55,56],
[2,6,7,8,10,12,16,20,23,24,27,38,41,44,47,51,52,54,55,56],
[2,6,7,8,10,12,16,24,27,38,41,44,47,48,49,51,52,54,55,56],
[2,6,7,8,10,12,16,24,27,38,40,41,42,47,48,49,51,52,54,55],
[2,6,7,8,10,12,16,24,27,38,40,41,42,47,48,49,51,52,55,56],
[2,6,7,8,10,11,12,16,24,27,38,41,42,48,49,51,52,54,55,56],
[2,7,8,10,11,12,16,20,24,27,28,38,41,42,47,49,50,51,52,54,56],
[2,7,8,10,11,12,16,20,23,24,27,38,41,42,47,49,51,52,55,56],
[2,7,8,10,11,12,16,20,24,38,41,42,44,47,49,51,52,54,55,56],
[2,7,8,10,11,12,16,20,27,28,38,41,42,47,49,51,52,54,55,56],
[2,7,8,10,11,12,20,24,27,38,40,41,42,47,49,51,52,54,55,56],
[7,8,10,11,12,16,20,23,24,27,38,41,42,47,49,51,52,54,55,56],
[2,7,8,10,12,15,16,20,24,27,28,30,40,42,46,47,49,51,52,54,55],
[2,7,8,10,12,15,16,20,21,27,28,38,40,42,47,49,51,52,54,55],
[2,7,8,12,15,16,20,24,27,28,38,40,42,47,49,51,52,53,54,55],
[2,7,8,10,12,16,20,21,27,28,38,40,41,42,47,49,51,52,54,55],
[2,7,8,10,11,12,20,27,28,38,40,41,42,47,49,51,52,54,55,56],
[2,6,8,10,11,14,20,24,25,26,27,40,42,43,46,47,52,54,55,56],
[2,6,8,11,12,14,20,24,25,26,27,39,40,42,43,46,47,52,54,55,56],
[2,6,8,10,11,12,14,20,24,37,39,40,42,43,46,47,48,52,54,56],
[2,6,8,10,11,12,14,24,30,37,40,42,43,46,47,48,52,54,55,56],
[2,6,8,11,12,14,20,24,37,39,40,42,43,46,47,48,52,54,55,56],
[2,6,8,10,11,12,14,24,27,40,41,42,43,46,47,48,52,54,55,56],
[2,6,8,10,11,14,24,25,26,27,40,42,43,46,47,48,52,54,55,56],
[2,8,10,11,12,14,21,24,25,27,40,42,43,46,47,48,51,52,54,55,56],
[2,6,8,11,12,14,20,24,25,26,39,40,42,43,46,47,48,52,54,55],
[2,6,8,11,12,14,20,24,25,26,39,40,42,43,46,47,48,52,55,56],
[2,6,8,11,12,14,20,24,25,26,39,40,42,43,47,48,52,54,55,56],
[2,6,8,11,12,14,20,24,25,37,39,40,43,46,47,48,52,54,55,56],
[2,6,8,11,12,14,20,24,25,26,39,42,43,46,47,48,52,54,55,56],
[2,6,11,12,14,20,24,25,26,39,40,42,43,46,47,48,52,54,55,56],
[2,4,6,8,10,11,12,14,20,37,38,40,42,43,46,47,48,52,54,55],
[2,6,8,10,11,14,20,24,26,37,38,40,42,43,46,47,48,52,54,55],
[2,6,8,11,12,14,20,24,26,37,38,40,42,43,46,47,48,52,54,55],
[2,6,8,10,11,12,14,20,24,28,37,38,40,42,43,47,48,52,54,56],
[2,6,8,10,11,12,14,20,24,28,37,38,40,42,47,48,52,54,55,56],
[2,4,6,8,10,11,12,14,20,28,37,38,40,41,42,43,47,48,52,54,55,56],
[2,6,8,10,11,14,20,24,26,37,38,40,42,43,47,48,52,54,55,56],
[2,4,6,8,10,11,12,20,30,37,38,40,42,43,46,47,48,54,55,56],
[2,6,7,10,11,14,20,24,37,38,40,42,43,46,47,48,52,54,55,56],
[2,4,6,8,10,11,12,20,25,30,38,40,42,43,45,46,48,54,55,56],
[2,4,6,8,10,11,12,20,25,30,38,40,43,45,46,47,48,54,55,56],
[2,4,6,8,10,11,12,20,30,38,40,42,43,45,46,47,48,54,55,56],
[2,4,6,8,10,12,20,25,30,32,38,40,42,43,45,46,47,48,54,55,56],
[2,4,8,10,11,12,20,25,30,38,40,42,43,45,46,47,48,54,55,56],
[4,6,8,10,11,12,20,25,30,32,37,38,40,42,43,45,46,47,48,54,55,56],
[2,6,8,10,11,14,20,24,25,26,37,38,40,42,43,46,48,52,54,55],
[2,6,8,10,11,14,20,24,25,26,37,38,40,43,46,47,48,52,54,55],
[2,6,8,10,11,14,20,25,26,37,38,40,42,43,45,46,47,48,54,55],
[2,6,8,10,11,14,24,25,26,31,37,38,40,42,43,46,47,48,54,55],
[2,8,10,11,14,20,21,24,25,26,37,38,40,42,43,46,47,48,49,52,54,55],
[2,6,8,10,11,14,20,24,25,26,37,38,40,42,46,47,48,49,55,56],
[2,4,6,8,10,11,14,20,25,26,37,38,40,42,43,45,46,47,48,55,56],
[2,8,10,11,14,20,24,25,26,37,38,40,42,43,46,47,48,49,55,56],
[2,6,8,10,11,14,20,24,25,26,37,38,40,42,43,48,52,54,55,56],
[2,6,8,10,11,14,20,24,25,26,37,38,40,43,47,48,52,54,55,56],
[2,8,10,11,14,20,24,25,26,37,38,40,42,43,47,48,52,54,55,56],
[6,8,10,11,14,20,24,25,26,37,38,40,42,43,47,48,52,54,55,56],
[2,6,8,11,12,14,20,24,25,31,37,38,39,40,43,46,47,48,54,55],
[2,6,8,9,11,12,14,20,24,25,26,31,38,39,40,42,43,46,47,48,54,55],
[2,6,8,11,12,14,20,24,31,37,38,39,40,42,43,46,47,48,54,55],
[6,8,11,12,14,20,24,25,26,31,37,38,39,40,42,43,46,47,48,54,55],
[2,6,8,11,12,14,20,24,25,30,37,38,39,40,42,43,48,54,55,56],
[2,6,8,11,12,14,20,24,25,37,38,39,40,43,47,48,52,54,55,56],
[2,6,8,11,12,14,20,24,25,26,38,39,40,42,43,47,48,54,55,56],
[6,8,11,12,14,20,24,25,26,37,38,39,40,42,43,47,48,54,55,56],
[6,8,10,11,12,14,20,23,24,25,27,38,40,42,43,46,47,54,55,56],
[6,8,10,11,12,14,20,24,25,26,37,38,40,42,43,47,48,52,54,56],
[6,8,11,12,14,20,24,25,26,37,38,40,42,43,47,48,52,54,55,56],
[6,8,10,11,12,14,24,25,30,32,37,38,40,42,43,46,47,54,55,56],
[4,6,8,10,11,12,14,24,25,30,37,38,40,43,46,47,48,54,55,56],
[6,10,11,12,14,24,25,30,32,37,38,40,42,43,46,47,48,54,55,56],
[2,4,6,10,11,12,14,20,24,25,35,40,43,46,47,48,51,52,54,56],
[2,4,6,10,11,12,20,24,25,30,35,38,40,43,46,47,48,51,52,54,56],
[4,6,10,11,12,14,20,24,25,37,38,40,43,46,47,48,51,52,54,56],
[2,4,6,8,10,11,12,14,20,24,25,38,40,46,47,48,51,52,54,55],
[2,4,6,8,10,11,12,14,20,24,25,38,40,47,48,51,52,54,55,56],
[2,4,6,8,10,11,12,14,20,25,38,40,41,43,47,48,51,52,54,55,56],
[2,4,6,10,11,12,14,20,25,40,41,43,46,47,48,51,52,54,55,56],
[2,4,6,10,11,14,19,20,25,38,40,43,46,47,48,51,52,54,55,56],
[4,6,10,11,12,14,20,25,32,37,38,40,43,46,47,48,51,52,54,55,56],
[2,4,6,8,10,11,12,14,24,25,38,40,43,47,48,51,52,54,55,56],
[2,4,6,10,11,12,24,25,30,38,40,43,46,47,48,51,52,54,55,56],
[2,4,6,10,11,14,19,24,25,30,38,40,43,46,47,48,51,52,54,55,56],
[4,6,10,11,12,14,19,21,24,25,30,32,37,38,40,43,46,47,48,51,52,54,55,56],
[2,6,11,12,14,20,24,38,40,41,42,43,46,47,48,51,52,53,54,55],
[2,6,11,12,14,20,24,37,38,40,42,43,46,48,51,52,53,54,55,56],
[2,6,11,12,14,20,24,38,40,41,42,43,47,48,51,52,53,54,55,56],
[2,6,11,12,14,20,24,40,41,42,43,46,47,48,51,52,53,54,55,56],
[2,11,12,14,20,24,28,37,38,40,42,43,46,47,48,51,52,53,54,55,56],
[2,6,10,11,12,20,25,27,38,40,41,42,43,45,46,48,51,54,55,56],
[2,10,11,12,20,25,27,38,40,41,42,43,45,46,47,48,51,54,55,56],
[2,6,10,11,14,20,24,25,26,27,40,42,43,46,47,48,52,54,55,56],
[2,6,10,11,14,19,24,25,26,27,38,40,42,43,46,47,48,54,55,56],
[2,6,10,11,14,20,24,25,26,27,40,42,43,46,48,51,52,54,55,56],
[2,6,10,11,14,20,24,25,26,27,38,40,41,42,47,48,51,54,55,56],
[2,6,10,11,14,19,20,25,27,38,40,41,43,46,47,48,51,54,55,56],
[2,6,8,9,10,11,14,20,24,25,26,38,40,41,42,43,47,48,54,56],
[2,6,8,9,11,12,14,20,24,25,26,38,40,41,42,43,47,48,54,56],
[2,6,8,9,10,11,12,14,20,24,28,38,40,41,42,43,48,51,54,56],
[2,6,8,9,11,12,14,20,24,25,38,40,41,42,43,44,48,51,54,56],
[6,8,9,10,11,12,14,20,24,25,28,38,40,41,42,43,48,51,54,56],
[2,6,8,9,11,12,14,20,24,25,38,40,41,42,47,48,51,54,55,56],
[6,8,9,10,11,12,14,20,23,24,25,38,40,41,42,47,48,51,54,56],
[2,6,9,10,11,12,14,20,24,28,35,38,40,41,42,43,47,48,54,56],
[2,6,9,10,11,12,14,20,24,28,35,38,40,41,42,43,48,51,54,56],
[2,9,10,11,12,14,20,24,28,35,38,40,41,42,43,47,48,51,54,56],
[6,9,10,11,12,14,20,24,32,35,38,40,41,42,43,47,48,51,54,56],
[2,6,9,10,11,12,20,24,25,27,35,38,40,41,43,47,48,51,54,56],
[2,8,9,10,11,12,20,24,25,27,38,40,41,42,43,47,48,51,54,56],
[2,8,9,10,11,12,14,20,24,25,27,40,41,42,43,47,48,51,52,54,56],
[2,6,9,10,11,12,20,24,25,27,35,38,40,42,43,45,46,47,54,56],
[2,6,7,8,9,10,12,15,16,20,24,27,28,38,40,41,47,51,52,54],
[2,6,7,8,10,12,15,16,20,24,27,28,35,38,44,47,51,52,54,56],
[2,6,7,8,9,10,12,16,20,24,27,28,38,44,47,49,51,52,54,56],
[2,6,7,8,12,15,16,20,24,27,28,38,39,44,47,49,51,52,54,56],
[2,6,8,9,10,12,15,16,20,24,27,28,38,44,47,49,51,52,54,56],
[2,7,8,10,12,15,16,20,24,27,28,35,38,44,47,49,51,52,54,56],
[2,6,7,8,10,12,15,16,20,24,27,28,35,39,40,47,51,52,54,56],
[2,7,8,10,12,15,16,20,24,27,28,30,35,39,40,47,49,51,52,54,56],
[2,6,7,8,10,12,15,16,20,23,24,27,35,40,46,47,49,51,52,56],
[2,6,7,8,10,15,16,20,23,24,27,35,40,46,47,49,51,52,55,56],
[2,4,6,8,10,12,15,16,20,23,24,27,40,46,47,49,51,52,55,56],
[2,4,6,7,8,12,15,16,20,23,24,38,40,47,49,51,52,53,55,56],
[4,6,7,8,10,12,15,16,20,23,24,37,38,40,47,49,51,52,55,56],
[2,4,6,7,8,10,12,15,16,20,23,27,35,38,40,47,49,51,55,56],
[2,4,6,7,8,10,12,16,20,23,27,38,40,41,47,49,51,52,55,56],
[2,4,6,7,8,10,15,16,20,23,27,38,40,41,47,49,51,52,55,56],
[2,4,6,7,8,12,15,16,20,23,27,38,40,41,44,47,49,51,52,53,55,56],
[2,4,6,7,8,12,15,16,23,24,27,38,40,44,47,49,51,52,55,56],
[2,6,7,8,10,15,16,20,23,24,27,38,44,47,49,51,52,53,55,56],
[2,6,7,8,12,15,16,20,23,24,27,38,40,44,47,49,51,53,55,56],
[2,6,7,8,12,15,16,20,23,24,27,38,44,47,49,51,52,53,55,56],
[2,6,7,8,12,15,16,20,23,24,27,40,44,47,49,51,52,53,55,56],
[2,6,7,8,12,15,20,23,24,27,38,40,44,47,49,51,52,53,55,56],
[2,4,6,8,12,15,16,20,23,24,27,38,40,47,49,51,52,53,55,56],
[2,4,6,8,10,12,15,16,20,23,24,27,38,40,46,47,49,51,55,56],
[2,4,6,8,10,12,16,20,23,24,27,38,40,47,49,51,52,53,55,56],
[2,4,6,7,8,10,12,15,16,24,27,30,35,38,40,47,49,51,52,56],
[2,6,7,8,10,12,16,24,27,30,38,40,42,48,49,51,52,54,55,56],
[2,7,8,12,15,16,20,24,27,28,30,39,40,47,49,51,52,54,55,56],
[2,4,6,7,8,10,12,16,20,23,27,38,41,44,47,49,51,52,55,56],
[2,6,7,8,10,11,12,20,23,24,27,38,41,44,47,49,51,52,55,56],
[2,6,7,8,10,11,12,16,20,23,24,38,41,44,47,51,52,54,55,56],
[2,6,7,8,10,12,16,24,26,27,38,40,41,42,47,48,49,52,54,55],
[2,6,7,10,12,16,24,27,38,40,41,42,47,48,49,51,52,53,55,56],
[2,6,7,8,10,11,12,16,24,27,30,38,41,42,48,49,51,52,55,56],
[2,7,8,10,11,12,16,20,24,28,38,41,42,44,47,49,51,52,54,56],
[2,7,8,10,11,12,16,20,21,27,28,38,41,42,47,49,50,51,52,54,55],
[2,7,8,10,11,12,20,24,27,28,38,40,41,42,47,49,51,52,54,56],
[7,8,10,11,12,16,20,23,24,27,37,38,42,47,49,51,52,54,55,56],
[7,8,10,11,12,16,20,21,23,27,37,38,41,42,47,49,51,52,54,55,56],
[2,7,8,10,12,15,16,20,21,27,28,38,40,41,47,49,51,52,54,55],
[2,7,8,10,12,15,16,20,21,27,28,40,42,46,47,49,51,52,54,55],
[2,6,7,8,12,15,16,20,24,27,28,38,40,42,49,51,52,53,54,55],
[2,6,7,8,10,11,14,20,24,26,27,40,42,43,46,47,52,54,55,56],
[2,6,8,10,14,20,24,25,26,27,39,40,42,43,46,47,52,54,55,56],
[2,6,8,11,12,14,20,24,26,37,39,40,42,43,46,47,48,52,55,56],
[2,6,8,10,11,12,14,16,24,40,41,42,43,46,47,48,52,54,55,56],
[2,6,8,11,12,14,20,24,25,26,39,40,43,44,47,48,52,54,55,56],
[2,6,11,12,14,20,24,25,26,27,40,42,43,46,47,48,52,54,55,56],
[2,11,12,14,20,24,25,26,27,39,40,42,43,46,47,48,52,54,55,56],
[2,6,8,10,11,14,21,24,26,37,38,40,42,43,46,47,48,52,54,55],
[2,4,6,8,10,11,12,14,20,24,28,37,38,40,43,47,48,52,54,56],
[2,6,8,10,11,12,14,20,24,28,38,40,41,42,43,47,48,52,54,56],
[2,6,8,10,11,12,14,20,24,28,37,38,40,42,48,51,52,54,55,56],
[2,4,6,10,11,12,20,30,32,37,38,40,42,43,46,47,48,54,55,56],
[2,4,6,8,10,11,12,20,25,30,37,38,42,43,45,46,48,54,55,56],
[2,4,6,10,11,12,20,25,30,32,38,40,42,43,45,46,48,51,54,55,56],
[2,4,6,8,10,11,12,20,25,30,35,38,40,43,45,46,47,54,55,56],
[2,4,6,10,11,12,20,30,32,38,40,42,43,45,46,47,48,54,55,56],
[2,4,10,11,12,20,25,30,32,38,40,42,43,45,46,47,48,54,55,56],
[2,4,6,8,10,11,14,20,24,25,26,37,38,40,43,46,47,48,52,54],
[2,6,8,10,11,14,24,25,26,31,37,38,42,43,45,46,47,48,54,55],
[2,4,8,10,11,14,20,25,26,37,38,40,42,43,46,47,48,49,55,56],
[2,6,8,10,11,14,24,25,26,30,37,38,40,42,43,48,52,54,55,56],
[2,6,8,11,12,14,20,24,25,37,38,39,40,43,44,47,48,52,55,56],
[2,6,8,11,12,14,20,24,25,38,39,40,43,44,47,48,52,54,55,56],
[6,8,10,11,12,14,20,24,25,26,37,38,40,41,43,47,48,52,54,56],
[2,4,6,8,10,11,12,14,20,24,25,35,40,43,46,47,51,52,54,56],
[2,4,10,11,12,14,20,24,25,28,35,40,43,46,47,48,51,52,54,56],
[2,4,6,10,11,12,19,24,25,30,38,43,46,47,48,51,52,54,55,56],
[2,6,11,12,14,20,24,38,40,41,43,44,47,48,51,52,53,54,55,56],
[2,6,12,14,20,24,27,38,40,41,42,43,47,48,51,52,53,54,55,56],
[2,6,10,11,20,25,27,32,38,40,41,42,43,45,46,48,51,54,55,56],
[2,6,10,11,14,20,23,24,25,26,27,38,40,41,42,47,51,54,55,56],
[2,6,8,9,10,14,20,24,25,26,27,38,40,41,42,43,47,48,54,56],
[2,6,8,9,11,12,14,20,24,25,26,38,40,41,42,43,44,48,54,56],
[2,6,8,9,10,11,12,14,20,24,28,35,38,40,41,42,43,51,54,56],
[2,6,8,9,11,12,14,20,24,25,38,40,41,42,44,48,51,54,55,56],
[3,6,8,9,11,12,14,20,24,25,28,38,40,41,42,43,44,48,51,54,56],
[2,6,8,9,11,12,14,20,23,24,25,27,38,40,41,42,47,51,54,55,56],
[2,6,8,9,12,14,20,24,25,27,38,40,41,42,47,48,51,54,55,56],
[6,8,9,10,11,12,14,20,23,24,25,27,38,40,41,42,47,51,54,56],
[9,10,11,12,14,20,24,28,32,35,38,40,41,42,43,47,48,51,54,56],
[2,6,8,9,12,15,16,20,24,27,28,38,39,44,47,49,51,52,54,56],
[2,4,6,7,8,10,12,16,20,23,27,35,40,41,47,49,51,52,55,56],
[2,6,7,8,12,15,16,20,23,24,27,38,44,49,50,51,52,53,55,56],
[2,4,6,7,8,10,12,15,16,18,24,27,30,35,38,40,47,49,52,56],
[2,4,6,7,10,12,15,16,18,24,27,30,35,38,40,47,49,51,52,56],
[7,8,10,11,12,16,20,24,28,37,38,41,42,44,47,49,51,52,54,56],
[2,6,8,9,10,11,14,20,23,24,25,27,38,40,41,42,47,51,54,56],
[2,4,7,8,10,12,15,16,18,24,27,28,30,35,38,40,47,49,52,56],
[2,6,7,9,10,15,20,23,24,26,27,34,38,40,42,46,49,50,51,53]];
