return [[1,2,3,4,5,6,9,10,13,15,17,20,21,23,27,31,34,36,37,39],
[1,2,3,4,5,6,9,10,13,15,17,20,21,23,29,31,36,37,39,40],
[1,2,3,4,5,6,9,10,13,15,17,20,21,23,31,34,36,37,39,40],
[1,2,3,4,5,6,9,10,13,15,17,21,23,27,29,31,34,36,37,39],
[1,2,3,4,5,6,9,10,13,15,17,21,23,29,31,34,36,37,39,40],
[1,2,3,4,5,6,9,10,13,15,20,21,23,27,29,31,34,36,37,39],
[1,2,3,4,5,6,9,10,13,17,19,20,23,27,28,29,31,34,39,40],
[1,2,3,4,5,6,9,10,13,17,19,20,23,27,28,29,31,36,39,40],
[1,2,3,4,5,6,9,10,13,17,19,23,27,28,29,31,34,36,39,40],
[1,2,3,4,5,6,9,10,13,17,20,21,23,27,28,29,31,36,39,40],
[1,2,3,4,5,6,9,10,13,17,20,21,23,27,28,29,36,37,39,40],
[1,2,3,4,5,6,9,10,13,17,20,21,23,28,29,31,36,37,39,40],
[1,2,3,4,5,6,9,10,13,17,21,23,27,28,29,31,34,36,37,39],
[1,2,3,4,5,6,9,10,13,17,21,23,27,28,29,31,34,36,39,40],
[1,2,3,4,5,6,9,10,13,17,21,23,27,28,29,34,36,37,39,40],
[1,2,3,4,5,6,9,10,13,17,21,23,28,29,31,34,36,37,39,40],
[1,2,3,4,5,6,9,10,13,17,22,28,29,31,34,35,36,37,39,40],
[1,2,3,4,5,6,9,10,13,19,20,23,27,28,29,31,34,37,39,40],
[1,2,3,4,5,6,9,10,13,19,20,23,27,28,29,31,36,37,39,40],
[1,2,3,4,5,6,9,10,13,19,20,23,27,29,31,34,36,37,39,40],
[1,2,3,4,5,6,9,10,13,19,20,23,28,29,31,35,36,37,39,40],
[1,2,3,4,5,6,9,10,13,19,20,23,29,31,34,35,36,37,39,40],
[1,2,3,4,5,6,9,10,13,20,21,23,27,28,29,31,36,37,39,40],
[1,2,3,4,5,6,9,10,13,20,21,23,27,29,31,34,36,37,39,40],
[1,2,3,4,5,6,9,10,15,17,20,21,23,27,29,31,34,36,37,39],
[1,2,3,4,5,6,9,10,15,17,20,21,23,29,31,34,36,37,39,40],
[1,2,3,4,5,6,9,10,17,19,20,23,28,29,31,35,36,37,39,40],
[1,2,3,4,5,6,9,10,17,19,20,23,29,31,34,35,36,37,39,40],
[1,2,3,4,5,6,10,13,17,19,20,22,23,31,34,35,36,37,39,40],
[1,2,3,4,5,6,10,13,17,19,20,22,28,31,34,35,36,37,39,40],
[1,2,3,4,5,6,10,13,17,19,22,28,29,31,34,35,36,37,39,40],
[1,2,3,4,5,6,10,13,19,20,22,23,29,31,34,35,36,37,39,40],
[1,2,3,4,5,6,10,17,19,20,22,23,29,31,34,35,36,37,39,40],
[1,2,3,4,5,6,10,17,19,20,22,28,29,31,34,35,36,37,39,40],
[1,2,3,4,5,8,9,10,12,13,15,17,20,22,28,29,31,34,35,40],
[1,2,3,4,5,8,9,10,12,13,15,17,20,23,26,27,34,35,36,39],
[1,2,3,4,5,8,9,10,12,13,15,17,20,23,27,29,31,34,36,39],
[1,2,3,4,5,8,9,10,12,13,15,17,20,23,27,31,34,35,36,39],
[1,2,3,4,5,8,9,10,12,13,15,17,20,27,28,31,34,35,36,39],
[1,2,3,4,5,8,9,10,12,13,15,17,22,26,28,29,31,34,35,36],
[1,2,3,4,5,8,9,10,12,13,15,17,22,26,28,29,31,34,35,40],
[1,2,3,4,5,8,9,10,12,13,15,17,26,27,28,29,31,34,35,36],
[1,2,3,4,5,8,9,10,12,13,15,17,26,27,28,31,34,35,36,39],
[1,2,3,4,5,8,9,10,12,13,15,20,22,26,28,29,34,35,37,40],
[1,2,3,4,5,8,9,10,12,13,15,20,22,26,28,29,35,36,37,40],
[1,2,3,4,5,8,9,10,12,13,15,20,22,28,29,31,34,35,37,40],
[1,2,3,4,5,8,9,10,12,13,15,20,22,28,29,31,35,36,37,40],
[1,2,3,4,5,8,9,10,12,15,17,20,23,26,27,29,34,35,36,39],
[1,2,3,4,5,8,9,10,12,15,17,20,23,27,29,31,34,35,36,39],
[1,2,3,4,5,8,9,10,13,15,16,17,20,23,26,27,28,29,36,40],
[1,2,3,4,5,8,9,10,13,15,16,17,20,23,26,27,28,35,36,39],
[1,2,3,4,5,8,9,10,13,15,16,17,20,23,26,27,28,36,39,40],
[1,2,3,4,5,8,9,10,13,15,16,17,20,23,26,27,34,35,36,39],
[1,2,3,4,5,8,9,10,13,15,16,17,20,23,26,28,29,36,37,40],
[1,2,3,4,5,8,9,10,13,15,16,17,20,23,26,28,35,36,37,40],
[1,2,3,4,5,8,9,10,13,15,16,17,20,23,26,28,35,36,39,40],
[1,2,3,4,5,8,9,10,13,15,16,17,20,23,27,31,34,35,36,39],
[1,2,3,4,5,8,9,10,13,15,16,17,20,23,27,31,34,35,39,40],
[1,2,3,4,5,8,9,10,13,15,16,17,20,23,31,34,35,36,39,40],
[1,2,3,4,5,8,9,10,13,15,16,17,20,27,28,31,34,35,36,39],
[1,2,3,4,5,8,9,10,13,15,16,17,20,27,28,31,34,35,39,40],
[1,2,3,4,5,8,9,10,13,15,17,20,22,26,28,29,35,36,37,40],
[1,2,3,4,5,8,9,10,13,15,17,20,23,26,28,29,31,35,36,40],
[1,2,3,4,5,8,9,10,13,15,17,20,23,26,28,29,35,36,37,40],
[1,2,3,4,5,8,9,10,13,15,17,20,23,26,28,31,35,36,39,40],
[1,2,3,4,5,8,9,10,13,15,17,23,26,27,28,29,31,34,35,36],
[1,2,3,4,5,8,9,10,13,15,17,23,26,28,29,31,34,35,36,40],
[1,2,3,4,5,8,9,10,13,16,17,20,23,27,31,34,35,36,39,40],
[1,2,3,4,5,8,9,10,15,16,17,20,23,26,28,29,35,36,37,40],
[1,2,3,4,5,8,10,13,15,16,17,22,23,26,29,34,35,36,37,40],
[1,2,3,4,5,8,10,13,15,16,17,22,26,28,29,34,35,36,37,40],
[1,2,3,4,5,8,10,15,16,17,20,22,23,26,29,34,35,36,37,40],
[1,2,3,4,5,8,10,15,16,17,20,22,26,28,29,34,35,36,37,40],
[1,2,3,4,5,9,10,11,12,13,15,17,20,22,28,31,34,35,39,40],
[1,2,3,4,5,9,10,11,12,13,15,17,20,23,26,27,28,29,36,39],
[1,2,3,4,5,9,10,11,12,13,15,17,23,26,27,28,29,34,36,39],
[1,2,3,4,5,9,10,11,12,13,15,20,22,26,28,29,34,35,37,40],
[1,2,3,4,5,9,10,11,12,13,15,20,22,28,29,31,34,35,37,40],
[1,2,3,4,5,9,10,11,12,13,15,20,22,28,31,34,35,37,39,40],
[1,2,3,4,5,9,10,11,12,13,15,20,23,26,27,28,29,36,37,39],
[1,2,3,4,5,9,10,11,12,13,15,20,23,26,28,29,35,36,37,39],
[1,2,3,4,5,9,10,11,12,13,15,23,26,27,28,29,34,36,37,39],
[1,2,3,4,5,9,10,11,12,13,20,22,28,29,31,34,35,37,39,40],
[1,2,3,4,5,9,10,11,12,15,17,20,22,26,28,29,34,35,37,40],
[1,2,3,4,5,9,10,11,12,15,17,20,23,26,28,29,34,35,37,39],
[1,2,3,4,5,9,10,11,12,15,17,20,23,26,28,29,35,36,37,39],
[1,2,3,4,5,9,10,11,12,15,17,20,26,28,29,34,35,37,39,40],
[1,2,3,4,5,9,10,11,13,15,16,17,20,23,26,27,28,34,39,40],
[1,2,3,4,5,9,10,11,13,15,16,17,20,23,27,28,34,37,39,40],
[1,2,3,4,5,9,10,11,13,15,17,20,22,28,31,34,35,37,39,40],
[1,2,3,4,5,9,10,11,13,15,17,20,23,24,28,29,31,37,39,40],
[1,2,3,4,5,9,10,11,13,15,17,23,24,28,29,31,34,35,39,40],
[1,2,3,4,5,9,10,11,13,15,17,23,24,28,29,31,34,37,39,40],
[1,2,3,4,5,9,10,11,13,15,17,23,26,27,28,29,34,36,37,39],
[1,2,3,4,5,9,10,11,15,16,17,20,23,26,27,28,29,34,37,39],
[1,2,3,4,5,9,10,11,15,16,17,20,23,26,27,28,29,34,39,40],
[1,2,3,4,5,9,10,11,15,16,17,20,23,26,28,29,34,37,39,40],
[1,2,3,4,5,9,10,11,15,16,17,20,23,27,28,29,34,37,39,40],
[1,2,3,4,5,9,10,11,15,17,20,23,24,28,29,31,34,35,39,40],
[1,2,3,4,5,9,10,11,15,17,20,23,24,28,29,31,34,37,39,40],
[1,2,3,4,5,9,10,11,15,17,20,23,24,28,29,34,35,37,39,40],
[1,2,3,4,5,9,10,11,15,17,20,23,26,28,29,34,35,37,39,40],
[1,2,3,4,5,9,10,11,15,17,20,24,28,29,31,34,35,37,39,40],
[1,2,3,4,5,9,10,12,13,15,17,22,26,28,29,31,34,35,36,37],
[1,2,3,4,5,9,10,12,13,15,17,26,28,29,31,34,35,36,37,39],
[1,2,3,4,5,9,10,12,15,17,20,23,26,27,28,29,34,35,36,39],
[1,2,3,4,5,9,10,12,15,17,20,23,26,28,29,34,35,36,37,39],
[1,2,3,4,5,9,10,12,15,17,20,26,28,29,31,34,35,36,37,39],
[1,2,3,4,5,9,10,12,15,17,20,26,28,29,31,34,35,37,39,40],
[1,2,3,4,5,9,10,13,15,16,17,20,21,23,27,28,31,34,39,40],
[1,2,3,4,5,9,10,13,15,16,17,20,21,23,27,28,31,36,39,40],
[1,2,3,4,5,9,10,13,15,16,17,20,21,23,27,28,34,37,39,40],
[1,2,3,4,5,9,10,13,15,16,17,20,21,23,28,31,35,36,39,40],
[1,2,3,4,5,9,10,13,15,16,17,20,21,23,28,35,36,37,39,40],
[1,2,3,4,5,9,10,13,15,16,17,20,21,28,31,35,36,37,39,40],
[1,2,3,4,5,9,10,13,15,16,17,20,23,26,28,35,36,37,39,40],
[1,2,3,4,5,9,10,13,15,16,17,20,23,27,28,31,34,35,39,40],
[1,2,3,4,5,9,10,13,15,17,20,21,23,27,28,29,31,36,39,40],
[1,2,3,4,5,9,10,13,15,17,20,21,23,28,29,31,36,37,39,40],
[1,2,3,4,5,9,10,13,15,17,20,21,23,28,31,35,36,37,39,40],
[1,2,3,4,5,9,10,13,15,17,20,23,24,28,29,31,35,36,37,40],
[1,2,3,4,5,9,10,13,15,17,20,23,24,28,29,31,36,37,39,40],
[1,2,3,4,5,9,10,13,15,17,20,23,24,28,31,35,36,37,39,40],
[1,2,3,4,5,9,10,13,15,17,21,23,26,27,28,29,31,34,36,39],
[1,2,3,4,5,9,10,13,15,17,21,23,26,27,28,29,34,36,37,39],
[1,2,3,4,5,9,10,13,15,17,21,23,27,28,29,31,34,36,37,39],
[1,2,3,4,5,9,10,15,16,17,20,21,23,27,28,29,34,36,37,39],
[1,2,3,4,5,9,10,15,16,17,20,21,23,27,28,29,34,37,39,40],
[1,2,3,4,5,9,10,15,16,17,20,23,26,27,28,29,34,36,37,39],
[1,2,3,4,5,9,10,15,17,20,21,23,27,28,29,31,34,36,37,39],
[1,2,3,4,5,9,10,15,17,20,21,23,28,29,31,34,35,36,37,39],
[1,2,3,4,5,9,10,15,17,20,21,23,28,29,31,34,35,37,39,40],
[1,2,3,4,5,9,10,15,17,20,21,23,28,29,31,35,36,37,39,40],
[1,2,3,4,5,10,11,12,15,17,20,22,26,28,29,34,35,36,37,39],
[1,2,3,4,5,10,11,12,15,17,20,22,26,28,29,34,35,37,39,40],
[1,2,3,4,5,10,11,12,15,17,20,23,26,28,29,34,35,36,37,39],
[1,2,3,4,5,10,11,13,15,16,17,20,22,23,26,28,29,36,37,40],
[1,2,3,4,5,10,11,13,15,16,17,20,22,23,26,28,35,36,37,40],
[1,2,3,4,5,10,11,13,15,16,17,20,22,23,28,34,35,37,39,40],
[1,2,3,4,5,10,11,13,15,16,17,20,22,23,28,35,36,37,39,40],
[1,2,3,4,5,10,11,13,15,16,17,20,22,26,28,35,36,37,39,40],
[1,2,3,4,5,10,11,13,15,16,17,20,23,26,28,35,36,37,39,40],
[1,2,3,4,5,10,11,13,15,16,17,22,23,26,28,29,34,36,37,40],
[1,2,3,4,5,10,11,13,15,16,17,23,26,27,28,29,34,36,37,39],
[1,2,3,4,5,10,11,13,15,16,17,23,26,28,29,34,36,37,39,40],
[1,2,3,4,5,10,11,13,15,17,20,22,23,26,28,29,35,36,37,40],
[1,2,3,4,5,10,11,13,15,17,22,23,24,26,28,29,34,36,37,40],
[1,2,3,4,5,10,11,13,15,17,22,24,26,28,29,34,36,37,39,40],
[1,2,3,4,5,10,11,13,15,17,23,24,26,28,29,34,36,37,39,40],
[1,2,3,4,5,10,11,15,16,17,20,23,26,27,28,29,34,36,37,39],
[1,2,3,4,5,10,13,15,16,17,22,23,26,28,29,34,35,36,37,40],
[1,2,3,4,5,10,13,15,17,22,24,26,28,29,31,34,36,37,39,40],
[1,2,3,4,6,8,9,10,12,13,14,15,17,22,27,29,31,34,36,41],
[1,2,3,4,6,8,9,10,12,13,14,17,26,27,29,30,31,34,36,39],
[1,2,3,4,6,8,9,10,12,13,14,17,26,27,29,31,34,36,39,41],
[1,2,3,4,6,8,9,10,12,13,14,20,22,27,29,30,31,34,40,41],
[1,2,3,4,6,8,9,10,12,13,14,20,22,27,30,31,34,39,40,41],
[1,2,3,4,6,8,9,10,12,13,14,20,22,29,30,31,34,35,37,40],
[1,2,3,4,6,8,9,10,12,13,14,20,22,29,30,31,34,37,40,41],
[1,2,3,4,6,8,9,10,12,13,14,20,22,29,30,31,35,36,37,40],
[1,2,3,4,6,8,9,10,12,13,14,20,22,29,30,31,36,37,40,41],
[1,2,3,4,6,8,9,10,12,13,14,20,22,30,31,34,35,37,40,41],
[1,2,3,4,6,8,9,10,12,13,14,20,22,30,31,34,35,39,40,41],
[1,2,3,4,6,8,9,10,12,13,14,20,22,30,34,35,37,39,40,41],
[1,2,3,4,6,8,9,10,12,13,14,20,27,29,30,31,34,39,40,41],
[1,2,3,4,6,8,9,10,12,13,14,22,29,30,31,34,35,36,37,40],
[1,2,3,4,6,8,9,10,12,13,14,23,26,27,29,30,34,36,37,41],
[1,2,3,4,6,8,9,10,12,13,14,23,26,27,29,30,34,36,39,41],
[1,2,3,4,6,8,9,10,12,13,14,23,26,29,30,34,36,37,39,41],
[1,2,3,4,6,8,9,10,12,13,14,26,27,29,30,31,34,36,39,41],
[1,2,3,4,6,8,9,10,12,13,14,26,29,30,31,34,36,39,40,41],
[1,2,3,4,6,8,9,10,12,13,14,26,29,30,34,36,37,39,40,41],
[1,2,3,4,6,8,9,10,12,13,20,22,29,30,31,34,35,36,37,40],
[1,2,3,4,6,8,9,10,12,13,20,22,30,31,34,35,36,37,39,40],
[1,2,3,4,6,8,9,10,12,13,20,22,30,31,34,35,37,39,40,41],
[1,2,3,4,6,8,9,10,12,13,23,26,27,29,30,34,36,37,39,41],
[1,2,3,4,6,8,9,10,12,14,17,20,27,29,30,31,34,36,39,41],
[1,2,3,4,6,8,9,10,12,14,17,26,27,29,30,31,34,36,39,41],
[1,2,3,4,6,8,9,10,13,14,15,17,18,22,25,27,29,30,31,34],
[1,2,3,4,6,8,9,10,13,14,15,17,18,22,25,27,29,30,31,36],
[1,2,3,4,6,8,9,10,13,14,15,17,18,22,25,27,29,30,34,41],
[1,2,3,4,6,8,9,10,13,14,15,17,18,22,27,29,30,31,34,36],
[1,2,3,4,6,8,9,10,13,14,15,17,18,23,26,27,29,34,36,41],
[1,2,3,4,6,8,9,10,13,14,15,17,22,25,27,29,30,31,34,41],
[1,2,3,4,6,8,9,10,13,14,15,17,22,27,29,30,31,34,36,41],
[1,2,3,4,6,8,9,10,13,14,17,18,22,27,29,30,31,34,35,36],
[1,2,3,4,6,8,9,10,13,14,17,18,23,26,27,29,30,34,36,41],
[1,2,3,4,6,8,9,10,13,14,17,18,23,27,29,30,31,34,35,36],
[1,2,3,4,6,8,9,10,13,14,17,20,22,25,27,30,31,34,35,40],
[1,2,3,4,6,8,9,10,13,14,17,20,22,25,27,30,31,34,40,41],
[1,2,3,4,6,8,9,10,13,14,17,20,22,25,30,31,32,35,36,40],
[1,2,3,4,6,8,9,10,13,14,17,20,22,27,30,31,34,39,40,41],
[1,2,3,4,6,8,9,10,13,14,17,20,22,30,31,32,35,36,39,40],
[1,2,3,4,6,8,9,10,13,14,17,20,23,25,27,30,31,36,39,41],
[1,2,3,4,6,8,9,10,13,14,17,20,23,25,27,30,31,36,40,41],
[1,2,3,4,6,8,9,10,13,14,17,20,23,25,27,30,31,39,40,41],
[1,2,3,4,6,8,9,10,13,14,17,20,23,25,27,31,34,39,40,41],
[1,2,3,4,6,8,9,10,13,14,17,20,23,25,31,34,35,39,40,41],
[1,2,3,4,6,8,9,10,13,14,17,20,23,27,30,31,35,36,39,40],
[1,2,3,4,6,8,9,10,13,14,17,20,23,27,30,31,36,39,40,41],
[1,2,3,4,6,8,9,10,13,14,17,20,25,27,30,31,34,39,40,41],
[1,2,3,4,6,8,9,10,13,14,17,21,23,25,27,30,31,36,40,41],
[1,2,3,4,6,8,9,10,13,14,17,22,25,27,29,30,31,34,40,41],
[1,2,3,4,6,8,9,10,13,14,17,23,25,27,30,31,34,39,40,41],
[1,2,3,4,6,8,9,10,13,14,17,23,25,30,31,34,35,39,40,41],
[1,2,3,4,6,8,9,10,13,14,17,23,27,30,31,34,35,36,39,40],
[1,2,3,4,6,8,9,10,13,14,17,23,30,31,34,35,36,39,40,41],
[1,2,3,4,6,8,9,10,13,14,18,23,26,27,29,30,34,36,37,41],
[1,2,3,4,6,8,9,10,13,14,19,20,22,25,27,29,30,31,34,40],
[1,2,3,4,6,8,9,10,13,14,19,20,22,25,27,30,31,34,35,40],
[1,2,3,4,6,8,9,10,13,14,19,20,23,25,27,30,31,34,35,40],
[1,2,3,4,6,8,9,10,13,14,19,20,23,27,29,30,31,36,39,40],
[1,2,3,4,6,8,9,10,13,14,19,20,23,27,30,31,34,35,36,39],
[1,2,3,4,6,8,9,10,13,14,19,20,23,27,30,31,34,35,39,40],
[1,2,3,4,6,8,9,10,13,14,19,20,23,27,30,31,35,36,39,40],
[1,2,3,4,6,8,9,10,13,14,19,23,27,29,30,31,34,36,39,40],
[1,2,3,4,6,8,9,10,13,14,19,23,27,30,31,34,35,36,39,40],
[1,2,3,4,6,8,9,10,13,14,20,22,23,29,30,33,35,36,37,40],
[1,2,3,4,6,8,9,10,13,14,20,22,25,27,29,30,31,34,40,41],
[1,2,3,4,6,8,9,10,13,14,20,22,29,30,31,33,35,36,37,40],
[1,2,3,4,6,8,9,10,13,14,20,22,29,30,31,33,36,37,40,41],
[1,2,3,4,6,8,9,10,13,14,20,23,25,27,29,30,31,33,40,41],
[1,2,3,4,6,8,9,10,13,14,20,23,25,27,30,31,34,39,40,41],
[1,2,3,4,6,8,9,10,13,14,20,23,25,30,31,34,35,39,40,41],
[1,2,3,4,6,8,9,10,13,14,20,23,27,29,30,31,33,36,40,41],
[1,2,3,4,6,8,9,10,13,14,20,23,27,29,30,31,36,39,40,41],
[1,2,3,4,6,8,9,10,13,14,20,23,27,30,31,34,35,36,39,41],
[1,2,3,4,6,8,9,10,13,14,20,23,29,30,31,33,35,36,37,40],
[1,2,3,4,6,8,9,10,13,14,20,23,29,30,31,33,36,37,40,41],
[1,2,3,4,6,8,9,10,13,14,20,23,30,31,33,35,36,37,40,41],
[1,2,3,4,6,8,9,10,13,14,20,23,30,32,35,36,37,39,40,41],
[1,2,3,4,6,8,9,10,13,14,21,23,25,27,29,30,31,33,36,41],
[1,2,3,4,6,8,9,10,13,14,21,23,25,27,29,30,31,33,40,41],
[1,2,3,4,6,8,9,10,13,14,21,23,27,29,30,31,33,36,40,41],
[1,2,3,4,6,8,9,10,13,14,23,26,29,30,34,36,37,39,40,41],
[1,2,3,4,6,8,9,10,13,14,23,26,30,32,35,36,37,39,40,41],
[1,2,3,4,6,8,9,10,13,14,23,26,30,34,35,36,37,39,40,41],
[1,2,3,4,6,8,9,10,13,15,16,17,20,21,23,25,27,34,40,41],
[1,2,3,4,6,8,9,10,13,15,16,20,22,25,27,30,34,37,40,41],
[1,2,3,4,6,8,9,10,13,15,17,20,21,23,25,27,31,34,40,41],
[1,2,3,4,6,8,9,10,13,15,18,22,26,27,29,30,34,36,37,41],
[1,2,3,4,6,8,9,10,13,15,20,22,25,27,29,30,31,34,40,41],
[1,2,3,4,6,8,9,10,13,15,20,22,25,29,30,31,33,37,40,41],
[1,2,3,4,6,8,9,10,13,15,20,22,25,30,31,32,34,37,40,41],
[1,2,3,4,6,8,9,10,13,15,20,22,25,31,32,34,35,37,40,41],
[1,2,3,4,6,8,9,10,13,16,17,20,21,23,27,30,36,39,40,41],
[1,2,3,4,6,8,9,10,13,17,20,21,23,25,27,30,31,36,40,41],
[1,2,3,4,6,8,9,10,13,17,20,23,27,30,31,34,35,36,39,40],
[1,2,3,4,6,8,9,10,13,19,20,23,27,30,31,34,35,36,39,40],
[1,2,3,4,6,8,9,10,13,20,21,23,27,29,30,31,33,36,40,41],
[1,2,3,4,6,8,9,10,13,20,21,23,27,30,31,34,36,39,40,41],
[1,2,3,4,6,8,9,10,13,20,22,25,30,31,32,34,35,37,40,41],
[1,2,3,4,6,8,9,10,13,20,22,30,31,32,34,35,37,39,40,41],
[1,2,3,4,6,8,9,10,13,23,26,27,29,30,34,36,37,39,40,41],
[1,2,3,4,6,8,9,10,14,15,17,20,23,25,27,29,30,31,36,41],
[1,2,3,4,6,8,9,10,14,15,17,20,23,25,27,30,31,36,38,41],
[1,2,3,4,6,8,9,10,14,15,17,20,23,27,29,30,31,36,38,41],
[1,2,3,4,6,8,9,10,14,15,17,23,27,29,30,31,34,36,38,41],
[1,2,3,4,6,8,9,10,14,17,20,22,25,27,29,30,31,34,40,41],
[1,2,3,4,6,8,9,10,14,17,20,23,25,27,29,30,31,34,40,41],
[1,2,3,4,6,8,9,10,14,17,20,23,25,27,30,31,34,39,40,41],
[1,2,3,4,6,8,9,10,14,17,20,23,25,30,31,34,35,39,40,41],
[1,2,3,4,6,8,9,10,14,17,20,23,27,29,30,31,34,36,38,41],
[1,2,3,4,6,8,9,10,14,17,20,23,27,29,30,31,34,36,39,41],
[1,2,3,4,6,8,9,10,14,17,20,23,27,29,30,31,34,39,40,41],
[1,2,3,4,6,8,9,10,14,17,20,23,27,29,30,31,36,39,40,41],
[1,2,3,4,6,8,9,10,15,16,17,20,21,23,25,27,30,34,40,41],
[1,2,3,4,6,8,9,10,15,17,20,21,23,25,27,29,30,31,36,41],
[1,2,3,4,6,8,9,10,15,17,20,21,23,27,29,30,31,34,36,41],
[1,2,3,4,6,8,9,10,15,17,20,23,27,29,30,31,34,36,38,41],
[1,2,3,4,6,8,9,10,15,20,21,23,25,27,29,30,31,33,36,41],
[1,2,3,4,6,8,10,13,14,15,17,18,22,23,25,27,29,31,34,36],
[1,2,3,4,6,8,10,13,14,15,17,18,22,23,25,27,29,34,36,41],
[1,2,3,4,6,8,10,13,14,15,17,20,22,23,25,27,31,34,35,36],
[1,2,3,4,6,8,10,13,14,15,17,20,22,23,25,27,31,34,36,41],
[1,2,3,4,6,8,10,13,14,15,17,22,23,25,27,29,31,34,36,41],
[1,2,3,4,6,8,10,13,14,17,18,22,23,25,27,29,30,31,34,36],
[1,2,3,4,6,8,10,13,14,17,18,22,23,25,27,29,30,34,36,41],
[1,2,3,4,6,8,10,13,14,17,19,22,23,29,30,31,34,35,36,40],
[1,2,3,4,6,8,10,13,14,17,22,23,25,27,29,30,31,34,36,41],
[1,2,3,4,6,8,10,13,14,17,22,23,25,27,29,30,31,34,40,41],
[1,2,3,4,6,8,10,13,14,17,22,23,25,27,29,30,31,36,40,41],
[1,2,3,4,6,8,10,13,14,18,22,23,26,27,29,30,34,36,37,41],
[1,2,3,4,6,8,10,13,14,19,20,22,23,29,31,34,35,36,40,41],
[1,2,3,4,6,8,10,13,14,19,20,22,23,29,34,35,36,37,40,41],
[1,2,3,4,6,8,10,13,14,19,20,22,25,27,29,30,31,34,40,41],
[1,2,3,4,6,8,10,13,14,19,20,23,27,29,30,31,36,39,40,41],
[1,2,3,4,6,8,10,13,14,19,22,23,25,27,29,30,31,34,40,41],
[1,2,3,4,6,8,10,13,14,19,22,23,29,30,31,34,35,36,40,41],
[1,2,3,4,6,8,10,13,14,19,22,23,29,30,34,35,36,37,40,41],
[1,2,3,4,6,8,10,13,15,16,17,20,21,23,25,27,31,34,40,41],
[1,2,3,4,6,8,10,13,15,16,17,20,22,23,25,27,31,34,36,41],
[1,2,3,4,6,8,10,13,15,16,17,20,22,25,27,30,31,34,36,41],
[1,2,3,4,6,8,10,13,15,16,17,20,22,25,27,30,31,34,40,41],
[1,2,3,4,6,8,10,13,15,16,17,21,22,25,27,30,31,34,36,41],
[1,2,3,4,6,8,10,13,15,16,17,21,22,25,27,30,31,34,40,41],
[1,2,3,4,6,8,10,13,15,17,21,22,23,25,27,29,31,34,36,41],
[1,2,3,4,6,8,10,13,15,17,21,22,25,27,29,30,31,34,36,41],
[1,2,3,4,6,8,10,13,16,17,20,22,23,34,35,36,37,39,40,41],
[1,2,3,4,6,8,10,13,16,17,21,22,23,27,29,30,34,36,40,41],
[1,2,3,4,6,8,10,13,19,20,22,23,29,31,34,35,36,37,40,41],
[1,2,3,4,6,8,10,13,19,22,23,29,30,31,34,35,36,37,40,41],
[1,2,3,4,6,8,10,14,15,17,18,22,23,25,27,29,30,34,36,41],
[1,2,3,4,6,8,10,14,17,19,20,22,23,27,29,30,31,34,35,36],
[1,2,3,4,6,8,10,14,17,19,20,22,23,29,30,31,34,35,36,40],
[1,2,3,4,6,8,10,14,17,20,22,23,29,30,31,34,35,36,40,41],
[1,2,3,4,6,8,10,14,19,20,22,23,29,30,31,34,35,36,40,41],
[1,2,3,4,6,8,10,14,19,20,22,23,29,30,34,35,36,37,40,41],
[1,2,3,4,6,8,10,15,16,17,20,22,23,27,29,30,34,36,37,41],
[1,2,3,4,6,8,10,19,20,22,23,29,30,31,34,35,36,37,40,41],
[1,2,3,4,6,9,10,11,12,13,14,15,20,22,25,27,29,31,37,41],
[1,2,3,4,6,9,10,11,12,13,14,20,22,27,28,29,30,36,37,41],
[1,2,3,4,6,9,10,11,12,13,14,20,27,28,29,30,36,37,39,41],
[1,2,3,4,6,9,10,11,12,13,14,22,26,29,30,34,37,39,40,41],
[1,2,3,4,6,9,10,11,12,13,14,23,26,27,29,34,36,37,39,41],
[1,2,3,4,6,9,10,11,12,13,15,20,22,25,27,29,31,34,37,41],
[1,2,3,4,6,9,10,11,12,13,15,20,22,25,27,31,34,37,39,41],
[1,2,3,4,6,9,10,11,12,13,15,20,23,27,29,34,36,37,39,41],
[1,2,3,4,6,9,10,11,12,14,17,20,22,29,30,34,37,38,39,41],
[1,2,3,4,6,9,10,11,12,14,20,22,25,29,30,34,37,38,39,41],
[1,2,3,4,6,9,10,11,12,14,20,22,25,29,31,34,37,38,39,41],
[1,2,3,4,6,9,10,11,13,14,15,17,20,22,25,27,28,31,32,41],
[1,2,3,4,6,9,10,11,13,14,15,17,20,22,25,27,31,32,39,41],
[1,2,3,4,6,9,10,11,13,14,15,20,22,25,27,28,29,31,37,41],
[1,2,3,4,6,9,10,11,13,14,15,20,22,25,28,29,31,32,37,41],
[1,2,3,4,6,9,10,11,13,14,17,18,22,23,25,28,29,34,37,40],
[1,2,3,4,6,9,10,11,13,14,17,18,22,25,27,28,29,30,34,40],
[1,2,3,4,6,9,10,11,13,14,17,18,22,25,28,29,30,34,37,40],
[1,2,3,4,6,9,10,11,13,14,17,20,22,25,28,31,32,37,39,40],
[1,2,3,4,6,9,10,11,13,14,17,21,23,26,27,28,29,36,37,39],
[1,2,3,4,6,9,10,11,13,14,17,21,23,26,27,28,29,36,39,40],
[1,2,3,4,6,9,10,11,13,14,17,21,23,26,28,29,36,37,39,40],
[1,2,3,4,6,9,10,11,13,14,17,22,25,27,28,29,30,31,34,40],
[1,2,3,4,6,9,10,11,13,14,17,22,25,27,28,30,31,34,39,40],
[1,2,3,4,6,9,10,11,13,14,17,22,25,27,30,31,34,39,40,41],
[1,2,3,4,6,9,10,11,13,14,17,22,27,28,29,30,31,34,39,40],
[1,2,3,4,6,9,10,11,13,14,17,23,25,26,27,30,34,39,40,41],
[1,2,3,4,6,9,10,11,13,14,18,22,25,27,28,29,30,34,37,40],
[1,2,3,4,6,9,10,11,13,14,19,20,23,25,27,28,29,37,39,40],
[1,2,3,4,6,9,10,11,13,14,19,23,25,27,28,29,34,37,39,40],
[1,2,3,4,6,9,10,11,13,14,20,22,25,28,30,32,37,39,40,41],
[1,2,3,4,6,9,10,11,13,14,20,22,25,28,31,32,37,39,40,41],
[1,2,3,4,6,9,10,11,13,14,20,23,25,27,28,29,37,39,40,41],
[1,2,3,4,6,9,10,11,13,14,20,23,25,27,29,31,34,39,40,41],
[1,2,3,4,6,9,10,11,13,14,21,23,25,27,28,29,37,39,40,41],
[1,2,3,4,6,9,10,11,13,14,21,25,27,28,29,30,37,39,40,41],
[1,2,3,4,6,9,10,11,13,14,21,26,27,28,29,30,37,39,40,41],
[1,2,3,4,6,9,10,11,13,17,21,22,25,27,28,29,30,34,37,40],
[1,2,3,4,6,9,10,11,13,19,20,23,25,27,28,29,34,37,39,40],
[1,2,3,4,6,9,10,11,13,20,21,23,25,27,28,29,37,39,40,41],
[1,2,3,4,6,9,10,11,13,20,21,25,27,28,29,31,37,39,40,41],
[1,2,3,4,6,9,10,11,14,17,18,22,23,25,26,29,30,34,37,40],
[1,2,3,4,6,9,10,11,14,17,20,22,25,27,30,31,34,39,40,41],
[1,2,3,4,6,9,10,11,14,17,20,22,25,29,30,31,34,39,40,41],
[1,2,3,4,6,9,10,11,14,17,20,22,25,29,30,34,37,38,39,41],
[1,2,3,4,6,9,10,11,14,17,20,22,25,29,30,34,37,39,40,41],
[1,2,3,4,6,9,10,11,14,17,20,22,25,29,31,34,37,38,39,41],
[1,2,3,4,6,9,10,11,14,17,20,22,25,29,31,34,37,39,40,41],
[1,2,3,4,6,9,10,11,14,17,20,23,25,27,29,30,34,39,40,41],
[1,2,3,4,6,9,10,11,14,17,20,23,25,29,30,34,37,39,40,41],
[1,2,3,4,6,9,10,11,14,17,20,25,27,28,29,30,31,39,40,41],
[1,2,3,4,6,9,10,11,14,17,20,25,27,29,30,31,34,39,40,41],
[1,2,3,4,6,9,10,11,14,20,23,25,27,29,30,34,37,39,40,41],
[1,2,3,4,6,9,10,11,15,17,20,21,23,25,27,29,34,37,39,41],
[1,2,3,4,6,9,10,11,16,17,20,23,25,27,30,34,37,39,40,41],
[1,2,3,4,6,9,10,11,17,20,21,23,25,27,29,34,37,39,40,41],
[1,2,3,4,6,9,10,11,17,20,23,25,27,29,30,34,37,39,40,41],
[1,2,3,4,6,9,10,11,17,21,23,25,26,27,29,30,34,37,39,41],
[1,2,3,4,6,9,10,11,17,21,23,25,26,29,30,34,37,39,40,41],
[1,2,3,4,6,9,10,11,17,21,23,25,27,29,30,34,37,39,40,41],
[1,2,3,4,6,9,10,11,17,21,23,26,27,29,30,34,37,39,40,41],
[1,2,3,4,6,9,10,12,13,14,19,20,22,25,30,31,34,35,37,39],
[1,2,3,4,6,9,10,12,13,14,19,20,22,29,30,31,34,35,37,40],
[1,2,3,4,6,9,10,12,13,14,19,20,22,30,31,34,35,37,39,40],
[1,2,3,4,6,9,10,12,13,14,19,20,23,27,29,30,36,37,39,41],
[1,2,3,4,6,9,10,12,13,14,19,20,27,29,30,31,36,37,39,41],
[1,2,3,4,6,9,10,12,13,14,19,23,27,29,30,34,36,37,39,41],
[1,2,3,4,6,9,10,12,13,14,19,27,29,30,31,34,36,37,39,41],
[1,2,3,4,6,9,10,12,13,14,20,22,25,30,31,34,35,37,39,41],
[1,2,3,4,6,9,10,12,13,14,20,22,30,31,34,35,37,39,40,41],
[1,2,3,4,6,9,10,12,13,14,23,26,27,29,30,34,36,37,39,41],
[1,2,3,4,6,9,10,12,13,15,20,23,27,29,31,34,36,37,39,41],
[1,2,3,4,6,9,10,12,13,19,20,23,27,29,31,34,36,37,39,41],
[1,2,3,4,6,9,10,12,14,17,20,27,29,30,31,34,36,38,39,41],
[1,2,3,4,6,9,10,12,14,19,20,22,29,30,31,34,35,37,39,40],
[1,2,3,4,6,9,10,12,14,20,22,25,30,31,34,35,37,38,39,41],
[1,2,3,4,6,9,10,12,15,20,23,27,29,31,34,36,37,38,39,41],
[1,2,3,4,6,9,10,12,15,20,27,29,30,31,34,36,37,38,39,41],
[1,2,3,4,6,9,10,13,14,15,20,22,25,27,28,29,31,36,37,41],
[1,2,3,4,6,9,10,13,14,15,20,22,25,28,29,31,32,36,37,41],
[1,2,3,4,6,9,10,13,14,17,18,21,23,25,26,27,30,36,37,39],
[1,2,3,4,6,9,10,13,14,17,18,21,23,25,27,28,29,36,37,39],
[1,2,3,4,6,9,10,13,14,17,18,21,23,25,27,28,30,36,37,39],
[1,2,3,4,6,9,10,13,14,17,20,21,23,25,27,28,31,36,39,40],
[1,2,3,4,6,9,10,13,14,17,20,21,23,27,28,29,31,36,39,40],
[1,2,3,4,6,9,10,13,14,17,20,22,25,27,28,30,31,32,36,39],
[1,2,3,4,6,9,10,13,14,17,21,23,26,27,28,29,30,36,39,40],
[1,2,3,4,6,9,10,13,14,18,19,23,25,27,28,29,30,36,37,39],
[1,2,3,4,6,9,10,13,14,18,21,23,25,27,28,29,30,36,37,39],
[1,2,3,4,6,9,10,13,14,19,20,22,25,30,31,34,35,37,39,40],
[1,2,3,4,6,9,10,13,14,19,20,23,25,27,29,31,34,39,40,41],
[1,2,3,4,6,9,10,13,14,19,20,23,25,27,30,31,34,39,40,41],
[1,2,3,4,6,9,10,13,14,19,20,23,25,30,31,35,36,37,39,40],
[1,2,3,4,6,9,10,13,14,19,20,23,29,30,31,33,35,36,37,40],
[1,2,3,4,6,9,10,13,14,19,20,25,28,30,31,35,36,37,39,40],
[1,2,3,4,6,9,10,13,14,19,23,25,27,29,30,31,34,39,40,41],
[1,2,3,4,6,9,10,13,14,19,23,25,27,29,30,34,37,39,40,41],
[1,2,3,4,6,9,10,13,14,21,23,26,27,29,30,36,37,39,40,41],
[1,2,3,4,6,9,10,13,15,17,20,21,25,27,30,31,32,36,39,41],
[1,2,3,4,6,9,10,13,15,20,21,23,25,27,29,31,33,36,37,41],
[1,2,3,4,6,9,10,13,15,20,21,23,25,27,29,31,36,37,39,41],
[1,2,3,4,6,9,10,13,15,20,21,25,27,29,30,31,33,36,37,41],
[1,2,3,4,6,9,10,13,15,21,23,25,27,29,31,34,36,37,39,41],
[1,2,3,4,6,9,10,13,17,18,21,23,25,26,27,30,34,36,37,39],
[1,2,3,4,6,9,10,13,17,21,23,25,26,27,30,34,36,37,39,41],
[1,2,3,4,6,9,10,13,21,23,26,27,29,30,34,36,37,39,40,41],
[1,2,3,4,6,9,10,14,17,18,19,22,23,25,29,30,34,35,37,40],
[1,2,3,4,6,9,10,14,17,19,20,22,23,25,29,30,34,35,37,40],
[1,2,3,4,6,9,10,14,17,19,20,23,25,27,29,30,31,34,39,40],
[1,2,3,4,6,9,10,14,17,19,20,23,25,29,30,31,34,35,39,40],
[1,2,3,4,6,9,10,14,17,19,20,23,25,29,30,34,35,37,39,40],
[1,2,3,4,6,9,10,14,17,20,21,23,25,27,29,30,31,36,39,41],
[1,2,3,4,6,9,10,14,17,20,21,23,25,27,29,30,31,39,40,41],
[1,2,3,4,6,9,10,14,17,20,21,23,25,27,30,31,36,39,40,41],
[1,2,3,4,6,9,10,14,17,20,22,23,25,29,30,34,35,37,38,40],
[1,2,3,4,6,9,10,14,17,20,22,25,29,30,31,34,35,37,38,40],
[1,2,3,4,6,9,10,14,17,20,23,25,27,29,30,31,34,38,39,41],
[1,2,3,4,6,9,10,14,17,20,23,25,27,29,30,31,34,39,40,41],
[1,2,3,4,6,9,10,14,17,20,23,25,27,29,30,31,36,38,39,41],
[1,2,3,4,6,9,10,14,17,20,23,25,29,30,31,34,38,39,40,41],
[1,2,3,4,6,9,10,14,17,20,23,29,30,31,35,36,37,38,39,40],
[1,2,3,4,6,9,10,14,17,23,29,30,31,34,35,36,37,38,39,40],
[1,2,3,4,6,9,10,14,19,20,23,25,27,29,30,31,34,39,40,41],
[1,2,3,4,6,9,10,14,19,20,23,25,29,30,31,34,35,37,38,39],
[1,2,3,4,6,9,10,14,19,20,23,25,29,30,31,34,35,37,39,40],
[1,2,3,4,6,9,10,14,19,20,23,25,29,30,31,35,36,37,38,39],
[1,2,3,4,6,9,10,14,19,20,23,29,30,31,34,35,36,37,38,39],
[1,2,3,4,6,9,10,14,20,23,25,29,30,31,34,37,38,39,40,41],
[1,2,3,4,6,9,10,14,20,23,29,30,31,34,35,36,37,38,39,41],
[1,2,3,4,6,9,10,14,20,23,29,30,31,34,35,37,38,39,40,41],
[1,2,3,4,6,9,10,14,20,23,29,30,31,35,36,37,38,39,40,41],
[1,2,3,4,6,9,10,14,23,29,30,31,34,35,36,37,38,39,40,41],
[1,2,3,4,6,9,10,15,16,17,20,21,23,25,27,30,34,36,37,39],
[1,2,3,4,6,9,10,15,16,17,20,21,23,25,27,30,34,37,40,41],
[1,2,3,4,6,9,10,17,19,20,23,29,30,31,34,35,36,37,39,40],
[1,2,3,4,6,9,10,17,20,21,23,25,27,29,30,34,37,39,40,41],
[1,2,3,4,6,9,10,17,20,23,29,30,31,34,35,36,37,38,39,40],
[1,2,3,4,6,9,10,20,23,29,30,31,34,35,36,37,38,39,40,41],
[1,2,3,4,6,10,11,13,14,16,20,22,25,27,28,30,36,37,39,41],
[1,2,3,4,6,10,11,14,17,20,22,23,25,29,30,34,37,39,40,41],
[1,2,3,4,6,10,13,14,19,20,22,25,30,31,35,36,37,39,40,41],
[1,2,3,4,6,10,13,14,19,22,23,25,30,34,35,36,37,39,40,41],
[1,2,3,4,6,10,13,16,17,19,22,23,25,30,34,35,36,37,39,40],
[1,2,3,4,6,10,14,17,18,19,22,23,25,28,29,30,35,36,37,40],
[1,2,3,4,6,10,14,17,18,19,22,23,25,29,30,34,35,36,37,40],
[1,2,3,4,6,10,15,17,20,22,23,24,25,31,34,36,37,38,39,41],
[1,2,3,4,6,10,15,17,20,22,25,30,31,32,34,36,37,38,39,41],
[1,2,3,4,7,8,10,15,16,17,20,22,23,26,29,30,34,35,40,41],
[1,2,3,4,7,8,10,15,16,17,20,23,26,27,29,30,34,35,36,41],
[1,2,3,4,7,8,10,15,16,17,20,23,26,27,30,34,35,36,39,41],
[1,2,3,4,7,9,10,11,12,15,20,23,26,27,28,29,34,37,39,41],
[1,2,3,4,7,9,10,11,12,15,20,25,27,28,29,30,34,37,39,41],
[1,2,3,4,7,9,10,11,12,15,20,26,27,28,29,30,34,37,39,41],
[1,2,3,4,7,9,10,12,15,20,25,27,28,29,30,31,34,37,39,41],
[1,2,3,4,7,9,10,14,17,20,23,25,27,29,30,31,34,39,40,41],
[1,2,3,4,7,10,14,15,17,20,22,23,24,25,29,31,34,35,40,41],
[1,2,3,4,7,10,15,16,17,20,21,23,26,27,28,29,30,36,40,41],
[1,2,3,4,8,9,10,12,13,14,15,23,26,27,31,34,35,36,39,41],
[1,2,3,4,8,9,10,12,13,14,20,23,26,30,35,36,37,39,40,41],
[1,2,3,4,8,9,10,12,13,15,22,26,29,30,31,34,35,37,40,41],
[1,2,3,4,8,9,10,13,14,15,17,23,26,28,29,31,33,35,36,40],
[1,2,3,4,8,10,13,14,19,22,23,26,29,30,34,35,36,37,40,41],
[1,2,3,4,8,10,13,15,16,17,20,22,23,25,27,31,34,35,36,41],
[1,2,3,4,9,10,11,12,13,15,20,22,25,27,28,29,31,34,37,41],
[1,2,4,6,8,9,10,11,13,14,19,21,23,25,27,31,34,39,40,41],
[1,2,3,4,5,6,9,10,13,14,17,19,20,23,28,29,31,35,36,39,40],
[1,2,3,4,5,6,9,10,13,14,17,20,22,28,29,31,35,36,37,39,40],
[1,2,3,4,5,6,9,10,13,14,17,20,23,28,29,31,35,36,37,39,40],
[1,2,3,4,5,6,9,10,13,15,17,20,21,23,27,28,29,31,36,37,39],
[1,2,3,4,5,6,9,10,13,15,20,21,23,29,31,34,36,37,39,40,41],
[1,2,3,4,5,6,9,10,13,17,19,23,28,29,31,34,35,36,37,39,40],
[1,2,3,4,5,6,9,10,13,17,20,22,28,30,31,34,35,36,37,39,40],
[1,2,3,4,5,6,9,10,13,19,20,27,28,29,30,31,34,36,37,39,40],
[1,2,3,4,5,6,9,10,13,19,21,23,27,28,29,31,34,36,37,39,40],
[1,2,3,4,5,6,9,10,17,19,20,28,29,30,31,34,35,36,37,39,40],
[1,2,3,4,5,6,9,10,17,20,22,28,29,30,31,34,35,36,37,39,40],
[1,2,3,4,5,6,10,13,14,17,19,20,22,23,29,31,34,35,36,39,40],
[1,2,3,4,5,8,9,10,11,12,13,15,17,20,23,26,27,29,34,36,39],
[1,2,3,4,5,8,9,10,12,13,14,17,20,26,28,29,31,35,36,39,40],
[1,2,3,4,5,8,9,10,12,13,15,17,20,22,26,28,29,31,35,36,40],
[1,2,3,4,5,8,9,10,12,13,15,17,20,22,27,28,29,31,34,35,36],
[1,2,3,4,5,8,9,10,12,15,17,20,26,27,28,29,31,34,35,36,39],
[1,2,3,4,5,8,9,10,13,14,17,20,23,26,28,29,31,35,36,39,40],
[1,2,3,4,5,8,9,10,13,15,16,17,20,21,23,27,31,34,36,39,40],
[1,2,3,4,5,8,9,10,13,15,16,17,20,23,26,27,28,34,35,39,40],
[1,2,3,4,5,8,9,10,13,15,16,17,20,23,26,34,35,36,37,39,40],
[1,2,3,4,5,8,9,10,13,15,16,17,20,23,27,28,31,35,36,39,40],
[1,2,3,4,5,8,9,10,13,15,16,17,21,23,26,27,28,29,34,36,40],
[1,2,3,4,5,8,9,10,13,15,16,17,23,26,28,29,34,35,36,37,40],
[1,2,3,4,5,8,9,10,13,15,17,20,23,26,27,28,29,31,36,39,40],
[1,2,3,4,5,8,9,10,13,15,17,21,23,26,27,28,29,31,34,36,40],
[1,2,3,4,5,8,9,10,13,15,17,21,23,26,27,29,31,34,36,39,40],
[1,2,3,4,5,8,10,13,15,16,17,20,22,23,26,28,29,35,36,37,40],
[1,2,3,4,5,9,10,11,12,13,14,15,17,20,23,26,28,29,35,36,39],
[1,2,3,4,5,9,10,11,12,13,15,17,20,22,26,28,34,35,37,39,40],
[1,2,3,4,5,9,10,11,12,13,15,17,23,26,28,29,34,35,36,37,39],
[1,2,3,4,5,9,10,11,12,13,15,20,23,26,28,29,34,35,37,39,40],
[1,2,3,4,5,9,10,11,12,15,17,20,22,28,29,31,34,35,37,39,40],
[1,2,3,4,5,9,10,11,12,15,17,20,23,26,27,28,29,34,36,37,39],
[1,2,3,4,5,9,10,11,13,15,16,17,20,23,26,28,34,35,37,39,40],
[1,2,3,4,5,9,10,11,13,15,17,23,24,26,28,29,34,35,37,39,40],
[1,2,3,4,5,9,10,13,14,15,17,20,23,26,28,29,31,35,36,39,40],
[1,2,3,4,5,10,12,15,17,20,22,26,28,29,31,34,35,36,37,39,40],
[1,2,3,4,6,8,9,10,12,13,14,18,22,26,27,29,30,34,36,37,41],
[1,2,3,4,6,8,9,10,13,14,15,17,18,22,26,27,29,30,34,36,41],
[1,2,3,4,6,8,9,10,13,14,17,19,23,27,29,30,31,34,35,36,40],
[1,2,3,4,6,8,9,10,13,14,17,20,23,25,27,30,31,34,35,39,40],
[1,2,3,4,6,8,9,10,13,14,17,21,23,25,27,29,30,31,34,40,41],
[1,2,3,4,6,8,9,10,13,14,19,20,23,25,27,29,30,31,34,40,41],
[1,2,3,4,6,8,9,10,13,14,19,20,23,27,29,30,31,34,39,40,41],
[1,2,3,4,6,8,9,10,13,15,16,17,20,21,25,27,30,31,34,40,41],
[1,2,3,4,6,8,9,10,13,15,17,21,22,25,27,29,30,31,34,40,41],
[1,2,3,4,6,8,9,10,15,17,20,21,23,25,27,29,30,31,34,40,41],
[1,2,3,4,6,8,10,13,14,15,17,18,22,25,27,29,30,31,34,36,41],
[1,2,3,4,6,9,10,11,13,14,19,20,23,25,27,29,34,37,39,40,41],
[1,2,3,4,6,9,10,13,14,17,18,21,23,26,27,28,29,30,36,37,39],
[1,2,3,4,6,9,10,13,14,19,20,23,25,30,31,34,35,37,39,40,41],
[1,2,3,4,6,9,10,13,19,21,23,25,27,29,30,31,34,37,39,40,41],
[1,2,3,4,6,9,10,14,17,20,23,25,29,30,31,34,35,37,38,39,40],
[1,2,3,4,7,8,9,10,14,17,20,23,25,27,30,31,34,35,39,40,41],
[1,2,3,4,8,10,15,16,17,20,22,23,26,29,30,34,35,36,37,40,41],
[1,2,3,4,5,9,10,11,13,15,16,17,21,23,26,27,28,29,34,37,39,40],
[1,2,3,4,5,9,10,13,15,16,17,20,21,23,25,28,31,34,35,37,39,40],
[1,2,3,4,6,8,9,10,12,13,14,19,20,23,27,29,30,31,34,36,39,41],
[1,2,3,4,6,8,9,10,12,13,14,20,22,30,31,32,35,36,37,39,40,41],
[1,2,3,4,6,8,9,10,12,14,15,17,20,22,27,29,30,31,34,36,38,41],
[1,2,3,4,6,8,9,10,13,14,17,20,23,25,30,31,32,35,36,39,40,41],
[1,2,3,4,6,8,9,10,13,16,17,20,21,23,25,27,30,31,34,39,40,41],
[1,2,3,4,6,8,10,13,14,19,20,22,23,29,30,31,33,35,36,37,40,41],
[1,2,3,4,6,9,10,11,13,14,17,20,22,25,27,28,30,31,32,39,40,41],
[1,2,3,4,6,9,10,11,13,16,17,21,23,25,26,27,30,34,37,39,40,41],
[1,2,3,4,6,9,10,13,14,17,20,22,25,28,30,31,32,35,36,37,39,40],
[1,2,3,4,5,6,8,9,10,13,14,17,19,20,23,27,29,31,34,35,36,39,40],
[1,2,3,4,5,6,8,9,10,13,15,17,20,21,23,27,29,31,34,36,39,40,41],
[1,2,3,4,5,6,9,10,17,19,20,21,23,27,28,29,30,31,34,36,37,39,40],
[1,2,3,4,5,8,9,10,13,15,16,17,21,23,26,27,28,31,34,35,36,39,40],
[1,2,3,4,5,9,10,13,15,17,21,23,24,26,28,29,31,34,35,36,37,39,40],
[1,2,3,4,6,8,9,10,13,14,17,21,23,26,27,29,30,31,34,36,39,40,41],
[1,2,3,4,6,9,10,15,17,20,21,23,25,27,29,30,31,34,36,37,38,39,41],
[1,2,3,4,9,10,13,15,16,17,18,21,23,25,26,27,28,30,34,35,36,37,39],
[1,2,3,4,5,6,9,10,11,13,15,17,20,21,23,25,27,28,29,31,34,37,39,40],
[1,2,3,4,6,8,9,10,12,13,14,19,20,23,29,30,31,34,35,36,37,39,40,41],
[1,2,3,4,6,8,10,13,14,16,17,19,20,22,23,25,27,30,31,34,35,36,39,40,41],
[1,2,3,4,6,9,10,11,12,13,14,19,20,22,25,27,28,29,30,31,34,37,39,40,41],
[1,2,3,4,6,9,10,13,14,19,20,21,23,25,27,28,29,30,31,33,36,37,39,40,41],
[1,2,3,4,6,10,14,17,19,20,22,23,24,25,29,30,31,34,35,36,37,38,39,40,41],
[1,2,4,6,7,8,9,10,11,14,17,19,20,21,23,25,27,29,30,31,34,38,39,40,41],
[1,2,3,4,5,6,8,9,10,11,13,15,16,17,20,21,23,26,27,29,34,36,37,39,40,41],
[1,2,3,4,5,6,8,9,10,12,13,14,17,19,20,22,27,28,29,30,31,34,35,36,39,40],
[1,2,3,4,5,6,9,10,13,16,17,19,20,21,23,25,27,28,30,31,34,35,36,37,39,40],
[1,2,3,4,5,7,8,9,10,15,16,17,20,21,23,26,27,28,29,30,31,34,35,36,39,40],
[1,2,3,4,5,6,10,11,13,15,16,17,19,20,21,22,23,24,25,27,28,29,31,34,36,37,39,40,41],
[1,2,3,4,6,10,11,13,14,16,17,18,19,21,22,23,24,25,26,27,28,29,30,34,36,37,39,40,41],
[1,2,3,4,5,6,8,9,10,11,12,13,14,15,17,20,22,23,24,26,29,31,32,34,35,36,37,38,39,40,41],
[1,2,3,4,5,6,8,9,10,11,12,13,14,16,17,18,19,20,22,23,26,27,28,29,30,34,35,36,37,39,40],
[1,2,3,4,5,6,8,9,10,11,12,13,15,16,17,20,21,22,26,27,28,29,30,31,32,34,36,37,39,40,41],
[1,2,3,4,5,6,8,9,10,13,15,16,17,18,19,20,21,22,23,25,27,28,29,30,31,33,34,35,36,37,40],
[1,2,3,4,5,6,7,8,9,11,12,13,14,15,16,17,18,19,20,21,22,23,24,25,26,27,28,29,30,31,32,33,34,35,36,37,38,39,40,41]];
