return [[1,2,3,5,11,15,20,24,38,39,40,43,45,47,48,49,50,51,52,53,55,56,57,58,59,60,61,62,63,64,65,67,68,69,70,71,72,73,74,75,76,77,78],
[1,2,5,6,15,20,24,38,39,40,45,47,49,50,53,55,56,61,62,63,64,65,68,69,70,71,72,74,75,76,77,78],
[2,6,7,15,20,24,26,45,46,47,50,63,64,65,66,69,70,71,72,73,74,77],
[2,6,7,15,20,24,26,45,46,47,50,55,61,62,63,65,66,71,72,73,74,75,77],
[2,6,7,15,20,24,45,46,47,50,55,61,62,63,65,66,70,71,72,74,75,77],
[2,6,7,15,20,24,45,46,47,50,55,61,62,63,65,66,70,71,72,73,74,77],
[2,7,15,20,24,45,46,47,50,55,61,62,63,65,66,70,71,72,73,74,75,77],
[2,6,7,15,20,24,45,46,47,50,55,62,63,65,66,70,71,72,73,74,75,77],
[2,6,7,15,20,24,26,45,46,50,55,61,62,63,65,66,70,71,72,73,74,77],
[2,6,7,15,20,24,26,45,46,47,50,61,63,64,65,66,69,70,71,72,73,74],
[2,6,7,15,20,24,26,45,46,47,50,63,64,65,66,67,69,70,71,72,73,77],
[2,6,7,15,20,24,26,45,46,47,50,52,61,63,64,65,66,67,69,70,71,72,74,75,77],
[2,6,7,15,20,24,26,45,46,47,50,52,63,64,65,66,69,70,71,73,74,77],
[1,2,4,5,6,7,9,10,11,12,13,14,15,16,18,20,21,23,24,26,27,32,36,38,39,40,41,42,43,45,46,47,48,50,51,52,53,55,56,57,59,61,62,63,64,65,66,67,68,69,70,72,73,74,75,76,77],
[2,6,7,15,20,24,26,45,46,47,50,63,64,65,66,67,69,71,72,73,74,75,77],
[2,3,6,7,9,15,19,20,23,24,26,33,34,42,43,45,46,47,50,54,61,62,63,64,65,66,70,71,72,73,74,76,77],
[2,6,7,15,20,24,26,45,46,47,50,52,63,64,66,69,70,71,72,73,74,77],
[2,6,7,15,20,24,26,32,45,46,47,50,52,55,56,61,63,65,66,67,69,70,71,72,73,74,75,77],
[2,6,7,15,20,24,26,45,46,47,50,52,64,65,66,69,70,71,72,73,74,77],
[2,6,7,15,20,23,24,26,45,46,47,63,64,65,66,69,70,71,72,73,74,77],
[1,2,4,5,6,7,12,14,15,18,20,24,26,32,38,40,43,46,47,48,50,52,53,55,56,57,61,62,63,64,65,66,67,69,70,71,72,73,74,75,76,77],
[2,6,7,15,20,24,45,46,47,50,63,64,65,66,67,69,70,71,72,73,74,77],
[2,6,7,15,20,26,45,46,47,50,63,64,65,66,67,69,70,71,72,73,74,77],
[1,2,3,4,5,6,7,8,9,10,11,12,13,14,15,16,17,18,19,21,22,23,24,25,26,27,28,29,30,31,32,33,34,35,36,37,38,39,40,41,42,43,44,45,46,47,48,49,50,51,52,53,54,55,56,57,58,59,60,61,62,63,64,65,66,67,68,69,70,71,72,73,74,75,76,77,78],
[1,2,4,6,7,8,9,12,13,14,16,18,20,24,26,27,28,31,32,33,36,44,45,46,47,48,50,52,53,56,63,64,65,66,67,69,70,71,72,73,74,75,77],
[2,3,6,9,15,20,24,26,38,45,46,47,50,52,56,61,63,64,65,66,69,70,71,72,73,74,76,77],
[2,7,15,20,24,26,45,46,47,50,52,63,64,65,66,67,69,70,71,72,73,74,77],
[1,3,4,6,7,8,9,15,19,20,23,24,26,38,39,43,45,46,47,50,52,55,56,61,63,64,65,66,67,69,70,71,72,73,74,76,77],
[2,6,7,15,20,24,32,45,46,47,50,55,61,62,63,65,66,70,71,74,75,77],
[2,6,7,15,20,24,45,46,47,50,55,61,62,64,65,66,70,71,72,74,75,77],
[2,6,7,15,20,24,45,46,47,50,61,62,63,64,65,66,70,71,72,74,75,77],
[2,5,6,7,14,15,20,23,24,26,32,34,35,42,45,46,47,55,61,62,63,64,65,66,69,70,71,72,74,75,76,77],
[2,6,7,15,20,24,26,42,45,46,50,55,61,62,63,64,65,66,70,71,72,74,75,77],
[2,6,7,15,20,32,45,46,47,50,55,61,62,63,65,66,70,71,72,73,74,75,77],
[2,5,6,15,20,24,45,46,47,50,55,61,62,63,65,66,70,71,72,74,75,77],
[2,6,7,15,19,20,24,32,40,42,45,46,47,50,52,55,61,62,63,65,66,70,71,73,74,76,77],
[2,6,7,15,20,24,45,46,47,50,55,61,62,63,66,70,71,72,73,74,76,77],
[2,6,7,15,20,24,26,45,46,47,55,61,62,63,65,66,70,71,72,73,74,76,77],
[2,6,15,20,24,34,45,46,47,50,55,61,62,63,65,66,70,71,72,73,74,77],
[2,7,15,20,24,32,45,46,47,50,52,55,61,62,63,65,66,70,71,73,74,75,77],
[2,7,15,20,24,45,46,47,50,52,55,61,62,65,66,70,71,72,73,74,75,77],
[2,7,11,15,20,24,33,43,45,46,47,50,52,61,62,63,64,65,66,67,70,71,72,73,74,75,77],
[2,15,20,24,45,46,47,50,55,61,62,63,65,66,67,70,71,72,73,74,75,77],
[7,15,20,24,45,46,47,50,55,61,62,63,65,66,67,70,71,72,73,74,75,77],
[2,6,7,15,20,24,32,45,46,47,50,55,62,63,65,66,70,71,73,74,75,77],
[2,6,7,15,20,24,32,45,46,47,50,55,62,63,66,70,71,72,73,74,75,77],
[2,6,7,11,15,20,24,45,46,47,50,55,62,65,66,70,71,72,73,74,75,77],
[2,6,7,15,20,24,32,45,46,47,55,62,63,65,66,70,71,72,73,74,75,77],
[6,7,15,20,24,45,46,47,50,55,62,63,65,66,67,70,71,72,73,74,75,77],
[2,6,7,15,20,24,26,34,45,46,50,55,61,62,63,65,66,70,71,72,73,74],
[2,6,7,9,15,20,24,26,45,46,47,50,52,61,63,64,65,66,69,70,71,73,74],
[2,6,7,9,15,20,24,26,45,46,47,50,61,63,64,65,66,69,71,72,73,74],
[2,6,7,9,15,20,24,26,45,46,47,50,52,61,63,64,66,69,70,71,72,73,74,76],
[2,6,7,15,20,24,26,45,46,47,50,52,61,64,65,66,69,70,71,72,73,74],
[2,3,6,7,9,15,20,23,24,26,34,45,46,47,61,63,64,65,66,69,70,71,72,73,74,76],
[2,3,6,7,9,15,20,24,26,45,46,50,61,63,64,65,66,69,70,71,72,73,74],
[2,6,7,9,15,20,24,45,46,47,50,61,63,64,65,66,69,70,71,72,73,74],
[2,6,7,15,20,26,45,46,47,50,61,63,64,65,66,67,69,70,71,72,73,74],
[2,6,7,9,20,24,26,45,46,47,50,61,63,64,65,66,69,70,71,72,73,74],
[2,7,15,20,24,26,45,46,47,50,52,61,63,64,65,66,69,70,71,72,73,74],
[2,6,7,15,20,24,26,45,46,47,50,52,63,64,65,66,67,69,70,71,73,77],
[2,6,7,15,20,24,26,45,46,47,50,62,63,64,65,66,67,70,71,72,73,77],
[2,6,7,15,20,24,26,45,46,47,62,63,64,65,66,67,69,70,71,72,73,77],
[2,6,7,15,16,20,24,26,45,47,50,62,63,64,65,66,67,69,70,71,72,73,75,77],
[2,6,15,20,24,26,38,45,46,47,50,63,64,65,66,67,69,70,71,72,73,77],
[2,4,6,7,15,20,24,26,45,46,50,52,63,64,65,66,69,70,71,73,74,77],
[2,6,7,15,20,26,32,45,46,47,50,52,63,64,65,66,67,69,70,71,73,74,77],
[2,6,7,15,20,24,26,45,46,47,50,52,56,63,64,66,69,71,72,73,74,77],
[2,6,7,15,20,24,26,45,46,47,50,52,63,64,66,70,71,72,73,74,76,77],
[2,6,7,15,20,24,26,45,46,47,52,63,64,66,69,70,71,72,73,74,76,77],
[2,6,7,15,20,24,26,45,46,47,50,52,64,65,66,69,71,72,73,74,75,77],
[2,6,7,15,20,24,26,45,46,50,52,55,64,65,66,69,70,71,72,73,74,77],
[2,6,7,15,20,23,24,26,45,46,47,62,63,64,65,66,69,70,71,72,73,77],
[2,6,7,14,15,20,23,24,26,34,45,46,47,63,64,65,66,69,71,72,73,74,77],
[2,6,7,14,15,20,23,24,26,45,46,47,62,63,64,65,69,70,71,72,73,74,76,77],
[2,6,7,15,20,23,24,26,45,46,47,63,64,66,69,70,71,72,73,74,76,77],
[2,6,7,14,15,20,23,24,26,46,47,63,64,65,66,69,70,71,72,73,74,77],
[2,6,7,15,20,23,26,32,45,46,47,63,64,65,66,69,70,71,72,73,74,77],
[2,6,7,14,20,23,24,26,45,46,47,63,64,65,66,69,70,71,72,73,74,77],
[2,6,7,15,20,24,45,46,47,50,53,63,64,66,67,69,70,71,72,73,74,77],
[2,6,7,15,20,24,45,46,47,50,53,64,65,66,67,69,70,71,72,73,74,75,77],
[2,6,7,15,20,24,45,47,50,63,64,65,66,67,69,70,71,72,73,74,75,77],
[2,6,8,15,20,24,45,46,47,50,63,64,65,66,67,69,70,71,72,73,74,77],
[2,6,7,15,20,26,32,45,46,47,63,64,65,66,67,69,70,71,72,73,74,77],
[2,6,15,20,26,45,46,47,50,61,63,64,65,66,67,69,70,71,72,73,74,77],
[2,6,7,15,20,24,32,42,45,46,47,50,52,55,61,62,65,66,70,71,74,75,77],
[2,6,7,15,20,24,32,42,45,46,47,50,61,62,63,65,66,70,71,74,75,77],
[2,6,7,15,20,24,32,42,45,46,50,55,61,62,63,65,66,70,71,74,75,77],
[2,6,7,15,20,24,32,40,42,45,47,50,52,55,61,62,63,65,66,70,71,74,75,77],
[2,5,6,13,15,19,20,24,32,34,40,42,44,45,46,47,49,50,55,56,61,62,63,65,66,70,71,74,75,77,78],
[6,7,15,20,24,32,42,45,46,47,50,55,61,62,63,65,66,70,71,74,75,77],
[2,6,7,15,20,24,26,45,46,47,50,52,55,61,62,64,65,66,70,71,72,75,77],
[2,6,7,15,20,24,45,46,47,50,52,55,61,64,65,66,70,71,72,74,75,77],
[2,6,7,11,15,20,24,45,46,47,50,55,62,64,65,66,70,71,72,74,75,77],
[2,6,11,15,20,24,45,46,47,50,55,61,62,64,65,66,70,71,72,74,75,77],
[2,6,7,11,15,20,24,45,46,47,50,61,62,63,64,65,66,70,71,72,74,75],
[2,6,7,15,20,24,26,45,46,47,50,61,62,63,64,65,66,67,70,71,72,75,77],
[2,6,7,15,20,24,42,45,46,47,50,61,62,63,64,65,66,70,71,74,75,77],
[2,6,7,15,20,45,46,47,50,61,62,63,64,65,66,67,70,71,72,74,75,77],
[2,6,7,20,24,33,42,45,46,47,50,61,62,63,64,65,66,70,71,72,74,75,77],
[2,5,6,15,20,24,45,46,47,49,50,55,61,62,63,65,66,70,71,72,74,77],
[2,5,6,15,20,24,45,46,47,50,55,56,61,62,63,65,66,67,70,71,72,75,77],
[2,5,6,15,20,24,34,45,46,47,49,50,55,56,61,62,63,65,66,71,72,74,75,77],
[2,5,6,15,20,24,45,46,47,50,55,56,61,62,63,65,70,71,72,74,75,77],
[2,5,6,15,20,24,45,46,47,49,50,55,61,62,65,66,70,71,72,74,75,77],
[2,5,6,15,20,24,45,46,47,50,55,56,61,63,65,66,70,71,72,74,75,77],
[2,5,6,15,20,24,45,47,49,50,55,61,62,63,65,66,70,71,72,74,75,77],
[2,5,6,15,20,32,45,46,47,49,50,55,56,61,62,63,65,66,67,70,71,72,74,75,77],
[2,5,6,13,20,24,34,45,46,47,49,50,55,56,61,62,63,65,66,70,71,72,74,75,77,78],
[2,5,15,20,24,45,46,47,50,55,61,62,63,65,66,67,70,71,72,74,75,77],
[2,6,15,19,20,24,34,45,46,47,49,50,55,61,62,63,65,66,70,71,72,73,77],
[2,6,15,20,24,34,45,46,47,49,50,55,61,62,63,65,66,70,71,72,74,77],
[2,6,15,19,20,24,34,45,46,47,50,55,61,62,63,65,66,70,71,73,74,77],
[2,6,15,20,24,26,34,43,45,46,47,50,55,56,61,62,63,65,66,71,72,73,74,75,77],
[2,3,6,15,19,20,24,34,45,46,47,49,50,55,56,61,63,65,66,70,71,72,73,74,77],
[2,6,15,20,24,34,45,46,47,49,50,55,62,63,65,66,70,71,72,73,74,77],
[2,6,15,20,24,34,45,46,47,55,61,62,63,65,66,70,71,72,73,74,76,77],
[2,6,15,20,34,45,46,47,49,50,55,61,62,63,65,66,70,71,72,73,74,77],
[6,15,19,20,24,34,45,46,47,50,55,61,62,63,65,66,70,71,72,73,74,77],
[2,7,15,20,24,26,45,46,47,50,52,55,61,62,65,66,67,70,71,72,73,75,77],
[2,7,15,20,24,26,43,45,46,47,50,52,55,61,62,65,66,71,72,73,74,75,77],
[7,15,20,24,43,45,46,47,50,52,55,61,62,63,65,66,67,70,71,73,74,75,77],
[7,15,20,24,43,45,46,47,50,55,61,62,63,65,66,67,71,72,73,74,75,77],
[7,15,20,32,45,46,47,50,55,61,62,63,65,66,67,70,71,72,73,74,75,77],
[7,20,24,43,45,46,47,50,55,61,62,63,65,66,67,70,71,72,73,74,75,77],
[2,6,7,15,20,24,32,40,45,47,50,55,62,63,65,66,70,71,73,74,75,77],
[2,6,7,15,20,24,32,45,46,47,50,55,56,62,63,66,71,72,73,74,75,77],
[2,6,7,8,11,14,15,20,24,45,46,47,50,55,62,65,66,71,72,73,74,75,77],
[2,6,7,11,14,15,20,24,46,47,50,55,62,65,66,70,71,72,73,74,75,77],
[2,6,7,15,20,24,26,32,45,46,47,55,62,63,65,66,71,72,73,74,75,77],
[2,6,7,15,20,24,32,45,47,55,62,63,65,66,69,70,71,72,73,74,75,77],
[6,7,15,20,24,32,45,46,47,55,62,63,65,66,67,70,71,72,73,74,75,77],
[6,7,13,15,20,24,45,46,47,50,55,62,63,65,66,67,70,71,72,73,74,77],
[6,7,13,15,20,24,45,46,47,50,55,62,63,65,66,67,71,72,73,74,75,77],
[6,7,15,20,32,45,46,47,50,55,62,63,65,66,67,70,71,72,73,74,75,77],
[6,7,13,20,24,45,46,47,50,55,62,63,65,66,67,70,71,72,73,74,75,77],
[2,3,6,7,15,20,24,26,34,45,46,50,55,61,63,65,66,69,70,71,72,73,74],
[2,6,7,8,9,15,18,20,24,26,34,44,45,46,47,50,56,61,63,64,65,66,69,71,72,74,75],
[2,6,7,9,15,20,24,26,45,46,47,50,56,61,63,64,65,69,71,72,73,74],
[2,6,7,9,15,20,24,26,45,46,47,50,56,61,63,65,66,69,71,72,73,74],
[2,6,7,8,9,15,20,24,26,45,46,47,50,63,64,65,66,69,71,72,73,74],
[2,6,7,9,15,18,20,24,26,46,47,50,61,63,64,65,66,69,71,72,73,74],
[2,6,7,9,15,18,20,26,45,46,47,50,61,63,64,65,66,69,71,72,73,74],
[2,3,7,8,9,11,15,18,20,24,26,33,34,36,43,44,45,46,47,48,50,52,56,60,61,63,64,65,66,67,69,71,72,73,74,75],
[2,6,7,9,15,18,20,24,46,47,50,61,63,64,65,66,69,70,71,72,73,74],
[2,6,7,15,18,20,26,32,45,46,47,50,61,63,64,65,66,67,69,70,71,73,74],
[2,6,7,15,18,20,26,45,46,47,50,61,63,64,65,66,67,69,71,72,73,74],
[2,6,7,18,20,26,45,46,47,50,61,63,64,65,66,67,69,70,71,72,73,74],
[2,7,15,20,26,45,46,47,50,52,61,63,64,65,66,67,69,70,71,72,73,74],
[2,6,7,9,18,20,26,33,45,46,47,50,61,63,64,65,66,69,70,71,72,73,74],
[2,7,15,20,24,26,45,46,47,50,52,61,63,64,65,66,67,69,70,71,72,73],
[2,7,15,20,24,26,45,46,50,52,61,63,64,65,66,67,69,70,71,72,73,74],
[2,7,15,20,24,45,46,47,50,52,61,63,64,65,66,67,69,70,71,72,73,74],
[2,6,7,15,16,20,24,26,45,46,47,50,52,63,64,65,66,67,69,70,71,73],
[2,6,7,15,16,20,24,26,45,46,47,50,52,63,64,65,66,67,70,71,73,77],
[2,6,7,15,16,20,24,26,32,45,46,47,52,63,64,65,66,67,69,70,71,73,77],
[2,6,7,15,16,20,24,26,45,47,50,52,63,64,65,66,67,69,70,71,73,77],
[2,6,7,15,16,20,24,26,45,46,47,50,62,63,64,65,66,67,70,71,73,77],
[2,7,15,20,24,26,45,46,47,50,61,62,63,64,65,66,67,70,71,72,73,77],
[2,6,7,15,20,24,26,32,45,46,47,62,63,64,65,66,67,69,70,71,72,75,77],
[2,6,7,15,20,24,26,32,45,46,47,62,63,65,66,67,69,70,71,72,73,77],
[2,6,15,20,23,24,26,45,46,47,62,63,64,65,66,67,69,70,71,72,73,77],
[6,7,15,20,23,24,26,45,46,47,62,63,64,65,66,67,69,70,71,72,73,77],
[2,6,15,20,24,26,38,45,46,47,50,56,63,64,65,67,69,70,71,72,73,77],
[2,6,15,20,24,26,38,45,46,47,50,56,63,65,66,67,69,70,71,72,73,77],
[2,3,6,15,20,24,26,38,45,46,47,63,64,65,66,67,69,70,71,72,73,77],
[2,3,6,15,20,24,26,38,45,46,50,63,64,65,66,67,69,70,71,72,73,77],
[2,3,6,15,20,24,38,45,46,47,50,63,64,65,66,67,69,70,71,72,73,77],
[2,6,15,20,26,38,45,46,47,50,61,63,64,65,66,67,69,70,71,72,73,77],
[2,4,6,7,9,15,20,24,26,45,46,50,52,63,64,65,66,69,70,71,73,74],
[2,6,7,15,20,24,26,45,46,47,50,52,56,63,64,66,67,69,71,72,74,75,77],
[2,6,7,8,15,20,24,26,45,46,47,50,52,56,64,66,69,71,72,73,74,77],
[2,6,7,8,15,20,24,26,45,47,50,52,56,63,64,66,69,71,72,73,74,77],
[2,7,15,20,24,26,45,46,47,50,52,56,63,64,66,67,69,71,72,73,74,77],
[2,6,7,15,20,24,26,45,46,47,52,61,63,64,66,69,70,71,72,74,76,77],
[2,6,7,14,15,20,24,26,35,45,46,47,52,64,66,69,70,71,72,73,74,76,77],
[2,6,7,8,15,20,24,26,45,46,47,50,52,64,65,66,69,71,72,73,74,75],
[2,6,7,8,15,20,24,26,45,46,47,50,52,64,66,69,71,72,73,74,75,77],
[2,6,8,15,20,24,26,45,46,47,50,52,64,65,66,69,71,72,73,74,75,77],
[2,7,15,20,24,26,45,46,47,50,52,64,65,66,67,69,71,72,73,74,75,77],
[6,7,8,15,20,24,26,45,46,47,50,52,64,65,66,69,71,72,73,74,75,77],
[2,6,7,8,15,20,24,26,45,46,50,52,55,64,66,69,70,71,72,73,74,77],
[2,3,6,8,15,20,24,26,38,45,46,50,52,55,64,65,66,69,70,71,72,73,74,77],
[2,6,7,15,20,23,26,32,45,46,47,62,63,64,65,69,70,71,72,73,74,77],
[2,6,7,14,20,23,26,32,33,45,46,47,63,64,65,66,69,70,71,72,73,74,77],
[2,6,7,14,20,23,24,26,34,45,46,47,63,64,65,66,69,70,71,72,73,74],
[2,6,8,15,20,24,44,45,46,47,50,63,64,65,66,67,69,70,71,72,73,74],
[2,3,6,8,15,20,24,45,46,47,50,63,64,65,66,67,69,70,71,72,73,77],
[2,3,6,8,15,20,24,44,45,46,47,50,63,64,65,66,67,69,70,71,72,74,77],
[2,6,8,15,20,24,44,45,46,47,50,63,64,65,66,67,69,70,71,73,74,77],
[2,6,8,15,20,24,45,46,47,50,53,64,65,66,67,69,70,71,72,73,74,77],
[2,3,8,15,20,24,45,46,47,50,63,64,65,66,67,69,70,71,72,73,74,77],
[2,6,7,12,15,16,19,20,24,26,32,33,35,42,44,45,46,47,50,52,61,62,63,64,65,66,67,70,71,75,77],
[2,6,7,15,20,24,32,42,45,46,47,50,52,61,62,63,65,70,71,74,75,77],
[2,6,7,15,20,24,32,42,45,46,47,50,52,61,63,65,66,70,71,74,75,77],
[2,6,7,15,20,24,32,40,42,46,47,50,52,61,62,63,65,66,70,71,74,75,77],
[2,6,7,15,20,32,33,42,45,46,47,50,61,62,63,65,66,70,71,74,75,77],
[2,7,15,20,24,32,42,45,46,47,50,52,61,62,63,65,66,70,71,74,75,77],
[6,7,15,19,20,24,32,42,45,46,47,50,55,61,62,63,65,66,70,71,75,77],
[6,7,15,19,20,24,32,42,45,46,47,50,55,61,63,65,66,70,71,74,75,77],
[6,7,13,15,19,20,24,32,42,45,46,47,50,55,62,63,65,66,70,71,74,75,77],
[6,7,15,20,24,32,40,42,46,47,50,55,61,62,63,65,66,70,71,74,75,77],
[6,7,15,19,20,32,42,45,46,47,50,55,61,62,63,65,66,70,71,74,75,77],
[7,15,20,24,32,42,45,46,47,50,52,55,61,62,63,65,66,70,71,74,75,77],
[2,6,7,15,20,24,35,45,46,47,50,52,55,61,64,66,70,71,72,74,75,77],
[2,3,5,6,8,11,15,20,24,27,35,38,39,44,45,46,47,49,50,52,53,55,56,61,64,65,66,67,69,70,71,72,74,75,77,78],
[2,6,11,15,20,24,35,45,46,47,50,55,61,62,64,65,66,70,71,72,75,77],
[2,6,11,15,20,24,45,46,47,50,55,61,62,64,65,70,71,72,74,75,77,78],
[2,6,11,15,20,24,35,45,46,47,55,61,62,64,65,66,70,71,72,74,75,77],
[2,5,6,11,15,20,24,46,47,50,55,61,62,64,65,66,70,71,72,74,75,77],
[2,6,7,11,15,20,24,44,45,46,47,50,61,62,63,64,65,66,67,70,71,72,75],
[2,6,7,11,15,20,24,44,45,46,47,50,61,63,64,65,66,70,71,72,74,75],
[2,6,7,15,20,24,42,45,46,47,50,52,61,63,64,65,66,70,71,74,75,77],
[2,6,7,15,20,24,33,42,45,46,47,50,62,63,64,65,66,70,71,74,75,77],
[2,6,7,15,20,33,42,45,46,47,50,61,62,63,64,65,66,70,71,74,75,77],
[2,7,15,20,24,33,42,45,46,47,50,61,62,63,64,65,66,70,71,74,75,77],
[2,6,7,15,20,32,45,46,47,50,61,62,63,64,65,66,67,70,71,74,75,77],
[2,6,7,15,20,33,45,46,47,50,61,62,63,64,66,67,70,71,72,74,75,77],
[2,6,7,15,20,32,45,46,47,50,61,62,63,65,66,67,70,71,72,74,75,77],
[2,6,7,15,20,32,45,46,47,61,62,63,64,65,66,67,70,71,72,74,75,77],
[2,6,7,20,32,33,45,46,47,50,61,62,63,64,65,66,67,70,71,72,74,75,77],
[2,6,15,20,33,45,46,47,49,50,61,62,63,64,65,66,67,70,71,72,74,75,77],
[2,5,6,15,20,24,45,46,47,49,50,55,56,61,62,63,65,66,70,71,72,77],
[2,5,6,15,20,24,45,46,47,49,50,55,56,61,62,63,65,70,71,72,74,77],
[2,5,6,15,20,24,45,46,47,49,50,55,56,61,63,65,66,70,71,72,74,77],
[2,5,6,15,20,24,34,45,46,47,49,55,61,62,63,65,66,70,71,72,74,77],
[2,5,6,15,20,24,45,46,47,50,53,55,56,61,62,65,70,71,72,74,75,77],
[2,5,6,15,20,24,45,46,47,50,53,56,61,62,63,64,65,67,70,71,72,74,75,77],
[2,5,15,20,24,45,46,47,50,55,56,61,62,63,65,67,70,71,72,74,75,77],
[5,6,15,20,24,45,46,47,50,55,56,61,62,63,65,67,70,71,72,74,75,77],
[2,5,6,15,20,24,45,46,47,49,50,55,61,62,65,66,67,70,71,72,75,77],
[2,5,6,15,20,24,45,46,47,49,50,55,61,62,65,70,71,72,74,75,77,78],
[2,5,6,11,15,20,24,46,47,49,50,55,61,62,65,66,70,71,72,74,75,77,78],
[2,5,11,15,20,24,45,46,47,49,50,55,61,62,65,66,70,71,72,74,75,77],
[2,5,6,15,20,24,45,46,47,50,56,61,63,65,66,67,70,71,72,74,75,77],
[2,5,6,15,20,24,45,46,50,55,56,61,63,65,66,67,70,71,72,74,75,77],
[2,5,6,15,20,24,45,47,49,50,55,56,61,63,65,66,70,71,72,74,75,77],
[2,5,15,20,24,45,46,47,50,55,56,61,63,65,66,67,70,71,72,74,75,77],
[2,5,6,15,20,24,45,47,49,50,55,56,61,62,63,65,66,67,70,71,72,75,77],
[2,5,6,15,20,24,34,45,47,49,55,61,62,63,65,66,70,71,72,74,75,77],
[2,5,6,15,20,24,40,47,49,50,55,61,62,63,65,66,70,71,72,74,75,77],
[2,5,11,15,20,24,45,46,47,50,61,62,63,65,66,67,70,71,72,74,75,77],
[2,6,15,19,20,24,34,45,46,47,55,61,62,63,65,66,70,71,73,74,76,77],
[2,6,15,19,20,24,34,42,45,46,50,55,61,62,63,65,66,70,71,73,74,76,77],
[2,6,15,19,20,34,45,46,47,49,50,55,61,62,63,65,66,70,71,73,74,77],
[2,6,15,20,24,34,45,46,47,49,50,55,56,62,63,65,66,71,72,73,74,77],
[2,5,6,15,20,24,34,45,46,47,49,55,62,63,65,66,70,71,72,73,74,77],
[2,3,6,15,20,24,34,45,46,47,55,61,63,65,66,70,71,72,73,74,76,77],
[2,6,15,20,34,45,46,47,49,50,55,56,61,62,63,65,66,71,72,73,74,77],
[2,6,15,19,20,34,45,46,47,49,50,55,61,62,63,66,70,71,72,73,74,77],
[2,6,15,20,32,34,45,46,47,49,55,61,62,63,65,66,70,71,72,73,74,77],
[2,6,20,34,45,46,47,49,50,55,56,61,62,63,65,66,70,71,72,73,74,77],
[6,15,19,20,34,45,46,47,49,50,55,61,62,63,65,66,70,71,72,73,74,77],
[7,15,20,24,26,43,45,46,47,50,55,61,62,63,65,66,67,71,72,73,75,77],
[7,15,20,24,26,43,45,46,47,50,55,61,62,63,65,66,71,72,73,74,75,77],
[7,13,15,20,24,43,45,46,47,50,55,62,63,65,66,67,71,72,73,74,75,77],
[6,7,15,20,32,45,46,47,50,55,61,62,63,65,66,67,70,71,72,73,74,77],
[7,15,20,32,45,46,47,50,52,55,61,62,63,65,66,67,70,71,73,74,75,77],
[7,20,32,33,45,46,47,50,55,61,62,63,65,66,67,70,71,72,73,74,75,77],
[7,20,24,43,45,46,47,48,50,52,55,61,62,63,65,67,70,71,72,73,74,75,77],
[7,20,33,43,45,46,47,50,55,61,62,63,65,66,67,70,71,72,73,74,75,77],
[6,7,13,15,20,24,32,40,45,47,50,55,62,63,65,66,70,71,73,74,75,77],
[2,6,7,15,20,32,45,46,47,50,55,56,61,62,63,66,71,72,73,74,75,77],
[2,6,7,15,20,24,26,32,34,45,46,47,55,62,63,65,66,71,72,73,74,75],
[2,6,7,15,20,24,26,32,34,45,46,47,55,62,63,66,71,72,73,74,75,77],
[2,6,7,15,20,24,26,32,34,45,46,47,62,63,65,66,71,72,73,74,75,77],
[2,6,15,20,24,26,32,34,45,46,47,55,62,63,65,66,71,72,73,74,75,77],
[6,7,15,20,24,26,32,34,45,46,47,55,62,63,65,66,71,72,73,74,75,77],
[6,7,13,15,20,45,46,47,49,50,55,62,63,65,66,67,70,71,72,73,74,77],
[6,7,8,13,15,19,20,24,26,34,43,45,46,47,50,55,56,62,63,65,66,67,71,72,73,75,77],
[6,7,13,15,20,24,34,45,46,47,50,55,62,63,65,66,71,72,73,74,75,77],
[6,7,13,15,20,24,45,46,47,50,55,56,63,65,66,67,71,72,73,74,75,77],
[6,7,13,15,20,24,43,46,47,50,55,62,63,65,66,67,71,72,73,74,75,77],
[2,6,7,9,15,18,20,24,26,45,46,47,50,56,61,63,64,65,69,71,72,73],
[2,6,7,9,15,18,20,24,26,45,46,47,50,56,63,64,65,69,71,72,73,74],
[2,6,7,9,15,18,20,24,26,46,47,50,56,61,63,64,65,69,71,72,73,74],
[2,6,7,9,15,18,20,24,45,46,47,50,56,61,63,64,65,69,71,72,73,74],
[2,6,7,9,15,20,24,26,34,45,46,47,50,56,61,63,65,66,69,71,72,73],
[2,6,7,9,15,20,24,26,45,46,47,50,52,56,61,63,65,66,69,71,73,74],
[2,6,7,9,15,20,24,26,34,45,46,47,50,56,61,63,65,66,71,72,73,74],
[2,6,7,9,15,20,24,26,34,45,46,47,50,56,61,65,66,69,71,72,73,74],
[2,6,7,8,9,15,18,20,24,26,34,45,46,47,50,56,63,65,66,69,71,72,73,74],
[2,6,7,9,15,20,24,26,34,45,46,47,56,61,63,65,66,69,71,72,73,74],
[2,6,7,9,15,20,24,26,34,45,46,50,56,61,63,65,66,69,71,72,73,74],
[2,6,7,9,15,20,24,26,34,45,47,50,56,61,63,65,66,69,71,72,73,74],
[2,6,7,9,15,18,20,24,26,46,47,50,56,61,63,65,66,69,71,72,73,74],
[2,6,7,9,15,18,20,26,34,45,46,47,50,56,61,63,65,66,69,71,72,73,74],
[2,6,7,8,9,15,18,20,24,26,45,46,47,50,63,64,65,69,71,72,73,74],
[2,6,7,8,9,15,20,24,26,34,45,46,47,63,64,65,66,69,71,72,73,74],
[2,3,6,7,8,9,15,20,24,26,34,45,46,50,63,64,65,66,69,71,72,73,74],
[2,6,7,8,9,15,18,20,24,26,46,47,50,63,64,65,66,69,71,72,73,74],
[2,6,8,9,15,20,24,26,45,46,47,50,56,63,64,65,66,69,71,72,73,74],
[2,6,7,9,15,18,20,24,26,43,46,47,50,61,63,64,65,66,71,72,73,74],
[2,6,7,9,15,18,20,24,26,43,46,47,61,63,64,65,66,69,71,72,73,74],
[2,6,7,9,15,18,20,24,26,43,47,50,61,63,64,65,66,69,71,72,73,74],
[6,7,9,15,18,20,24,26,43,46,47,50,61,63,64,65,66,69,71,72,73,74],
[2,6,7,9,15,18,20,24,38,46,47,50,61,63,64,66,69,70,71,72,73,74],
[2,6,9,15,18,20,24,38,46,47,50,61,63,64,65,66,69,70,71,72,73,74],
[6,7,9,15,18,20,24,38,46,47,50,61,63,64,65,66,69,70,71,72,73,74],
[2,6,7,15,18,20,26,45,46,47,50,61,63,64,65,66,67,69,71,72,74,75],
[2,6,7,15,18,20,26,45,46,47,50,63,64,65,66,67,69,71,72,73,74,75],
[2,7,18,20,26,33,45,46,47,50,61,63,64,65,66,67,69,70,71,72,73,74],
[2,7,15,20,26,32,45,46,47,50,52,61,63,64,65,66,67,69,70,71,73,74],
[2,3,7,15,20,24,26,45,46,48,50,52,61,63,64,65,66,67,69,70,71,73,74],
[2,6,7,15,16,20,24,26,44,45,46,47,50,52,63,64,65,66,67,69,70,71],
[2,6,7,15,16,20,24,26,44,45,46,47,50,52,63,65,66,67,69,70,71,73],
[2,6,7,15,16,20,26,32,45,46,47,50,52,63,64,65,66,67,69,70,71,73],
[2,7,15,16,20,24,26,44,45,46,47,50,52,63,64,65,66,67,69,70,71,73],
[2,6,7,15,16,20,24,26,32,45,46,47,50,52,63,65,66,67,70,71,73,77],
[2,4,6,7,15,16,20,24,26,32,46,47,50,52,63,64,65,66,67,70,71,73,77],
[2,6,7,15,16,20,26,32,45,46,47,50,52,63,64,65,66,67,70,71,73,77],
[2,7,15,16,20,24,26,33,45,46,47,50,52,63,64,65,66,67,70,71,73,77],
[2,6,7,15,16,20,24,26,33,45,46,47,50,62,63,64,65,66,70,71,73,77],
[2,7,15,16,20,24,26,33,45,46,47,50,62,63,64,65,66,67,70,71,73,77],
[2,7,15,20,24,26,45,46,47,50,52,61,62,63,64,65,66,67,70,71,73,77],
[2,7,15,20,24,26,33,45,46,47,50,61,62,63,64,66,67,70,71,72,73,77],
[2,7,15,20,24,26,45,46,47,50,52,61,62,64,65,66,67,70,71,72,73,77],
[2,7,20,24,26,33,45,46,47,50,52,61,62,63,64,65,66,67,70,71,72,73,77],
[2,3,15,20,24,26,33,45,46,47,50,61,62,63,64,65,66,67,70,71,72,73,77],
[2,6,15,20,23,24,26,35,45,46,47,62,63,64,65,66,67,69,70,71,72,77],
[2,6,15,20,23,24,26,31,45,46,47,62,63,64,65,67,69,70,71,72,73,77],
[2,6,15,20,24,26,38,45,46,47,50,56,61,63,64,65,67,69,70,71,72,73],
[2,6,15,20,24,26,38,45,46,47,56,63,64,65,67,69,70,71,72,73,76,77],
[2,3,6,15,20,24,38,45,46,47,50,56,63,64,65,67,69,70,71,72,73,77],
[2,6,15,20,26,38,45,46,47,50,56,61,63,64,65,67,69,70,71,72,73,77],
[2,6,15,20,24,26,38,45,46,47,50,56,61,63,65,66,67,70,71,72,73,77],
[2,3,6,15,20,24,26,38,45,46,50,56,63,65,66,67,69,70,71,72,73,77],
[2,6,15,20,24,26,38,45,47,50,56,61,63,65,66,67,69,70,71,72,73,77],
[2,3,6,15,20,24,38,45,46,47,50,56,63,65,66,67,69,70,71,72,73,77],
[2,6,15,20,26,38,45,46,47,50,56,61,63,65,66,67,69,70,71,72,73,77],
[2,3,6,15,20,24,26,31,38,45,46,47,63,64,65,67,69,70,71,72,73,77],
[2,3,6,8,15,20,24,26,38,45,46,50,64,65,66,67,69,70,71,72,73,77],
[2,3,6,15,20,24,38,45,46,47,50,56,63,64,65,66,67,69,70,71,72,77],
[2,3,6,8,15,20,24,38,45,46,47,50,64,65,66,67,69,70,71,72,73,77],
[2,4,6,7,9,15,20,24,26,44,45,46,50,52,63,64,65,66,69,70,71,73],
[2,4,6,7,9,15,20,24,26,44,45,46,50,52,63,64,65,66,69,70,71,74],
[2,4,6,7,9,15,20,24,26,44,45,46,50,52,63,64,65,66,69,71,73,74],
[2,4,6,7,9,15,20,24,44,45,46,50,52,63,64,65,66,69,70,71,73,74],
[2,4,6,7,9,15,20,26,44,45,46,50,52,63,64,65,66,69,70,71,73,74],
[2,6,7,8,15,20,24,26,45,47,50,52,56,63,64,66,69,71,72,74,75,77],
[2,6,7,8,15,20,24,26,28,45,47,50,52,56,63,66,69,71,72,73,74,75,77],
[2,7,8,15,20,24,26,36,45,47,50,52,56,63,64,66,69,71,72,73,74,77],
[2,7,15,20,24,26,36,45,46,47,52,56,63,64,66,67,69,71,72,73,74,77],
[2,15,20,24,26,45,46,47,50,52,56,63,64,65,66,67,69,71,72,73,74,77],
[2,6,7,15,20,24,26,32,45,46,47,52,61,63,64,66,69,70,71,74,76,77],
[2,6,7,15,20,24,26,45,46,47,52,55,61,64,66,69,70,71,72,74,76,77],
[2,6,7,20,24,26,32,45,46,47,52,61,63,64,66,69,70,71,72,74,75,76,77],
[2,6,7,8,14,15,20,24,26,46,47,50,52,64,65,66,69,71,72,73,74,75],
[2,6,7,8,15,20,24,26,45,46,47,50,52,53,64,66,69,72,73,74,75,77],
[2,6,7,8,15,20,24,26,45,46,47,50,52,53,66,69,71,72,73,74,75,77],
[2,6,8,15,20,24,26,45,46,47,50,52,56,64,65,66,69,71,72,74,75,77],
[2,6,8,15,20,24,26,45,46,47,50,52,56,65,66,69,71,72,73,74,75,77],
[2,8,15,20,24,26,45,46,47,50,52,56,64,65,66,67,69,71,72,73,74,75,77],
[2,3,8,15,20,24,44,45,46,47,50,63,64,65,66,67,69,70,71,72,73,74],
[2,6,8,15,20,24,44,45,46,47,50,53,64,65,66,67,69,70,71,73,74,77],
[2,3,8,15,20,24,44,45,46,47,50,63,64,65,66,67,69,70,71,73,74,77],
[2,6,8,15,20,24,45,46,47,49,50,53,65,66,67,69,70,71,72,73,74,77],
[2,3,8,15,20,24,45,46,47,50,56,63,64,65,66,67,69,71,72,73,74,77],
[2,3,8,15,20,24,44,45,46,47,50,63,64,66,67,69,70,71,72,73,74,77],
[2,3,8,15,20,24,45,46,47,50,52,64,65,66,67,69,70,71,72,73,74,77],
[2,6,7,15,20,24,32,42,44,45,46,47,50,52,61,63,65,66,70,71,74,75],
[2,6,7,15,20,24,32,42,44,45,46,47,50,52,61,63,66,70,71,74,75,77],
[2,6,7,15,20,32,33,42,44,45,46,47,50,52,61,63,64,65,66,70,71,74,75,77],
[2,6,15,20,24,32,42,44,45,46,47,50,52,61,63,65,66,70,71,74,75,77],
[2,6,7,15,20,32,33,42,44,45,46,47,50,61,62,63,65,66,70,71,74,75],
[2,6,7,15,19,20,32,33,42,45,46,47,50,61,62,63,65,66,70,71,74,77],
[2,6,7,15,20,32,33,42,45,46,47,50,61,62,63,64,65,70,71,74,75,77],
[2,6,7,15,20,32,33,42,44,45,46,47,50,61,62,63,66,70,71,74,75,77],
[2,6,7,15,20,32,33,42,45,46,47,50,52,61,62,65,66,70,71,74,75,77],
[2,6,7,15,20,32,33,42,45,46,47,61,62,63,64,65,66,70,71,74,75,77],
[2,6,7,15,19,20,32,33,42,45,47,50,61,62,63,65,66,70,71,74,75,77],
[2,6,7,15,20,32,33,45,46,47,50,61,62,63,64,65,66,70,71,74,75,77],
[2,6,15,20,32,33,42,44,45,46,47,50,61,62,63,65,66,70,71,74,75,77],
[2,7,15,20,32,33,42,45,46,47,50,52,61,62,63,65,66,70,71,74,75,77],
[6,7,15,19,20,32,33,42,45,46,47,50,61,62,63,65,66,70,71,74,75,77],
[6,7,13,15,19,20,24,32,42,45,46,47,50,55,61,62,63,65,66,67,70,75,77],
[6,7,15,19,20,24,32,42,45,46,47,50,52,55,61,62,65,66,70,71,75,77],
[6,7,15,19,20,24,32,42,45,46,47,55,61,62,63,65,66,67,70,71,75,77],
[6,7,15,19,20,24,32,42,45,46,50,55,61,62,63,65,66,67,70,71,75,77],
[6,7,15,19,20,24,32,45,46,47,50,55,61,62,63,65,66,67,70,71,75,77],
[7,15,19,20,24,32,42,45,46,47,50,52,55,61,62,63,65,66,70,71,75,77],
[6,7,13,15,19,20,32,42,45,46,47,50,55,61,62,63,65,66,70,74,75,77],
[6,7,13,15,19,20,32,42,46,47,50,55,61,62,63,65,66,70,71,74,75,77],
[7,15,20,24,42,43,45,46,47,50,52,55,61,62,63,65,66,70,71,74,75,77],
[2,6,11,15,20,24,35,38,45,46,47,50,55,61,62,64,65,66,70,72,75,77],
[2,6,11,15,20,24,35,45,46,47,49,50,55,61,62,65,66,70,71,72,75,77],
[2,6,11,15,20,24,35,38,46,47,50,55,61,62,64,65,66,70,71,72,75,77],
[2,5,6,11,15,20,24,45,46,47,50,55,61,62,64,65,70,71,72,74,75,78],
[2,5,6,11,15,20,24,45,46,47,50,55,61,62,64,65,70,72,74,75,77,78],
[2,6,11,15,20,24,35,45,46,47,50,55,61,62,64,70,71,72,74,75,77,78],
[2,5,6,11,15,20,24,45,46,47,50,53,55,62,64,65,70,71,72,74,75,77,78],
[2,5,6,11,15,20,24,35,45,46,47,55,61,62,64,65,70,71,72,74,75,77,78],
[2,5,6,11,15,20,24,46,47,50,55,61,62,64,65,70,71,72,74,75,77,78],
[2,5,6,11,15,20,45,46,47,49,50,53,55,61,62,64,65,70,71,72,74,75,77,78],
[2,5,6,15,20,24,45,46,47,50,55,61,62,64,65,70,71,72,74,75,77,78],
[2,5,11,15,20,24,45,46,47,50,55,61,62,64,65,70,71,72,74,75,77,78],
[2,6,7,11,15,20,24,44,45,46,47,50,61,64,65,66,69,70,71,72,74,75],
[2,6,7,11,15,20,24,44,45,47,50,61,63,64,65,66,69,70,71,72,74,75],
[2,7,11,15,20,24,44,45,46,47,50,61,63,64,65,66,67,70,71,72,74,75],
[2,6,7,15,20,24,42,44,45,46,47,50,52,61,63,64,65,66,70,71,74,75],
[2,6,15,20,24,42,44,45,46,47,50,52,61,63,64,65,66,70,71,74,75,77],
[2,6,7,15,20,33,35,42,45,46,47,50,61,62,64,65,66,70,71,74,75,77],
[2,6,7,15,20,32,33,45,46,47,50,61,62,63,64,65,66,67,70,71,74,75],
[2,6,7,15,20,32,33,45,46,47,50,61,62,63,64,66,67,70,71,74,75,77],
[2,6,7,15,20,32,33,45,46,47,50,62,63,64,65,66,67,70,71,74,75,77],
[2,6,15,20,32,33,45,46,47,50,61,62,63,64,65,66,67,70,71,74,75,77],
[2,6,7,15,20,32,33,45,46,50,61,62,63,64,66,67,70,71,72,74,75,77],
[2,6,7,15,20,26,32,45,46,47,61,62,63,64,65,66,67,70,71,72,75,77],
[2,5,6,15,20,24,45,46,47,49,50,55,56,61,62,65,66,67,70,71,72,77],
[2,5,6,15,20,24,45,46,47,49,50,56,61,62,63,65,66,67,70,71,72,77],
[2,5,15,20,24,45,46,47,49,50,55,56,61,62,63,65,66,67,70,71,72,77],
[2,6,15,20,24,45,46,47,49,50,55,56,61,62,63,65,66,70,71,72,73,77],
[2,5,6,15,20,24,45,46,47,49,50,55,56,61,62,65,70,71,72,74,77,78],
[2,5,6,15,20,24,45,46,47,49,50,56,61,62,63,65,70,71,72,74,77,78],
[5,6,15,20,24,45,46,47,49,50,55,56,61,62,63,65,70,71,72,74,77,78],
[2,3,5,6,15,20,24,45,46,47,49,50,56,61,63,65,66,70,71,72,74,77],
[2,5,6,15,20,32,34,45,46,47,49,55,61,62,63,65,66,70,71,72,74,77],
[2,5,6,15,20,24,38,45,46,47,50,53,55,56,61,62,64,65,70,71,72,74,76,77,78],
[2,5,6,15,20,24,45,46,47,50,53,55,56,61,62,65,67,70,71,72,75,77],
[2,5,6,15,20,24,45,46,47,50,53,55,56,61,62,64,65,71,72,74,75,77,78],
[2,5,6,15,20,24,45,46,47,50,53,55,61,62,64,65,70,71,72,74,75,77],
[2,5,6,15,20,45,46,47,50,53,55,56,61,62,65,67,70,71,72,74,75,77],
[2,5,6,20,24,45,46,47,50,53,55,56,61,62,65,70,71,72,74,75,77,78],
[2,5,15,20,24,45,46,47,50,53,55,56,61,62,65,67,70,71,72,74,75,77],
[5,6,15,20,24,45,46,47,50,53,55,56,61,62,65,67,70,71,72,74,75,77],
[2,5,15,20,24,45,46,47,50,55,56,61,62,63,65,67,70,71,72,73,74,77],
[5,6,15,20,24,45,46,47,50,53,55,56,61,62,63,67,70,71,72,74,75,77],
[2,5,6,15,20,24,35,45,46,47,49,55,61,62,65,66,67,70,71,72,75,77],
[2,5,6,15,20,24,35,45,46,49,50,55,61,62,65,66,67,70,71,72,75,77],
[2,5,6,20,24,45,46,47,49,50,55,56,61,62,65,66,67,70,71,72,75,77],
[2,6,15,20,24,35,45,46,47,49,50,55,61,62,65,66,67,70,71,72,75,77],
[2,5,6,11,15,20,24,45,46,47,49,50,55,61,62,65,70,71,72,74,75,78],
[2,5,6,15,20,24,34,45,46,47,49,50,55,56,61,62,65,71,72,74,75,77,78],
[2,5,6,11,15,20,24,45,46,47,49,50,55,62,65,70,71,72,74,75,77,78],
[2,5,6,15,20,24,44,45,46,47,50,56,61,63,65,66,67,70,71,74,75,77],
[2,5,6,15,20,24,45,46,50,55,61,63,64,65,66,67,70,71,72,74,75,77],
[2,5,6,15,20,24,45,47,49,55,56,61,63,65,66,69,70,71,72,74,75,77],
[2,6,15,20,24,45,47,49,50,55,56,61,63,65,66,69,70,71,72,74,75,77],
[2,5,6,15,20,23,32,34,35,45,47,49,55,61,62,63,65,66,69,70,71,72,74,75,77],
[2,5,6,15,20,24,38,40,47,49,50,55,61,62,63,65,66,70,71,72,75,77],
[2,5,6,20,24,40,47,49,50,55,61,62,63,65,66,70,71,72,74,75,77,78],
[2,6,15,19,20,24,34,42,45,46,47,55,61,62,63,65,66,70,71,74,76,77],
[2,6,15,19,20,32,34,45,46,47,55,61,62,63,65,66,70,71,73,74,76,77],
[2,15,19,20,24,34,42,45,46,47,55,61,62,63,65,66,70,71,73,74,76,77],
[2,6,15,19,20,34,45,46,47,49,50,55,56,61,62,63,65,66,71,73,74,77],
[2,6,15,19,20,32,34,45,46,47,49,55,61,62,63,65,66,70,71,73,74,77],
[2,6,19,20,34,45,46,47,49,50,55,56,61,62,63,65,66,70,71,73,74,77],
[2,5,6,15,20,24,34,45,46,47,49,55,56,63,65,66,70,71,72,73,74,77],
[2,3,5,6,15,20,24,34,45,46,47,55,61,63,65,66,70,71,72,74,76,77],
[2,3,6,20,24,34,45,46,47,55,56,61,63,65,66,70,71,72,73,74,76,77],
[2,6,15,19,20,34,45,46,47,49,50,55,56,61,62,63,66,71,72,73,74,77],
[2,6,15,20,21,34,45,46,47,49,50,55,56,61,62,65,66,71,72,73,74,77],
[2,6,15,20,32,34,45,46,47,49,55,56,61,62,63,65,66,71,72,73,74,77],
[2,6,15,19,20,34,45,46,47,49,55,61,62,63,66,70,71,72,73,74,76,77],
[2,6,19,20,34,45,46,47,49,50,55,56,61,62,63,66,70,71,72,73,74,77],
[2,6,15,20,32,34,45,46,47,49,55,61,62,63,66,70,71,72,73,74,76,77],
[2,5,15,20,32,34,45,46,47,49,55,61,62,63,65,66,70,71,72,73,74,77],
[2,6,19,20,34,45,46,47,49,50,55,56,61,62,63,65,66,70,71,72,73,77],
[6,15,19,20,23,34,45,46,47,49,55,61,62,63,65,66,70,71,72,73,74,77],
[3,15,19,20,34,45,46,47,49,50,55,61,62,63,65,66,70,71,72,73,74,77],
[7,15,20,24,26,43,45,46,47,50,55,56,61,62,63,65,66,67,71,72,73,75],
[7,15,20,24,26,43,45,46,47,50,55,56,61,62,63,66,67,71,72,73,75,77],
[13,15,20,24,34,43,45,46,47,50,55,62,63,65,66,67,71,72,73,74,75,77],
[7,15,20,24,32,45,46,47,50,52,55,61,62,63,65,66,67,70,71,73,75,77],
[7,15,20,32,43,45,46,47,50,52,55,61,62,63,65,66,67,71,73,74,75,77],
[6,7,13,15,19,20,24,32,40,45,47,50,55,62,63,65,66,70,71,73,74,77],
[6,7,13,15,19,20,24,32,40,45,47,50,55,62,63,65,66,70,71,74,75,77],
[2,6,7,14,15,20,24,26,32,34,46,47,62,63,65,66,71,72,73,74,75,77],
[2,6,15,20,24,26,32,34,45,46,47,55,56,62,63,65,66,71,72,73,75,77],
[2,6,15,20,24,26,32,34,45,46,47,55,56,63,65,66,71,72,73,74,75,77],
[6,7,13,15,20,24,34,43,45,46,47,50,55,62,63,65,71,72,73,74,75,77],
[6,7,8,13,15,20,24,45,46,47,50,55,56,65,66,67,71,72,73,74,75,77],
[6,7,8,13,15,20,24,45,47,50,55,56,63,65,66,67,71,72,73,74,75,77],
[6,7,13,15,18,20,24,43,46,47,50,62,63,65,66,67,71,72,73,74,75,77],
[2,6,7,9,15,18,20,24,26,34,45,46,47,50,56,61,63,65,66,69,72,73],
[2,6,7,9,15,18,20,24,26,34,46,47,50,56,61,63,65,66,69,71,72,73],
[2,6,7,9,15,20,24,26,34,45,46,47,50,56,61,63,66,71,72,73,74,76],
[2,6,7,9,15,18,20,24,26,34,43,46,47,50,56,61,63,65,66,71,72,73,74],
[2,6,7,9,15,20,24,26,34,45,46,47,56,61,63,66,69,71,72,73,74,76],
[2,6,7,9,15,18,20,24,26,34,46,47,56,61,63,65,66,69,71,72,73,74],
[2,3,6,9,15,20,24,26,34,45,46,47,56,61,63,65,66,69,71,72,73,74,76],
[2,6,7,9,15,18,20,24,26,34,46,50,56,61,63,65,66,69,71,72,73,74],
[2,3,6,9,15,20,24,26,34,45,46,50,56,61,63,65,66,69,71,72,73,74],
[2,6,7,9,15,20,24,26,34,45,47,50,56,61,63,65,66,69,72,73,74,75],
[2,6,7,15,20,24,26,34,45,47,50,56,61,63,65,66,69,71,72,73,74,75],
[2,6,7,8,9,15,18,20,24,26,34,46,47,63,64,65,66,69,71,72,73,74],
[2,6,7,9,15,18,20,24,26,34,43,46,47,61,63,65,66,69,71,72,73,74],
[2,6,7,15,20,26,32,45,46,47,50,52,61,63,64,65,66,67,69,70,71,74],
[2,6,7,15,16,20,24,26,44,45,46,47,50,52,61,64,65,66,67,69,70,71],
[2,6,7,15,16,20,26,32,44,45,46,47,50,52,63,64,65,66,67,69,70,71],
[2,7,15,16,20,24,26,33,44,45,46,47,50,52,63,64,65,66,67,70,71,73],
[2,7,15,16,20,24,26,33,44,45,46,50,52,63,64,65,66,67,70,71,73,77],
[2,7,15,16,20,24,26,33,35,45,46,47,62,63,64,65,66,67,70,71,73,77],
[2,7,15,20,24,26,33,45,46,47,50,52,61,62,63,64,65,66,70,71,73,77],
[2,15,20,24,26,33,45,46,47,50,52,61,62,63,64,65,66,67,70,71,73,77],
[7,15,20,24,26,33,45,46,47,50,52,61,62,63,64,65,66,67,70,71,73,77],
[2,3,6,15,20,24,31,38,45,46,47,50,56,63,64,65,67,70,71,72,73,77],
[2,3,6,15,20,24,26,38,45,46,50,55,56,65,66,67,69,70,71,72,73,77],
[2,6,8,15,20,24,26,45,46,47,50,52,55,56,65,66,71,72,73,74,75,77],
[2,6,8,15,20,24,26,45,46,50,52,55,56,65,66,69,71,72,73,74,75,77],
[2,6,8,15,16,20,44,45,46,47,50,53,64,65,66,67,69,70,71,73,74,77],
[2,6,7,12,15,20,24,32,42,44,45,46,47,50,52,61,63,66,70,74,75,77],
[2,6,15,20,24,32,42,44,45,46,47,50,52,56,61,63,65,66,71,74,75,77],
[2,6,20,24,32,42,44,45,46,47,50,52,56,61,63,65,66,70,71,74,75,77],
[2,6,7,15,20,32,33,34,42,44,45,46,47,50,61,62,63,65,66,71,74,75],
[2,6,7,15,20,32,33,34,42,44,45,46,47,61,62,63,65,66,70,71,74,75],
[2,6,7,15,20,32,33,35,42,44,45,46,50,61,62,63,66,70,71,74,75,77],
[2,6,15,20,32,33,42,44,45,46,47,49,50,61,62,65,66,70,71,74,75,77],
[2,5,6,20,24,45,46,47,50,53,55,61,62,64,65,70,71,72,74,75,77,78],
[2,6,7,11,15,20,24,44,45,46,47,50,52,61,64,65,66,69,70,71,74,75],
[2,6,7,11,15,20,33,35,42,45,46,47,50,61,62,64,65,66,70,71,74,75],
[2,6,7,15,18,20,32,33,45,46,47,50,61,62,63,64,65,66,67,70,74,75],
[2,5,6,15,20,24,38,46,47,49,50,56,61,62,63,65,66,67,70,71,72,77],
[5,6,15,20,24,45,46,47,50,55,56,61,62,63,65,70,71,72,74,76,77,78],
[2,5,6,15,20,32,34,45,46,47,49,55,56,61,62,63,65,66,71,72,74,75,77],
[2,5,6,20,24,45,46,47,50,53,56,61,62,64,65,70,71,72,74,75,77,78],
[2,5,6,15,20,32,34,45,47,49,55,56,61,63,65,66,69,71,72,74,75,77],
[2,5,6,15,18,20,32,34,46,47,49,56,61,62,63,65,66,71,72,74,75,77],
[2,5,6,13,15,20,24,32,34,36,42,44,45,46,47,56,63,65,66,74,75,77],
[3,4,8,15,19,20,24,26,37,38,43,46,50,52,55,56,65,66,67,71,73,77]];
