return [[1,2,3,4,5,6,7,8,9,11,12,14,15,16,17,18,20,22,25,27],
[1,2,3,4,5,6,7,8,9,11,12,14,15,16,17,18,20,22,25,28],
[1,2,3,4,5,6,7,8,9,11,12,14,15,16,17,18,20,22,27,28],
[1,2,3,4,5,6,7,8,9,11,12,14,15,16,17,18,20,25,27,30],
[1,2,3,4,5,6,7,8,9,11,12,14,15,16,17,18,21,25,27,30],
[1,2,3,4,5,6,7,8,9,11,12,14,15,16,18,20,21,25,27,28],
[1,2,3,4,5,6,7,8,9,11,12,14,15,16,18,20,21,25,27,30],
[1,2,3,4,5,6,7,8,9,11,12,14,15,16,18,20,22,25,27,28],
[1,2,3,4,5,6,7,8,9,11,12,14,15,16,19,20,22,25,27,28],
[1,2,3,4,5,6,7,8,9,11,12,14,15,16,19,20,24,25,27,28],
[1,2,3,4,5,6,7,8,9,11,12,14,15,16,19,21,24,25,27,28],
[1,2,3,4,5,6,7,8,9,11,12,14,15,16,20,21,24,25,27,28],
[1,2,3,4,5,6,7,8,9,11,12,14,15,16,20,21,24,25,27,30],
[1,2,3,4,5,6,7,8,9,11,12,14,15,17,18,20,21,25,28,29],
[1,2,3,4,5,6,7,8,9,11,12,14,15,17,18,20,21,25,29,30],
[1,2,3,4,5,6,7,8,9,11,12,14,15,17,18,20,21,27,28,29],
[1,2,3,4,5,6,7,8,9,11,12,14,15,17,18,20,21,27,29,30],
[1,2,3,4,5,6,7,8,9,11,12,14,15,17,18,20,22,25,27,30],
[1,2,3,4,5,6,7,8,9,11,12,14,15,17,18,20,22,27,28,29],
[1,2,3,4,5,6,7,8,9,11,12,14,15,17,18,20,22,27,29,30],
[1,2,3,4,5,6,7,8,9,11,12,14,15,17,18,21,25,27,29,30],
[1,2,3,4,5,6,7,8,9,11,12,14,15,17,18,22,25,27,29,30],
[1,2,3,4,5,6,7,8,9,11,12,14,15,17,19,21,22,25,27,29],
[1,2,3,4,5,6,7,8,9,11,12,14,15,17,19,21,22,25,28,29],
[1,2,3,4,5,6,7,8,9,11,12,14,15,17,19,21,22,27,28,29],
[1,2,3,4,5,6,7,8,9,11,12,14,15,17,19,21,24,25,28,29],
[1,2,3,4,5,6,7,8,9,11,12,14,15,17,19,21,24,27,28,29],
[1,2,3,4,5,6,7,8,9,11,12,14,15,17,20,21,24,27,28,29],
[1,2,3,4,5,6,7,8,9,11,12,14,15,17,20,21,24,27,29,30],
[1,2,3,4,5,6,7,8,9,11,12,14,15,18,20,21,22,25,27,28],
[1,2,3,4,5,6,7,8,9,11,12,14,15,18,20,21,22,27,28,29],
[1,2,3,4,5,6,7,8,9,11,12,14,15,18,20,21,25,27,29,30],
[1,2,3,4,5,6,7,8,9,11,12,14,15,19,20,22,25,27,28,29],
[1,2,3,4,5,6,7,8,9,11,12,14,15,19,21,22,25,27,28,29],
[1,2,3,4,5,6,7,8,9,11,12,14,15,20,21,22,25,27,28,29],
[1,2,3,4,5,6,7,8,9,11,12,14,16,17,18,19,21,25,27,30],
[1,2,3,4,5,6,7,8,9,11,12,14,16,17,18,19,21,25,28,30],
[1,2,3,4,5,6,7,8,9,11,12,14,16,17,18,19,21,27,28,30],
[1,2,3,4,5,6,7,8,9,11,12,14,16,17,18,19,22,25,27,30],
[1,2,3,4,5,6,7,8,9,11,12,14,16,17,18,20,22,25,26,28],
[1,2,3,4,5,6,7,8,9,11,12,14,16,17,18,20,22,25,26,30],
[1,2,3,4,5,6,7,8,9,11,12,14,16,17,18,20,22,25,27,30],
[1,2,3,4,5,6,7,8,9,11,12,14,16,17,18,20,25,26,28,30],
[1,2,3,4,5,6,7,8,9,11,12,14,16,17,19,21,24,25,27,30],
[1,2,3,4,5,6,7,8,9,11,12,14,16,17,19,21,24,25,28,30],
[1,2,3,4,5,6,7,8,9,11,12,14,16,18,19,20,25,27,28,30],
[1,2,3,4,5,6,7,8,9,11,12,14,16,18,19,21,25,27,28,30],
[1,2,3,4,5,6,7,8,9,11,12,14,16,18,20,21,24,27,28,30],
[1,2,3,4,5,6,7,8,9,11,12,14,16,18,20,21,25,27,28,30],
[1,2,3,4,5,6,7,8,9,11,12,14,16,19,20,21,24,25,27,30],
[1,2,3,4,5,6,7,8,9,11,12,14,16,19,20,21,25,27,28,30],
[1,2,3,4,5,6,7,8,9,11,12,14,17,18,20,21,25,28,29,30],
[1,2,3,4,5,6,7,8,9,11,12,14,17,18,20,21,27,28,29,30],
[1,2,3,4,5,6,7,8,9,11,12,14,17,18,20,22,25,26,28,30],
[1,2,3,4,5,6,7,8,9,11,12,14,17,18,20,22,27,28,29,30],
[1,2,3,4,5,6,7,8,9,11,12,14,17,19,20,22,27,28,29,30],
[1,2,3,4,5,6,7,8,9,11,12,14,17,19,21,24,25,28,29,30],
[1,2,3,4,5,6,7,8,9,11,12,14,19,20,21,24,25,28,29,30],
[1,2,3,4,5,6,7,8,9,11,12,15,16,18,20,21,24,25,27,28],
[1,2,3,4,5,6,7,8,9,11,12,15,16,18,20,21,24,25,27,30],
[1,2,3,4,5,6,7,8,9,11,12,15,16,19,20,22,24,25,27,28],
[1,2,3,4,5,6,7,8,9,11,12,15,17,18,20,21,24,25,27,30],
[1,2,3,4,5,6,7,8,9,11,12,15,17,20,21,24,25,27,29,30],
[1,2,3,4,5,6,7,8,9,11,12,16,17,18,19,21,24,25,27,30],
[1,2,3,4,5,6,7,8,9,11,12,16,17,18,19,21,24,25,28,30],
[1,2,3,4,5,6,7,8,9,11,12,16,18,20,21,24,25,27,28,30],
[1,2,3,4,5,6,7,8,9,11,12,17,18,19,21,24,25,27,28,30],
[1,2,3,4,5,6,7,8,9,11,14,15,16,18,20,21,22,25,27,28],
[1,2,3,4,5,6,7,8,9,11,14,16,17,18,19,20,21,27,28,30],
[1,2,3,4,5,6,7,8,9,11,14,16,17,19,20,21,22,25,27,30],
[1,2,3,4,5,6,7,8,9,11,14,16,17,19,20,22,25,26,28,30],
[1,2,3,4,5,6,7,8,9,11,14,16,18,19,20,21,25,27,28,30],
[1,2,3,4,5,6,7,8,9,11,14,17,19,20,21,22,25,28,29,30],
[1,2,3,4,5,6,7,8,9,11,15,16,17,19,20,21,22,25,27,28],
[1,2,3,4,5,6,7,8,9,12,13,14,16,17,18,20,22,25,27,30],
[1,2,3,4,5,6,7,8,9,12,13,14,16,17,19,20,21,25,28,29],
[1,2,3,4,5,6,7,8,9,12,13,14,16,17,19,20,22,25,28,29],
[1,2,3,4,5,6,7,8,9,12,13,14,17,19,21,22,25,27,29,30],
[1,2,3,4,5,6,7,8,9,12,13,19,20,21,22,23,25,27,29,30],
[1,2,3,4,5,6,7,8,9,12,14,17,18,20,21,22,23,27,29,30],
[1,2,3,4,5,6,7,8,9,12,16,17,19,20,21,24,25,28,29,30],
[1,2,3,4,5,6,7,8,9,13,14,15,16,17,20,21,22,25,28,29],
[1,2,3,4,5,6,7,8,11,12,13,14,15,17,18,20,22,25,29,30],
[1,2,3,4,5,6,7,8,11,12,13,14,15,17,18,20,22,27,29,30],
[1,2,3,4,5,6,7,8,11,12,13,14,15,17,18,22,25,27,29,30],
[1,2,3,4,5,6,7,8,11,13,14,15,17,18,20,21,22,25,28,29],
[1,2,3,4,5,6,7,8,12,13,14,15,16,17,18,20,21,24,27,28],
[1,2,3,4,5,6,7,8,12,13,14,17,18,19,21,22,23,27,29,30],
[1,2,3,4,5,6,7,8,12,13,17,18,20,21,23,24,25,28,29,30],
[1,2,3,4,5,7,8,11,12,13,14,17,18,19,22,25,26,27,29,30],
[1,2,3,4,5,6,7,8,9,11,12,14,15,16,17,18,20,21,24,27,28],
[1,2,3,4,5,6,7,8,9,11,12,14,15,16,17,18,20,21,24,27,30],
[1,2,3,4,5,6,7,8,9,11,12,14,15,16,17,19,20,22,24,27,28],
[1,2,3,4,5,6,7,8,9,11,12,14,15,17,19,20,22,24,27,28,29],
[1,2,3,4,5,6,7,8,9,11,12,14,15,19,20,21,24,25,27,28,29],
[1,2,3,4,5,6,7,8,9,11,12,14,16,17,18,19,22,25,26,28,30],
[1,2,3,4,5,6,7,8,9,11,12,14,17,19,20,22,25,26,28,29,30],
[1,2,3,4,5,6,7,8,9,11,14,15,16,17,19,20,21,24,25,28,29],
[1,2,3,4,5,6,7,8,9,12,13,14,17,19,20,21,22,23,27,29,30],
[1,2,3,4,5,6,7,8,9,11,12,14,15,16,17,18,19,21,22,25,27,28],
[1,2,3,4,5,6,7,8,9,11,12,14,15,16,17,18,20,21,24,25,28,30],
[1,2,3,4,5,6,7,8,9,11,12,14,16,17,18,19,20,22,26,27,28,30],
[1,2,3,4,5,6,7,8,9,11,12,15,17,18,20,21,23,24,25,27,28,29],
[1,2,3,4,5,6,7,8,9,11,12,14,15,16,17,19,20,22,24,25,26,28,29],
[1,2,3,4,5,6,7,8,9,10,11,12,14,18,19,20,21,22,23,25,27,28,29,30],
[1,2,3,4,5,6,7,8,9,11,12,16,17,18,19,20,22,23,24,25,26,27,28,30],
[1,2,3,4,5,6,7,8,9,11,12,13,14,15,16,17,19,20,22,24,25,26,27,29,30]];
