return [[1,9,14,19,24,26,27,30,34,50,61,62,63,69,71,85,86,90,91,97,98,99],
[1,9,10,14,19,24,26,27,30,34,50,61,63,69,71,85,86,90,91,97,98,99],
[1,9,10,14,19,24,26,27,31,34,50,61,63,69,71,85,86,90,91,97,98,99],
[9,19,24,27,30,31,34,42,50,63,69,71,79,83,85,90,91,94,97,98,99,100],
[9,19,24,26,27,30,31,34,42,50,63,69,71,79,83,85,91,94,97,98,99,100],
[9,19,24,26,27,30,31,42,50,62,63,69,71,79,83,85,91,94,97,98,99,100],
[9,19,24,26,27,30,31,34,50,62,63,69,71,79,83,85,91,94,97,98,99,100],
[9,19,24,26,27,30,31,34,42,62,63,69,71,79,83,85,91,94,97,98,99,100],
[9,24,26,27,30,31,34,42,50,62,63,69,71,79,83,85,91,94,97,98,99,100],
[9,19,24,26,27,30,31,34,42,50,62,69,71,79,83,85,91,94,97,98,99,100],
[1,5,7,9,14,15,19,24,26,27,29,30,33,34,41,43,44,50,55,59,61,62,63,69,71,75,77,82,85,86,90,91,94,97,98,100],
[1,9,14,19,24,26,27,30,34,38,41,50,55,59,61,62,63,68,69,71,83,85,86,90,91,97,99],
[1,9,14,19,24,26,27,30,34,50,55,61,62,63,69,71,83,85,86,90,91,98,99],
[1,2,7,8,9,10,14,15,19,22,24,26,27,28,30,32,34,36,37,38,41,43,44,49,50,55,56,57,58,59,61,62,63,68,69,71,73,77,78,81,83,85,86,89,90,96,97,98,99,100],
[1,9,10,14,19,24,26,27,30,31,34,50,61,62,63,69,71,85,86,91,97,98,99],
[1,9,14,19,24,26,27,30,34,50,61,62,63,69,71,85,90,91,94,97,98,99],
[1,9,14,19,24,26,27,30,34,50,61,62,63,69,71,86,90,91,97,98,99,100],
[1,9,14,19,24,26,27,30,31,34,50,52,61,62,63,69,85,86,90,91,94,97,98,99],
[1,9,14,19,24,26,27,29,30,34,41,44,50,55,61,62,63,71,75,85,86,90,91,97,98,99,100],
[1,9,14,19,24,26,27,30,50,55,61,62,63,69,71,85,86,90,91,97,98,99],
[1,9,10,14,19,26,27,30,34,50,61,62,63,69,71,83,85,86,90,91,97,98,99],
[1,9,14,24,26,27,29,30,34,50,55,61,62,63,69,71,85,86,90,91,97,98,99,100],
[1,9,10,14,19,24,26,27,30,33,34,50,61,63,69,71,75,85,86,90,91,97,98],
[1,9,10,14,19,24,26,27,30,34,50,55,61,63,69,71,85,86,90,91,98,99],
[1,9,10,14,19,22,24,26,27,30,31,34,50,59,61,63,69,71,75,81,83,84,86,88,90,91,94,97,98,99,100],
[1,9,10,14,19,24,26,27,30,34,50,61,63,71,75,85,86,90,91,97,98,99],
[1,9,10,14,19,24,26,27,30,34,50,55,61,69,71,85,86,90,91,97,98,99],
[1,9,10,14,19,24,26,27,30,31,34,50,63,69,71,75,83,85,86,90,91,97,98,99],
[1,9,10,14,19,24,26,27,30,50,55,61,63,69,71,85,86,90,91,97,98,99],
[1,9,10,14,19,24,26,30,33,34,50,61,63,69,71,85,86,90,91,97,98,99],
[1,9,10,14,24,26,27,30,34,50,55,61,63,69,71,85,86,90,91,97,98,99],
[1,9,10,14,19,24,26,27,31,34,50,61,63,69,71,75,85,86,90,91,97,98],
[1,9,10,14,19,24,26,27,31,34,50,61,63,71,75,85,86,90,91,97,98,99],
[1,7,9,10,14,19,24,26,27,31,33,34,50,52,55,61,62,68,69,71,85,86,90,91,97,98,99],
[1,9,10,14,19,24,26,27,31,50,61,63,69,71,75,85,86,90,91,97,98,99],
[1,9,10,14,19,24,26,31,33,34,50,61,63,69,71,85,86,90,91,97,98,99],
[1,9,10,14,24,26,27,31,34,50,61,63,69,71,75,85,86,90,91,97,98,99],
[9,10,14,19,24,27,30,31,34,42,50,63,68,69,71,79,81,83,85,90,91,94,97,98,99],
[9,10,13,19,24,26,27,30,31,34,42,50,52,63,68,69,71,75,79,80,83,84,85,90,91,94,95,97,99,100],
[9,10,19,24,27,30,31,34,42,50,63,69,71,79,83,85,90,91,97,98,99,100],
[9,19,24,26,27,30,31,34,42,50,63,69,71,75,83,85,90,91,94,97,98,99,100],
[9,10,19,26,27,30,31,34,42,50,63,69,71,79,83,85,91,94,97,98,99,100],
[9,19,24,26,27,30,31,42,50,62,63,69,71,79,83,85,94,96,97,98,99,100],
[19,24,26,27,30,31,42,50,62,63,69,71,79,83,85,91,94,96,97,98,99,100],
[9,13,19,24,26,27,30,31,34,50,62,63,69,71,79,83,85,91,94,97,99,100],
[9,13,19,24,26,27,30,31,34,50,62,63,69,71,79,83,85,91,94,98,99,100],
[1,9,13,19,24,26,27,30,31,34,50,52,62,63,69,71,75,83,85,91,94,97,98,99,100],
[9,19,26,27,30,31,34,50,52,62,63,69,71,79,83,85,91,94,97,98,99,100],
[9,13,19,24,26,27,28,30,31,34,42,62,63,69,71,79,83,85,91,94,97,99,100],
[9,19,24,26,27,28,30,31,34,42,62,63,69,71,79,83,85,94,97,98,99,100],
[9,19,26,27,30,31,34,42,52,62,63,69,71,79,83,85,91,94,97,98,99,100],
[19,24,26,27,28,30,31,34,42,62,63,69,71,79,83,85,91,94,97,98,99,100],
[9,24,26,27,30,31,34,42,50,62,63,69,71,79,83,85,91,94,96,97,99,100],
[9,24,26,27,30,31,34,42,50,62,63,69,71,79,83,85,91,94,96,98,99,100],
[9,24,26,27,30,31,34,42,50,62,63,69,71,79,83,85,94,96,97,98,99,100],
[9,14,24,26,27,30,31,34,42,50,62,63,69,71,75,83,85,91,94,97,98,99,100],
[9,11,24,27,30,31,34,42,50,62,63,69,71,79,83,85,91,94,97,98,99,100],
[9,10,11,13,14,16,17,21,23,26,27,29,30,31,34,35,39,42,49,50,52,53,62,63,69,71,73,75,76,79,80,82,83,85,88,91,94,96,97,98,99,100],
[24,26,27,30,31,34,42,50,62,63,69,71,79,83,85,91,94,96,97,98,99,100],
[9,19,24,26,27,30,31,34,42,50,52,62,69,71,79,83,85,91,94,98,99,100],
[9,19,24,26,27,30,31,34,42,50,52,62,69,71,83,85,91,94,97,98,99,100],
[1,9,14,19,24,26,27,30,34,50,61,62,63,68,69,71,85,90,91,94,98,99],
[1,9,14,19,24,26,27,30,31,34,50,61,62,63,68,69,71,85,91,94,97,98,99],
[1,9,14,19,24,26,27,30,34,50,61,62,68,69,71,85,90,91,94,97,98,99],
[1,9,14,19,24,26,27,30,34,50,61,63,68,69,71,85,90,91,94,97,98,99],
[1,9,14,19,24,26,27,31,34,50,61,62,63,69,71,85,90,91,94,97,98,99],
[1,9,19,24,26,27,29,30,34,50,52,61,62,63,69,71,85,90,91,94,97,98,99],
[1,14,19,24,26,27,30,34,50,61,62,63,68,69,71,85,90,91,94,97,98,99],
[1,9,14,19,24,26,27,30,34,50,61,62,63,69,71,83,86,90,91,97,99,100],
[1,9,14,19,24,26,27,30,34,50,61,62,63,69,71,83,86,90,91,98,99,100],
[1,9,14,19,24,26,27,30,34,50,61,62,63,69,83,86,90,91,97,98,99,100],
[1,9,14,19,24,26,27,34,50,61,62,63,69,71,83,86,90,91,97,98,99,100],
[1,9,14,19,24,26,30,34,50,61,62,63,69,71,81,83,86,90,91,94,97,98,99,100],
[1,9,14,19,24,27,30,34,50,61,62,63,69,71,81,83,86,88,90,91,94,97,98,99,100],
[1,9,14,19,26,27,30,34,50,61,62,63,69,71,83,86,90,91,97,98,99,100],
[1,9,10,14,19,24,26,27,30,34,50,55,61,62,63,69,71,85,86,91,98,99],
[1,9,10,14,19,24,26,27,30,34,50,55,61,63,69,71,83,86,90,91,98,99],
[1,9,10,14,19,24,26,27,30,34,50,55,61,63,69,83,85,86,90,91,98,99],
[1,9,10,14,19,24,26,27,30,33,34,61,63,71,75,85,86,90,91,97,98,99],
[1,9,10,14,19,24,26,30,33,34,50,61,63,71,75,85,86,90,91,97,98,99],
[1,9,10,14,19,24,26,30,31,33,34,50,61,63,69,71,85,86,91,97,98,99],
[1,9,10,14,19,24,26,30,31,33,34,50,61,63,69,71,81,86,90,91,97,98,99],
[9,10,14,19,24,26,30,33,34,50,61,63,69,71,81,85,86,90,91,97,98,99],
[1,9,10,14,19,24,26,31,33,34,50,61,63,71,75,85,86,90,91,97,98,99],
[1,9,10,14,24,26,31,33,34,50,61,63,69,71,75,85,86,90,91,97,98,99],
[1,10,14,19,24,26,31,33,34,50,61,63,69,71,81,85,86,90,91,97,98,99],
[9,10,19,26,27,30,31,34,42,50,63,69,71,79,83,85,91,94,96,97,98,100],
[9,10,19,26,27,30,31,34,42,50,63,71,79,83,85,91,94,96,97,98,99,100],
[9,10,19,26,27,30,31,34,42,50,52,69,71,79,83,85,91,94,97,98,99,100],
[9,10,19,26,27,30,31,34,50,52,63,69,71,79,83,85,91,94,97,98,99,100],
[9,10,19,26,27,30,31,42,50,52,63,69,71,79,83,85,91,94,97,98,99,100],
[9,13,19,24,26,27,30,31,34,50,62,63,69,71,79,83,84,91,94,98,99,100],
[9,13,19,26,27,30,31,34,50,52,62,63,69,71,79,83,85,91,94,98,99,100],
[9,10,19,26,27,30,31,34,50,52,62,63,69,71,76,79,83,85,91,94,97,98,100],
[9,19,24,26,27,28,30,31,34,42,62,63,68,69,71,79,81,83,85,94,96,97,98,99],
[9,19,24,26,27,28,30,31,34,42,62,63,69,71,79,83,85,96,97,98,99,100],
[9,19,26,27,28,30,34,42,52,62,63,69,71,79,83,85,91,94,97,98,99,100],
[9,19,26,27,28,31,34,42,52,62,63,69,71,79,83,85,91,94,97,98,99,100],
[19,24,26,27,28,30,31,34,42,62,63,69,71,79,81,83,85,91,94,97,98,99],
[9,13,24,26,27,30,31,34,42,62,63,69,71,79,83,85,91,94,96,97,99,100],
[9,13,24,26,30,31,34,42,50,62,63,69,71,79,83,85,91,94,96,97,99,100],
[9,11,13,24,27,30,31,34,42,50,62,63,69,71,79,83,85,91,94,96,97,99,100],
[9,24,26,27,30,31,34,42,50,63,69,71,79,80,83,85,91,94,96,98,99,100],
[1,9,14,19,24,26,27,30,33,34,50,61,62,68,69,71,85,90,91,94,97,98],
[1,9,14,19,24,26,27,31,34,50,61,62,68,69,71,85,90,91,94,97,98,99],
[1,14,19,24,26,27,30,34,50,61,62,63,69,81,83,86,90,91,97,98,99,100],
[1,9,10,14,19,24,26,27,30,34,50,55,59,61,63,69,71,83,86,90,91,98],
[1,9,10,14,19,26,27,29,30,33,34,61,63,71,75,85,86,90,91,97,98,99],
[1,10,14,19,24,26,27,29,30,33,34,44,61,63,71,74,75,85,86,90,91,97,98,99],
[9,10,14,19,24,26,27,29,30,33,34,61,63,71,75,85,86,90,91,97,98,99],
[1,9,10,14,19,24,26,31,33,34,50,58,61,63,71,75,85,86,90,97,98,99],
[1,7,10,12,14,19,21,24,26,31,33,34,44,50,58,61,63,71,74,75,81,85,86,90,91,97,98,99],
[1,7,10,14,19,24,26,31,33,34,50,61,63,69,71,81,85,86,90,91,97,98],
[9,10,19,21,26,30,31,34,42,50,63,71,75,79,83,85,91,94,96,97,98,99,100],
[9,10,19,27,30,31,34,42,50,63,71,75,79,83,85,91,94,96,97,98,99,100],
[19,24,26,27,28,30,31,34,42,62,63,68,69,71,79,81,83,85,91,94,97,99],
[9,13,17,24,26,30,31,34,42,50,62,63,69,71,79,83,85,91,96,97,99,100],
[1,9,14,19,24,26,27,30,31,33,34,50,61,62,68,69,71,85,91,94,97,98],
[9,10,14,19,21,24,26,31,33,34,50,58,61,63,71,75,85,86,90,97,98,99],
[1,9,10,14,19,24,26,27,30,31,34,61,62,63,69,71,85,86,89,97,98,99],
[1,10,14,24,26,27,29,30,34,44,63,71,74,75,78,85,86,90,91,97,98,99],
[1,3,5,7,19,24,27,34,41,43,44,50,59,61,63,71,75,90,91,94,97,100],
[9,10,14,17,21,23,26,31,34,39,49,50,58,63,71,75,80,83,85,96,98,99]];
