return [[1,2,3,4,5,6,7,8,9,10,11,12,13,15,17,20,21,24,25],
[1,2,3,4,5,6,7,8,9,10,11,12,13,15,17,20,21,24,26],
[1,2,3,4,5,6,7,8,9,10,11,12,13,15,17,21,24,25,26],
[1,2,3,4,5,6,7,8,9,10,11,12,13,15,20,21,24,25,26],
[1,2,3,4,5,6,7,8,9,10,11,12,13,17,20,21,24,25,26],
[1,2,3,4,5,6,7,8,9,10,11,12,15,17,20,21,22,24,25],
[1,2,3,4,5,6,7,8,9,10,11,12,15,17,20,21,22,24,26],
[1,2,3,4,5,6,7,8,9,10,11,12,15,17,20,22,24,25,28],
[1,2,3,4,5,6,7,8,9,10,11,12,15,17,21,22,24,25,26],
[1,2,3,4,5,6,7,8,9,10,11,12,15,20,21,22,24,25,26],
[1,2,3,4,5,6,7,8,9,10,11,12,15,20,22,24,25,26,28],
[1,2,3,4,5,6,7,8,9,10,11,15,17,20,22,23,24,25,28],
[1,2,3,4,5,6,7,8,9,10,11,15,20,22,23,24,25,26,28],
[1,2,3,4,5,6,7,8,9,10,12,13,15,17,18,20,21,24,26],
[1,2,3,4,5,6,7,8,9,10,12,13,15,17,18,21,24,26,27],
[1,2,3,4,5,6,7,8,9,10,12,13,15,17,18,24,26,27,28],
[1,2,3,4,5,6,7,8,9,10,12,13,15,17,19,20,21,22,25],
[1,2,3,4,5,6,7,8,9,10,12,13,15,17,19,20,21,22,26],
[1,2,3,4,5,6,7,8,9,10,12,13,15,17,19,20,22,26,28],
[1,2,3,4,5,6,7,8,9,10,12,13,15,17,19,21,22,25,26],
[1,2,3,4,5,6,7,8,9,10,12,13,15,17,19,22,25,26,28],
[1,2,3,4,5,6,7,8,9,10,12,13,15,17,20,21,22,24,25],
[1,2,3,4,5,6,7,8,9,10,12,13,15,17,20,21,22,24,28],
[1,2,3,4,5,6,7,8,9,10,12,13,15,17,20,21,22,26,28],
[1,2,3,4,5,6,7,8,9,10,12,13,15,17,20,22,24,25,28],
[1,2,3,4,5,6,7,8,9,10,12,13,15,17,21,22,25,26,27],
[1,2,3,4,5,6,7,8,9,10,12,13,15,17,21,22,26,27,28],
[1,2,3,4,5,6,7,8,9,10,12,13,15,17,21,24,25,26,27],
[1,2,3,4,5,6,7,8,9,10,12,13,15,17,22,25,26,27,28],
[1,2,3,4,5,6,7,8,9,10,12,13,15,17,24,25,26,27,28],
[1,2,3,4,5,6,7,8,9,10,12,13,15,18,20,21,24,26,27],
[1,2,3,4,5,6,7,8,9,10,12,13,15,19,20,21,22,25,26],
[1,2,3,4,5,6,7,8,9,10,12,13,16,17,18,20,21,24,26],
[1,2,3,4,5,6,7,8,9,10,12,13,16,17,20,21,24,25,26],
[1,2,3,4,5,6,7,8,9,10,12,13,16,17,20,21,24,25,28],
[1,2,3,4,5,6,7,8,9,10,12,13,17,20,21,22,24,25,28],
[1,2,3,4,5,6,7,8,9,10,12,13,17,21,22,25,26,27,28],
[1,2,3,4,5,6,7,8,9,10,12,15,17,18,20,21,24,26,27],
[1,2,3,4,5,6,7,8,9,10,12,15,17,20,21,22,24,26,27],
[1,2,3,4,5,6,7,8,9,10,12,15,17,20,21,22,24,27,28],
[1,2,3,4,5,6,7,8,9,10,12,15,17,20,21,22,26,27,28],
[1,2,3,4,5,6,7,8,9,10,12,15,17,21,22,24,25,26,27],
[1,2,3,4,5,6,7,8,9,10,13,14,16,20,21,22,24,25,28],
[1,2,3,4,5,6,7,8,9,10,13,14,16,20,21,24,25,26,28],
[1,2,3,4,5,6,7,8,9,11,12,13,15,17,18,19,20,21,24],
[1,2,3,4,5,6,7,8,9,11,12,13,15,17,18,19,20,21,26],
[1,2,3,4,5,6,7,8,9,11,12,13,15,17,18,20,21,24,26],
[1,2,3,4,5,6,7,8,9,11,12,13,15,17,18,21,24,25,26],
[1,2,3,4,5,6,7,8,9,11,12,14,15,18,19,21,22,25,26],
[1,2,3,4,5,6,7,8,9,11,12,14,15,18,21,22,25,26,27],
[1,2,3,4,5,6,7,8,9,11,12,15,17,18,19,20,21,22,26],
[1,2,3,4,5,6,7,8,9,11,12,15,17,18,19,21,22,25,26],
[1,2,3,4,5,6,7,8,9,11,12,15,17,18,21,22,24,25,27],
[1,2,3,4,5,6,7,8,9,11,12,15,17,18,21,22,25,26,27],
[1,2,3,4,5,6,7,8,9,11,12,15,17,18,21,24,25,26,27],
[1,2,3,4,5,6,7,8,9,11,12,15,17,18,22,24,25,27,28],
[1,2,3,4,5,6,7,8,9,11,12,15,17,21,22,24,25,26,27],
[1,2,3,4,5,6,7,8,9,11,13,14,15,17,18,21,24,25,26],
[1,2,3,4,5,6,7,8,9,11,14,15,17,18,19,22,23,25,28],
[1,2,3,4,5,6,7,8,9,11,14,15,17,18,19,23,24,25,28],
[1,2,3,4,5,6,7,8,9,11,14,15,18,19,20,22,23,26,28],
[1,2,3,4,5,6,7,8,9,11,14,15,18,19,20,23,24,25,28],
[1,2,3,4,5,6,7,8,9,11,14,15,18,19,20,23,25,26,28],
[1,2,3,4,5,6,7,8,9,11,14,15,18,19,22,23,25,26,28],
[1,2,3,4,5,6,7,8,9,11,14,15,19,20,22,23,25,26,28],
[1,2,3,4,5,6,7,8,9,11,14,16,18,19,20,21,24,25,26],
[1,2,3,4,5,6,7,8,9,11,14,18,19,20,22,23,25,26,28],
[1,2,3,4,5,6,7,8,9,11,16,18,19,20,22,23,25,26,28],
[1,2,3,4,5,6,7,8,9,12,13,14,15,18,19,20,21,24,28],
[1,2,3,4,5,6,7,8,9,12,13,14,15,18,19,20,21,26,28],
[1,2,3,4,5,6,7,8,9,12,13,14,18,19,20,21,24,25,28],
[1,2,3,4,5,6,7,8,9,12,13,14,18,19,20,21,25,26,28],
[1,2,3,4,5,6,7,8,9,12,13,15,17,18,19,20,21,24,28],
[1,2,3,4,5,6,7,8,9,12,13,16,17,18,19,20,21,25,28],
[1,2,3,4,5,6,7,8,9,12,13,16,17,18,20,21,24,25,28],
[1,2,3,4,5,6,7,8,9,12,14,18,19,20,21,22,25,26,28],
[1,2,3,4,5,6,7,8,9,12,15,17,18,20,21,22,24,27,28],
[1,2,3,4,5,6,7,8,9,12,15,17,18,20,21,22,26,27,28],
[1,2,3,4,5,6,7,8,9,12,15,17,18,21,22,24,25,27,28],
[1,2,3,4,5,6,7,8,9,13,14,15,16,18,19,20,23,26,28],
[1,2,3,4,5,6,7,8,9,13,14,15,17,18,19,20,21,22,28],
[1,2,3,4,5,6,7,8,9,13,14,15,17,18,19,20,21,24,28],
[1,2,3,4,5,6,7,8,9,13,14,15,17,19,20,21,22,24,28],
[1,2,3,4,5,6,7,8,9,13,14,15,18,19,20,21,22,26,28],
[1,2,3,4,5,6,7,8,9,13,14,16,17,18,19,20,21,24,28],
[1,2,3,4,5,6,7,8,9,13,14,16,17,18,19,21,24,25,28],
[1,2,3,4,5,6,7,8,9,13,14,16,18,19,20,21,22,26,28],
[1,2,3,4,5,6,7,8,9,13,14,16,18,19,20,21,24,25,28],
[1,2,3,4,5,6,7,8,9,13,14,16,18,19,20,21,25,26,28],
[1,2,3,4,5,6,7,8,9,13,14,16,18,19,20,23,25,26,28],
[1,2,3,4,5,6,7,8,9,14,15,17,18,19,20,21,22,24,28],
[1,2,3,4,5,6,7,8,9,14,15,17,18,22,23,24,25,27,28],
[1,2,3,4,5,6,7,8,9,14,16,18,19,20,22,23,25,26,28],
[1,2,3,4,5,6,7,8,11,12,15,18,20,23,24,25,26,27,28],
[1,2,3,4,5,6,7,8,11,14,15,18,20,21,22,23,24,26,27],
[1,2,3,4,5,6,7,8,12,13,14,15,18,20,24,25,26,27,28],
[1,2,3,4,5,6,7,8,13,14,15,17,18,19,20,23,25,27,28],
[1,2,3,4,5,6,7,8,13,14,15,18,20,23,24,25,26,27,28],
[1,2,3,4,5,6,8,9,10,11,12,16,17,19,20,21,22,25,26],
[1,2,3,4,5,6,8,9,11,12,13,14,15,17,18,24,25,27,28],
[1,2,3,4,5,6,8,9,11,12,13,15,17,18,21,24,25,26,27],
[1,2,3,4,5,6,7,8,9,10,11,12,13,15,17,19,20,21,25,26],
[1,2,3,4,5,6,7,8,9,10,11,12,15,17,19,20,21,22,25,26],
[1,2,3,4,5,6,7,8,9,10,11,12,15,17,19,20,22,25,26,28],
[1,2,3,4,5,6,7,8,9,10,11,15,17,19,20,22,23,25,26,28],
[1,2,3,4,5,6,7,8,9,10,12,13,15,17,21,22,24,25,27,28],
[1,2,3,4,5,6,7,8,9,11,12,14,15,18,19,20,22,25,26,28],
[1,2,3,4,5,6,7,8,9,11,14,15,17,18,19,20,22,23,24,28],
[1,2,3,4,5,6,7,8,9,12,13,14,15,17,18,19,21,24,25,28],
[1,2,3,4,5,6,7,8,9,13,14,15,16,17,18,19,20,23,24,28],
[1,2,3,4,5,6,8,9,10,11,12,13,14,15,19,20,21,22,25,26],
[1,2,3,4,5,6,7,8,9,10,11,12,15,17,22,23,24,25,26,27,28],
[1,2,3,4,5,6,7,8,9,10,12,13,16,17,19,20,21,22,25,26,28],
[1,2,3,4,5,6,7,8,9,10,13,14,15,17,22,23,24,25,26,27,28],
[1,2,3,4,5,6,7,8,9,11,14,15,17,18,21,22,23,24,25,26,27],
[1,2,3,4,5,9,10,11,12,13,14,15,16,20,22,23,24,25,26,27,28],
[1,2,3,4,5,6,7,8,9,10,11,12,15,17,18,20,22,23,24,26,27,28],
[1,2,3,4,5,6,7,8,9,10,12,13,14,15,20,21,22,24,25,26,27,28],
[1,2,3,4,5,6,7,8,9,10,13,14,16,17,21,22,23,24,25,26,27,28],
[1,2,3,4,5,6,7,8,9,11,14,16,17,18,19,20,21,22,23,24,25,28],
[1,2,3,4,5,6,7,8,9,10,11,12,13,15,16,17,18,19,20,23,24,25,26,28],
[1,2,3,4,5,6,7,8,9,10,11,12,16,17,18,20,21,22,23,24,25,26,27,28]];
