return [[9,10,28,36,44,45,75,93,98,124,149,171,190,195,197,210,215,248,267,270,271,273,274],
[9,10,36,44,45,66,75,81,103,125,149,176,195,204,209,210,214,215,267,270,273,275],
[10,18,28,36,44,45,75,103,108,125,130,175,176,204,208,215,248,267,269,270,271,275],
[9,10,18,28,36,44,45,108,125,130,175,176,204,208,210,215,248,267,269,270,271,275],
[9,10,18,28,36,44,45,103,108,125,130,175,176,204,208,215,248,267,269,270,271,275],
[9,18,27,28,36,44,45,81,103,130,157,175,195,208,209,210,221,247,267,269,270,275],
[9,18,27,28,36,44,45,81,103,130,157,175,176,195,209,210,221,247,267,269,270,275],
[9,18,27,28,36,44,45,81,103,130,157,175,176,195,208,209,210,247,267,269,270,275],
[9,18,27,28,36,44,45,66,81,103,130,175,195,208,209,210,221,247,267,269,270,275],
[9,18,27,28,36,44,45,66,81,103,130,175,176,195,208,209,210,247,267,269,270,275],
[9,10,18,36,37,44,45,66,75,81,103,125,130,149,176,190,195,204,209,210,214,215,247,248,267,270,273],
[9,10,18,36,44,45,66,75,81,103,125,149,176,195,204,209,210,214,215,267,270,275],
[9,10,36,44,45,66,75,81,103,125,149,173,176,195,204,209,210,214,215,267,273,275],
[9,10,36,37,44,45,66,75,81,95,103,125,149,176,204,209,210,214,215,267,270,273,275],
[9,10,36,44,45,66,75,81,103,125,149,176,195,204,209,210,214,215,236,270,273,275],
[9,10,18,27,28,31,36,40,44,45,57,64,65,66,75,76,81,93,98,103,107,124,125,130,135,147,149,157,160,171,175,176,185,189,190,192,195,197,198,204,208,209,210,213,214,221,232,236,244,248,267,269,270,271,273,274,275],
[9,10,36,40,44,45,66,75,81,103,125,149,176,195,204,209,210,215,236,267,270,273,274,275],
[9,10,36,37,44,45,66,75,81,103,125,149,176,195,204,209,214,215,267,270,273,275],
[9,10,36,44,45,66,75,81,103,125,149,176,195,204,210,214,215,267,269,270,273,275],
[9,10,36,37,44,45,66,75,81,95,103,125,149,173,176,195,209,210,214,215,267,268,270,273,275],
[9,10,36,44,45,66,75,81,103,125,149,173,195,204,209,210,214,215,267,270,273,275],
[9,10,36,44,45,75,81,95,103,125,149,176,195,204,209,210,214,215,267,270,273,275],
[9,10,18,36,37,44,45,66,75,81,82,103,125,176,195,204,209,210,214,215,267,270,273,275],
[9,10,18,36,37,44,45,66,75,81,82,103,111,149,176,189,190,195,204,209,210,214,215,238,247,267,268,270,273,275],
[2,4,9,10,18,30,36,37,40,44,45,48,51,56,57,66,75,78,79,80,81,82,88,93,98,100,102,106,109,110,111,114,115,119,123,124,125,135,140,144,147,148,149,154,168,170,171,173,176,185,189,190,192,193,194,195,197,198,204,206,209,210,213,214,215,230,232,236,238,242,248,267,270,271,273,274,275],
[9,10,36,37,42,44,45,66,81,82,95,102,103,125,149,173,176,195,196,199,200,204,209,210,214,215,247,267,268,270,273,275],
[1,4,7,9,10,14,18,19,21,22,23,27,28,30,31,33,34,35,36,38,39,40,44,48,57,59,62,64,65,66,70,72,73,74,75,76,77,80,81,91,93,95,98,99,103,107,108,117,119,123,124,125,130,135,144,147,149,154,156,157,159,160,161,170,171,175,176,178,185,186,188,189,190,192,193,194,195,197,198,202,204,206,208,209,210,213,214,215,219,221,223,224,230,232,234,236,238,242,244,245,247,248,262,263,265,267,269,270,271,273,274,275],
[9,10,44,45,66,75,81,95,103,125,149,176,195,204,209,210,214,215,267,270,273,275],
[10,12,36,37,42,44,45,66,73,75,81,82,95,100,102,103,111,125,149,154,172,173,176,179,195,196,199,200,204,209,210,214,215,247,250,260,266,267,268,269,270,273,275],
[10,18,28,36,44,45,75,103,108,125,130,175,176,198,204,208,215,248,267,270,271,274,275],
[10,18,28,36,44,45,75,103,108,125,130,175,176,198,204,208,215,248,269,270,271,275],
[10,18,28,36,44,45,75,103,108,125,130,175,176,198,202,204,208,215,259,266,267,269,270,271,274,275],
[10,18,28,36,44,45,75,103,108,125,130,157,175,176,204,208,248,267,269,270,271,275],
[9,10,18,28,36,44,45,75,103,108,125,130,157,175,176,204,210,215,248,267,269,270,271,275],
[10,18,28,36,44,45,75,103,108,125,130,157,175,176,208,215,248,259,267,269,270,271,275],
[9,10,18,26,28,36,37,44,45,66,75,91,95,102,103,108,125,130,149,172,176,196,199,200,204,208,209,210,214,215,247,248,266,267,269,270,271,275],
[10,18,28,36,44,45,75,103,125,130,175,176,198,204,208,215,248,267,269,270,271,275],
[10,18,28,36,45,75,103,108,125,130,175,176,198,204,208,215,248,266,267,269,270,271,275],
[9,10,18,28,36,44,45,66,103,108,125,130,175,176,199,200,204,208,210,215,247,248,266,267,269,270,275],
[9,10,18,28,36,44,45,108,125,130,175,176,204,208,210,215,248,265,266,267,270,271,275],
[9,10,18,28,36,44,45,108,125,130,157,175,176,204,208,210,248,267,269,270,271,275],
[9,10,18,28,36,44,45,108,125,130,157,175,176,208,210,215,248,259,267,269,270,271,275],
[9,10,18,28,36,44,45,93,125,130,175,176,204,208,210,215,248,267,269,270,271,275],
[9,10,18,28,36,45,103,108,125,130,175,176,200,204,208,210,215,248,267,269,270,271,275],
[9,10,28,36,44,45,108,125,130,175,176,200,204,208,210,215,248,267,269,270,271,275],
[10,18,28,36,44,45,108,125,130,175,176,204,208,210,215,248,259,266,267,269,270,271,275],
[9,10,18,28,36,44,45,103,108,125,130,157,175,176,204,208,215,248,267,269,270,271],
[9,10,18,28,36,44,45,103,108,125,130,175,176,204,208,215,248,267,270,271,274,275],
[9,10,18,28,36,44,45,103,108,125,130,157,175,176,204,208,248,267,269,270,271,275],
[9,10,18,28,36,44,45,103,108,125,130,157,175,176,208,215,248,267,269,270,271,275],
[9,10,18,28,36,44,45,93,103,125,130,175,176,204,208,215,248,267,269,270,271,275],
[9,18,27,28,36,44,45,66,81,103,130,132,157,175,195,208,209,210,221,247,267,268,270,275],
[9,18,27,28,36,44,45,81,103,130,132,157,175,195,208,209,210,221,247,269,270,275],
[9,17,18,26,27,28,31,36,41,42,44,45,57,81,83,84,87,89,93,94,98,103,112,130,132,149,156,157,159,160,175,176,186,188,189,195,202,208,209,221,243,244,247,265,266,267,268,269,270,275],
[9,18,27,28,36,44,45,81,103,130,157,175,176,208,209,210,221,244,247,267,269,270,275],
[9,18,27,28,36,44,45,81,130,132,157,175,195,208,209,210,221,247,267,269,270,275],
[9,18,27,28,44,45,66,81,103,130,132,157,175,176,195,208,209,210,221,247,267,269,270,275],
[9,18,27,28,36,45,81,103,130,132,157,175,195,208,209,210,221,247,267,269,270,275],
[9,18,27,36,44,45,57,66,81,103,125,130,132,157,159,175,176,195,208,209,210,214,221,247,267,269,270,275],
[9,18,28,36,44,45,81,103,130,132,157,175,195,208,209,210,221,247,267,269,270,275],
[18,27,28,36,44,45,81,103,130,132,157,175,195,208,209,210,221,247,267,269,270,275],
[9,18,27,28,36,44,45,81,103,130,157,175,176,195,209,210,221,247,267,268,270,275],
[9,18,27,28,36,44,45,81,103,130,157,175,176,195,209,210,221,244,247,269,270,275],
[9,18,27,28,36,44,45,81,103,130,157,175,176,195,210,221,247,267,268,269,270,275],
[9,18,26,27,28,36,44,45,57,81,84,98,112,130,132,156,157,175,176,195,209,210,221,244,247,265,267,268,269,270,275],
[9,18,27,28,36,45,81,84,103,130,132,156,157,175,176,195,209,210,221,244,247,267,268,269,270,275],
[9,18,28,36,44,45,81,103,130,156,157,175,176,195,209,210,221,247,267,268,269,270,275],
[9,27,28,36,44,45,81,103,130,157,175,176,195,209,210,221,244,247,267,269,270,275],
[18,27,28,36,44,45,81,103,130,157,175,176,195,209,210,221,247,267,268,269,270,275],
[9,18,27,28,36,44,45,81,103,130,132,157,175,176,195,208,209,210,247,269,270,275],
[9,18,27,28,36,44,45,81,130,157,175,176,195,208,209,210,247,265,267,269,270,275],
[9,10,27,28,36,44,45,81,103,130,157,175,176,195,208,209,210,247,265,267,269,270,275],
[9,18,27,28,36,44,45,57,66,81,103,130,175,195,208,209,210,221,247,269,270,275],
[9,18,27,28,36,44,45,57,66,81,130,175,195,208,209,210,221,247,267,269,270,275],
[9,18,27,28,36,45,57,66,81,103,130,175,195,208,209,210,221,247,267,269,270,275],
[18,27,28,36,44,45,66,81,103,130,132,175,195,208,209,210,221,247,267,269,270,275],
[9,18,27,28,36,44,45,66,81,103,130,149,175,176,195,208,209,247,267,269,270,275],
[9,18,27,28,36,44,45,57,66,81,130,149,175,176,195,208,209,210,247,267,269,270,275],
[9,10,18,28,36,44,45,66,81,103,125,130,175,176,195,208,209,210,247,267,269,270,275],
[10,18,27,28,36,44,45,66,81,103,130,175,176,195,208,209,210,247,267,269,270,275],
[9,10,18,36,44,45,66,75,81,103,125,149,176,204,209,210,214,215,267,270,271,275],
[9,10,18,36,44,45,66,75,81,103,125,149,176,190,195,204,209,210,214,215,236,270,271,275],
[9,10,18,36,44,45,75,81,103,125,149,176,195,204,209,210,214,215,267,269,270,271,275],
[9,10,18,36,45,66,75,81,103,125,149,176,195,204,209,210,214,215,267,270,271,275],
[9,10,36,37,44,45,66,75,81,103,125,149,173,176,195,204,209,210,214,215,267,273],
[9,10,36,44,45,66,75,81,103,125,149,173,176,190,195,204,209,210,214,215,273,275],
[9,10,36,44,45,66,75,81,103,125,149,173,176,195,204,209,210,215,267,268,273,275],
[9,10,36,37,44,45,66,75,81,103,125,149,173,176,195,204,209,214,215,267,273,275],
[9,10,36,37,44,45,66,75,81,95,103,125,149,173,176,204,209,210,214,215,267,273,275],
[9,10,36,37,44,45,66,75,81,103,125,173,176,195,204,209,210,214,215,267,273,275],
[9,10,44,45,66,75,81,95,103,125,149,173,176,195,204,209,210,214,215,267,273,275],
[9,10,36,44,45,75,81,95,103,125,149,173,176,195,204,209,210,214,215,267,273,275],
[9,10,36,44,66,75,81,95,103,125,149,173,176,195,204,209,210,214,215,267,273,275],
[9,10,36,44,45,66,75,81,103,125,149,176,190,195,204,209,210,214,215,236,270,273],
[9,10,36,44,45,66,75,81,103,125,149,176,190,195,204,209,210,214,215,236,273,275],
[9,10,36,44,45,66,75,81,103,125,149,173,195,204,209,210,214,215,236,270,273,275],
[9,10,36,40,44,45,66,75,82,103,125,149,176,195,196,204,209,210,214,215,236,270,273,275],
[9,10,44,45,66,75,81,95,103,125,149,176,195,204,209,210,214,215,236,270,273,275],
[9,10,18,36,44,45,66,75,81,82,103,125,176,190,195,204,209,210,214,215,236,270,273,274,275],
[9,10,36,44,45,66,75,81,103,149,176,190,195,204,209,210,214,215,236,270,273,275],
[9,10,36,44,45,66,81,82,103,125,149,176,195,204,209,210,214,215,236,270,273,275],
[10,36,44,45,66,73,75,81,82,103,125,149,176,195,204,209,210,214,215,236,270,273,275],
[9,10,36,37,44,45,66,75,81,103,125,149,154,173,195,204,209,214,215,267,270,273,275],
[9,10,37,44,45,66,75,81,95,102,103,125,149,154,173,176,195,197,204,209,214,215,236,267,270,273,275],
[9,10,36,44,45,66,75,103,125,149,176,195,199,204,210,214,215,267,269,270,273,275],
[9,10,36,44,45,75,81,95,103,125,149,176,195,204,210,214,215,267,269,270,273,275],
[9,10,36,44,45,66,75,81,95,103,125,149,173,204,209,210,214,215,267,270,273,275],
[9,10,36,44,45,75,81,95,103,125,149,173,195,204,209,210,214,215,267,270,273,275],
[9,10,44,45,66,75,81,95,103,125,149,173,195,204,209,210,214,215,267,270,273,275],
[9,10,36,44,66,75,81,95,103,125,149,173,195,204,209,210,214,215,267,270,273,275],
[9,10,36,44,45,75,81,95,103,125,149,176,195,204,209,210,214,215,267,269,270,275],
[9,10,36,44,45,75,81,95,103,125,149,176,195,204,209,210,215,267,269,270,273,275],
[9,10,44,45,66,75,81,95,103,125,149,176,195,204,209,210,214,236,267,270,273,275],
[9,10,44,45,66,75,81,95,103,125,149,176,195,204,209,210,215,236,267,270,273,275],
[9,10,18,30,37,44,45,56,66,75,81,82,95,102,103,125,154,173,176,195,197,199,204,209,210,214,215,236,260,267,270,273,274,275],
[9,10,45,66,75,81,95,103,125,149,173,176,195,204,209,210,214,215,236,267,270,273,275],
[10,18,28,36,44,45,75,76,103,108,125,130,175,198,204,208,215,248,269,270,271,274,275],
[10,18,28,36,44,45,75,103,108,125,130,157,175,176,204,208,267,269,270,271,274,275],
[10,18,28,36,44,45,75,103,125,130,175,198,204,208,215,248,267,269,270,271,274,275],
[10,18,28,36,44,45,93,103,125,130,175,176,198,204,208,215,248,267,269,270,271,275],
[10,18,28,44,45,75,103,125,130,175,176,197,198,204,208,215,248,267,269,270,271,274,275],
[9,10,18,28,36,44,45,108,125,130,157,175,176,204,208,210,248,267,270,271,274,275],
[9,10,18,28,36,44,45,103,108,125,130,157,175,176,204,208,210,248,269,270,271,275],
[9,10,18,28,36,44,45,80,108,125,157,175,176,204,208,210,248,267,269,270,271,275],
[9,10,18,28,36,45,103,108,125,130,157,175,176,204,208,210,248,267,269,270,271,275],
[9,10,28,36,44,45,108,125,130,157,175,176,204,208,210,248,265,267,269,270,271,275],
[9,18,26,28,36,44,45,108,125,130,157,175,176,204,208,210,248,267,269,270,271,275],
[9,10,18,28,36,44,45,93,125,130,175,176,204,208,210,215,248,265,267,270,271,275],
[9,10,18,28,36,44,45,81,93,130,175,176,204,208,210,215,248,267,269,270,271,275],
[9,10,18,28,44,45,81,93,125,130,175,176,204,208,210,215,248,267,269,270,271,275],
[9,10,18,36,44,45,81,93,125,130,175,176,204,208,210,215,248,267,269,270,271,275],
[9,18,28,36,44,45,93,125,130,175,176,204,208,210,215,248,265,267,269,270,271,275],
[10,18,28,36,44,45,93,125,130,175,176,204,208,210,215,248,265,267,269,270,271,275],
[9,10,18,28,36,44,45,103,108,125,130,157,175,176,199,204,208,215,248,267,269,270],
[9,10,18,28,36,44,45,75,103,108,125,130,175,176,204,215,248,267,270,271,274,275],
[9,10,18,28,36,44,45,76,103,108,125,130,157,175,176,208,215,248,269,270,271,275],
[9,18,27,28,36,44,45,81,103,130,132,157,175,195,208,209,210,221,244,247,269,270],
[9,18,27,28,36,44,45,81,103,130,132,157,175,195,209,210,221,244,247,269,270,275],
[9,18,27,28,36,44,45,81,103,130,132,157,175,208,209,210,221,244,247,269,270,275],
[9,18,27,28,36,44,45,81,103,130,132,175,195,208,209,210,221,244,247,269,270,275],
[9,18,27,28,36,44,45,81,103,132,157,175,195,208,209,210,221,244,247,269,270,275],
[9,18,27,28,36,44,45,81,130,132,157,175,195,208,209,210,247,265,267,269,270,275],
[9,18,27,28,36,44,45,57,81,130,132,175,195,208,209,210,221,247,267,269,270,275],
[9,18,27,28,36,44,81,130,132,157,175,195,208,209,210,221,247,265,267,269,270,275],
[9,27,28,36,44,45,81,130,132,157,175,195,208,209,210,221,247,265,267,269,270,275],
[9,18,27,28,36,45,81,103,130,132,157,175,208,209,210,221,244,247,267,269,270,275],
[9,18,27,28,36,45,57,81,103,130,132,175,195,208,209,210,221,247,267,269,270,275],
[9,18,27,28,36,45,81,103,112,132,157,175,195,208,209,210,221,244,247,267,269,270,275],
[9,18,27,28,36,81,103,130,132,157,175,195,208,209,210,221,247,265,267,269,270,275],
[9,18,28,36,44,45,81,103,130,132,157,175,195,209,210,221,247,267,268,269,270,275],
[9,18,28,36,44,81,103,130,132,156,157,175,195,208,209,210,221,247,267,269,270,275],
[9,28,36,44,45,81,103,130,132,157,175,195,208,209,210,221,247,267,268,269,270,275],
[18,27,28,36,44,45,81,103,130,132,157,175,208,209,210,221,247,267,268,269,270,275],
[27,28,36,44,45,81,103,130,132,157,175,195,208,209,210,221,247,267,268,269,270,275],
[9,18,27,28,36,44,45,66,81,103,130,157,175,176,189,190,195,209,210,221,247,267,268,270],
[9,18,27,28,44,45,66,81,103,130,132,157,175,176,195,209,210,221,247,267,268,270,275],
[9,27,28,36,44,45,81,103,130,157,175,176,195,209,210,221,244,247,267,268,270,275],
[9,18,27,28,36,44,45,81,103,130,132,157,175,176,195,209,210,221,244,247,268,270,275],
[9,18,27,28,36,44,45,66,81,103,130,175,176,195,209,210,221,247,267,268,270,275],
[9,18,27,28,36,44,45,81,103,130,157,175,176,209,210,221,244,247,267,268,270,275],
[9,18,27,28,36,44,45,81,103,130,132,157,175,176,195,209,210,244,247,269,270,275],
[9,18,27,28,36,44,45,103,130,132,157,175,176,195,209,210,221,244,247,269,270,275],
[9,18,27,28,36,44,45,81,103,130,132,157,175,176,195,210,221,244,247,269,270,275],
[9,18,27,28,36,44,45,81,103,130,132,157,176,195,209,210,221,244,247,269,270,275],
[9,18,27,28,36,44,45,57,81,103,130,175,176,195,209,210,221,244,247,269,270,275],
[9,18,27,36,44,45,81,103,130,132,157,175,176,195,209,210,221,244,247,269,270,275],
[9,18,27,28,44,45,81,103,130,132,157,175,176,195,209,210,221,244,247,269,270,275],
[9,27,28,36,44,45,81,103,130,157,175,176,195,210,221,244,247,267,268,269,270,275],
[9,27,28,36,44,45,81,103,130,149,175,176,195,209,210,221,244,247,267,269,270,275],
[9,28,36,44,45,81,103,130,157,175,176,195,209,210,221,244,247,267,268,269,270,275],
[27,28,36,44,45,81,103,130,157,175,176,195,209,210,221,244,247,267,268,269,270,275],
[18,27,28,36,44,45,81,103,130,157,175,176,209,210,221,244,247,267,268,269,270,275],
[9,18,27,28,36,44,45,81,103,130,132,157,175,176,208,209,210,244,247,269,270,275],
[9,18,27,28,36,44,45,81,130,132,157,175,176,195,208,209,210,247,265,269,270,275],
[9,27,28,36,44,45,81,103,130,132,157,175,176,195,208,209,210,247,265,269,270,275],
[9,18,27,36,44,45,81,130,132,157,175,176,195,208,209,210,247,265,267,269,270,275],
[9,18,27,28,36,44,45,57,81,130,175,176,195,208,209,210,247,265,267,269,270,275],
[9,18,27,28,36,44,45,57,81,157,175,176,195,208,209,210,247,265,267,269,270,275],
[9,18,27,28,36,44,45,130,132,157,175,176,195,208,209,210,247,265,267,269,270,275],
[9,18,27,28,44,45,81,130,132,157,175,176,195,208,209,210,247,265,267,269,270,275],
[9,18,27,28,36,44,45,57,81,103,130,175,195,208,209,210,221,244,247,269,270,275],
[9,18,27,28,44,45,57,66,81,103,130,132,175,195,208,209,210,221,247,269,270,275],
[18,27,28,36,44,45,57,65,66,81,103,130,175,195,208,209,210,221,247,269,270,275],
[9,18,27,28,44,45,57,66,81,130,132,175,176,195,208,209,210,221,247,267,269,270,275],
[9,18,27,28,45,57,66,81,103,130,132,175,195,208,209,210,221,247,267,269,270,275],
[18,27,28,36,44,45,65,66,81,103,130,132,175,195,208,209,210,221,247,269,270,275],
[18,27,28,36,44,45,66,81,103,130,132,175,195,208,209,210,247,266,267,269,270,275],
[18,27,28,36,44,45,66,81,130,132,175,195,208,209,210,221,247,266,267,269,270,275],
[10,18,27,28,36,44,45,66,81,103,130,149,175,176,195,208,209,247,266,267,269,270,275],
[9,10,18,36,44,45,66,75,81,103,125,149,176,204,210,214,215,267,269,270,271,275],
[9,10,18,36,45,66,81,102,103,125,149,176,195,204,209,210,214,215,267,270,271,275],
[9,10,36,37,44,45,75,81,95,103,125,149,173,176,195,196,204,209,210,214,215,267,273],
[9,10,36,37,44,66,75,81,95,103,125,149,173,176,195,204,209,210,214,215,267,273],
[9,10,36,37,45,66,75,81,103,125,149,173,176,190,195,204,209,210,214,215,267,273],
[9,10,37,44,45,66,75,81,95,103,125,149,173,176,195,204,209,210,214,215,267,273],
[9,36,44,45,66,75,81,103,125,149,173,176,190,195,204,209,210,214,215,236,273,275],
[9,10,36,44,45,66,75,81,103,125,149,173,190,195,204,209,210,214,215,236,273,275],
[9,10,36,44,45,66,75,81,82,103,125,173,176,190,195,204,209,210,214,215,273,275],
[9,10,36,44,45,75,81,103,125,149,173,176,190,195,204,209,210,214,215,236,273,275],
[9,10,36,44,45,66,73,75,81,103,125,149,173,176,195,204,209,210,215,268,273,275],
[9,10,36,44,45,66,75,81,82,103,125,173,176,195,204,209,210,215,267,268,273,274,275],
[9,10,36,37,44,45,66,75,81,82,103,125,173,176,195,204,209,210,214,215,273,275],
[9,10,36,37,44,45,66,75,81,82,103,125,173,176,195,204,209,210,215,267,273,275],
[9,10,36,37,44,45,66,75,81,103,125,173,176,195,199,204,210,214,215,267,273,275],
[9,10,36,37,45,66,75,81,82,103,125,173,176,195,204,209,210,214,215,267,273,275],
[9,10,36,44,45,75,81,95,103,125,149,173,176,195,196,204,209,210,214,215,273,275],
[9,10,36,44,48,66,73,75,81,95,125,149,173,176,195,204,209,210,213,214,215,267,273,275],
[9,10,36,44,45,75,81,103,125,149,176,190,195,204,209,210,214,215,236,270,271,273],
[9,10,36,45,66,75,81,103,125,149,176,190,195,204,209,210,214,215,236,270,271,273],
[9,10,36,40,44,45,66,75,81,103,125,149,176,190,195,204,209,210,215,236,273,275],
[9,10,36,44,45,66,75,81,103,125,173,195,204,209,210,214,215,236,270,273,274,275],
[9,10,36,44,45,66,75,81,103,149,173,195,204,209,210,214,215,236,270,273,274,275],
[9,10,44,45,66,75,81,95,103,125,149,173,176,195,209,210,214,215,236,270,273,275],
[9,10,36,44,45,66,75,81,103,149,176,190,195,204,209,210,215,236,270,273,274,275],
[9,10,36,44,45,66,75,103,125,149,176,195,199,204,214,215,248,267,269,270,273,275],
[9,10,36,44,45,66,75,125,149,176,195,199,204,210,214,215,248,267,269,270,273,275],
[9,10,36,44,45,66,103,125,149,176,195,199,200,204,210,214,215,267,269,270,273,275],
[9,10,36,37,44,45,66,75,81,95,103,125,173,204,209,210,214,215,267,270,273,275],
[9,10,36,37,44,45,66,75,81,95,103,149,173,204,209,210,214,215,267,270,273,275],
[9,10,36,37,44,45,66,75,81,95,125,149,173,204,209,210,214,215,267,270,273,275],
[9,10,36,44,45,75,81,95,103,125,149,173,195,204,209,210,215,236,267,270,273,275],
[9,10,36,44,45,75,81,95,103,125,149,176,204,209,210,214,215,267,269,270,271,275],
[9,10,36,44,45,75,81,95,103,125,149,195,204,209,210,215,236,267,269,270,273,275],
[9,10,44,45,75,81,95,103,125,149,176,195,204,209,210,215,236,267,269,270,273,275],
[9,10,36,44,45,75,81,103,125,149,176,195,204,209,210,215,236,267,269,270,273,275],
[9,10,36,44,45,81,95,103,125,149,176,195,196,204,209,210,215,267,269,270,273,275],
[9,10,44,45,66,81,95,103,125,149,176,195,204,209,210,214,236,267,269,270,273,275],
[10,44,45,66,75,81,95,103,125,149,176,195,204,209,210,214,236,267,269,270,273,275],
[10,44,45,66,75,81,95,103,125,149,176,195,204,209,210,215,236,267,269,270,273,275],
[10,18,28,36,44,45,75,103,108,125,130,157,175,176,198,204,208,269,270,271,274,275],
[10,18,28,36,44,45,75,103,108,125,130,157,175,176,202,208,259,267,269,270,271,274,275],
[10,18,28,36,44,45,75,103,108,125,130,157,176,202,204,208,267,269,270,271,274,275],
[10,18,28,36,44,45,66,75,103,125,130,175,198,204,208,215,248,267,269,270,274,275],
[9,10,18,28,36,44,45,80,108,125,157,175,176,204,208,210,244,248,269,270,271,275],
[9,18,26,28,36,44,45,80,108,125,157,175,176,204,208,210,248,267,269,270,271,275],
[9,10,28,36,44,45,125,130,157,175,176,204,208,210,244,248,265,267,269,270,271,275],
[9,10,18,28,36,44,45,81,93,130,175,176,204,208,210,215,247,248,267,269,270,271],
[9,10,18,28,44,45,66,81,93,125,130,147,175,176,204,208,210,215,248,267,270,271,275],
[9,10,18,28,36,44,45,103,108,125,130,157,175,176,199,204,210,215,248,267,269,270],
[9,18,27,28,36,44,45,65,81,103,130,132,157,175,195,208,209,210,221,244,247,270],
[9,18,27,28,36,44,45,65,103,130,132,157,175,195,208,209,210,221,244,247,269,270],
[18,27,28,36,44,45,65,81,103,130,132,157,175,195,208,209,210,221,244,247,269,270],
[9,18,27,28,36,44,45,81,103,130,132,157,175,208,209,210,221,244,247,268,270,275],
[9,18,27,28,44,45,81,103,130,132,157,175,176,208,209,210,221,244,247,269,270,275],
[9,18,27,28,36,44,45,57,103,130,132,175,195,208,209,210,221,244,247,269,270,275],
[9,18,27,28,36,45,57,81,103,130,132,175,195,208,209,210,221,244,247,269,270,275],
[9,18,27,28,44,45,57,81,103,130,132,175,195,208,209,210,221,244,247,269,270,275],
[9,18,27,36,44,45,57,81,103,130,132,175,195,208,209,210,221,244,247,269,270,275],
[9,18,28,36,44,45,57,81,103,130,132,175,195,208,209,210,221,244,247,269,270,275],
[9,27,28,36,44,45,81,130,132,157,195,208,209,210,221,247,265,267,268,269,270,275],
[9,28,36,44,45,81,130,132,157,175,195,208,209,210,221,247,265,267,268,269,270,275],
[27,28,36,44,45,81,130,132,157,175,195,208,209,210,221,247,265,267,268,269,270,275],
[9,18,28,36,44,45,81,103,130,132,157,175,176,195,209,210,247,267,268,269,270,275],
[9,28,36,44,45,81,103,130,132,157,175,195,208,209,210,247,265,267,268,269,270,275],
[9,28,36,44,45,81,103,130,132,157,175,208,209,210,221,244,247,267,268,269,270,275],
[10,27,28,36,44,45,81,103,130,132,157,175,195,208,209,210,247,265,267,268,269,270,275],
[9,27,28,36,44,45,81,103,130,149,175,176,195,209,210,221,244,247,267,268,270,275],
[9,27,28,36,44,45,66,81,103,130,149,175,176,195,209,210,221,247,267,268,270,275],
[9,18,27,28,36,44,45,66,81,103,130,175,176,189,209,210,221,247,267,268,270,275],
[9,18,27,28,36,44,103,130,132,156,157,175,176,195,209,210,221,244,247,269,270,275],
[9,27,28,36,44,45,81,103,130,132,157,176,195,209,210,221,244,247,268,269,270,275],
[9,18,27,28,36,44,45,57,81,103,130,149,176,195,209,210,221,244,247,269,270,275],
[9,18,27,36,44,45,57,81,103,130,132,175,176,195,209,210,221,244,247,269,270,275],
[9,27,28,36,44,45,57,81,103,130,149,175,176,195,209,210,221,244,247,269,270,275],
[9,18,27,28,36,45,57,81,103,130,175,176,195,209,210,221,244,247,267,269,270,275],
[9,18,27,28,44,45,57,81,103,130,132,175,176,195,209,210,221,244,247,269,270,275],
[9,18,27,36,44,45,57,81,103,130,132,157,175,176,195,209,210,221,244,269,270,275],
[9,10,27,28,36,44,45,81,103,132,157,175,176,195,208,209,210,247,265,269,270,275],
[9,18,27,28,44,45,57,81,132,157,175,176,195,208,209,210,247,265,267,269,270,275],
[9,18,27,28,44,45,57,66,81,103,130,132,175,176,195,209,210,221,247,269,270,275],
[9,27,28,44,45,57,66,81,103,130,132,175,195,208,209,210,221,244,247,269,270,275],
[18,27,28,44,45,57,65,66,81,103,130,132,175,195,208,209,210,221,247,269,270,275],
[18,27,28,36,44,45,57,65,66,81,103,130,175,208,209,210,221,244,247,269,270,275],
[27,28,36,44,45,57,65,66,81,103,130,175,195,208,209,210,221,244,247,269,270,275],
[9,27,28,45,57,64,66,81,103,130,132,175,195,208,209,210,221,247,267,269,270,275],
[9,10,37,44,45,66,75,81,95,103,125,149,173,176,195,196,204,209,210,214,215,273],
[9,36,44,45,66,75,81,82,103,125,173,176,190,195,204,209,210,214,215,236,273,275],
[9,10,36,37,44,45,66,75,81,82,103,125,173,176,195,204,209,215,267,273,274,275],
[9,10,36,37,44,45,66,75,82,103,125,173,176,195,204,209,210,215,267,268,273,275],
[9,10,36,44,45,75,81,95,103,125,149,173,176,195,196,204,210,214,215,269,273,275],
[9,10,36,44,45,66,75,81,103,149,176,190,195,204,209,210,215,267,270,273,274,275],
[9,10,36,37,44,45,66,75,81,95,103,125,173,199,204,210,214,215,267,270,273,275],
[9,10,36,37,44,45,66,75,81,95,103,149,173,199,204,210,214,215,267,270,273,275],
[9,10,36,44,45,81,93,103,125,149,176,195,204,209,210,215,236,267,269,270,273,275],
[9,10,45,64,66,81,95,103,125,149,176,195,204,209,210,214,236,267,269,270,273,275],
[10,18,28,44,45,66,75,103,125,130,175,197,198,204,208,215,248,267,269,270,274,275],
[9,10,28,36,44,45,80,108,125,157,175,176,204,208,210,244,248,265,269,270,271,275],
[27,28,36,44,45,65,76,81,103,130,132,157,175,195,208,209,210,221,244,247,269,270],
[9,28,36,44,45,81,103,130,132,157,175,176,195,209,210,247,265,267,268,269,270,275],
[9,18,27,28,44,45,57,66,81,130,132,175,176,195,209,210,221,247,267,268,270,275],
[9,18,36,44,45,51,66,75,81,82,103,125,176,190,195,209,210,214,215,236,270,275],
[10,11,27,28,45,64,65,76,107,124,135,157,171,185,208,210,214,244,248,269,270,271],
[4,30,48,56,68,75,79,110,125,140,154,171,173,192,195,197,206,214,230,232,236,273]];
