return [[1,2,3,4,5,6,7,8,9,10,12,16,18,20,21,22,23,24,25,26,33],
[1,2,3,4,5,6,7,8,9,10,12,16,18,20,21,22,23,24,26,33,34],
[1,2,3,4,5,6,7,8,9,10,12,16,18,21,22,23,24,25,26,33,34],
[1,2,3,4,5,6,7,8,9,10,12,16,19,20,21,22,23,25,30,32,33],
[1,2,3,4,5,6,7,8,9,10,12,16,19,20,21,22,25,26,31,32,33],
[1,2,3,4,5,6,7,8,9,10,12,16,19,20,21,22,25,27,30,32,33],
[1,2,3,4,5,6,7,8,9,10,12,16,19,20,21,22,25,27,31,32,33],
[1,2,3,4,5,6,7,8,9,10,12,16,19,20,21,22,27,30,31,32,33],
[1,2,3,4,5,6,7,8,9,10,12,16,19,20,22,23,24,25,26,30,32],
[1,2,3,4,5,6,7,8,9,10,12,16,19,20,22,23,24,25,30,32,33],
[1,2,3,4,5,6,7,8,9,10,12,16,19,20,22,24,25,26,30,31,32],
[1,2,3,4,5,6,7,8,9,10,12,16,19,20,22,24,25,26,31,32,33],
[1,2,3,4,5,6,7,8,9,10,12,16,19,20,22,24,25,30,31,32,33],
[1,2,3,4,5,6,7,8,9,10,12,16,19,20,22,25,27,30,31,32,33],
[1,2,3,4,5,6,7,8,9,10,12,16,19,21,22,23,24,25,26,33,34],
[1,2,3,4,5,6,7,8,9,10,12,16,19,22,23,24,25,26,31,33,34],
[1,2,3,4,5,6,7,8,9,10,12,16,19,22,23,24,25,30,31,33,34],
[1,2,3,4,5,6,7,8,9,10,12,16,20,22,23,24,25,26,30,32,33],
[1,2,3,4,5,6,7,8,9,10,12,16,20,22,24,25,26,30,31,32,33],
[1,2,3,4,5,6,7,8,9,10,14,16,18,20,21,22,23,24,25,26,30],
[1,2,3,4,5,6,7,8,9,10,14,16,18,20,21,22,24,25,26,30,33],
[1,2,3,4,5,6,7,8,9,10,14,16,18,21,22,23,24,25,26,30,33],
[1,2,3,4,5,6,7,8,9,10,14,16,18,21,22,23,24,25,26,33,34],
[1,2,3,4,5,6,7,8,9,10,14,16,19,20,21,22,23,24,25,26,30],
[1,2,3,4,5,6,7,8,9,10,14,16,19,20,21,22,25,27,30,31,33],
[1,2,3,4,5,6,7,8,9,10,16,18,20,21,22,23,24,25,26,30,33],
[1,2,3,4,5,6,7,8,9,10,16,19,20,21,22,23,24,25,26,30,32],
[1,2,3,4,5,6,7,8,9,10,16,19,20,21,22,25,27,30,31,32,33],
[1,2,3,4,5,6,7,8,9,10,16,19,21,22,23,24,25,26,30,32,33],
[1,2,3,4,5,6,7,8,9,10,16,19,21,22,23,25,26,30,31,32,33],
[1,2,3,4,5,6,7,8,9,10,16,20,21,22,23,24,25,26,30,32,33],
[1,2,3,4,5,6,7,8,9,11,12,14,16,17,20,21,22,24,26,31,33],
[1,2,3,4,5,6,7,8,9,11,12,14,16,19,20,21,22,25,26,29,32],
[1,2,3,4,5,6,7,8,9,11,12,14,16,19,20,21,22,25,26,31,32],
[1,2,3,4,5,6,7,8,9,11,12,15,16,19,20,21,22,26,31,32,33],
[1,2,3,4,5,6,7,8,9,11,12,15,16,19,20,21,24,26,31,32,33],
[1,2,3,4,5,6,7,8,9,11,12,16,19,20,21,22,25,26,29,32,33],
[1,2,3,4,5,6,7,8,9,11,12,16,19,20,21,24,25,26,29,32,33],
[1,2,3,4,5,6,7,8,9,11,12,16,19,20,21,24,25,29,30,32,33],
[1,2,3,4,5,6,7,8,9,11,12,16,19,20,24,25,29,30,31,32,33],
[1,2,3,4,5,6,7,8,9,11,12,16,19,21,23,24,25,29,30,32,33],
[1,2,3,4,5,6,7,8,9,11,12,16,20,22,24,25,29,30,31,32,33],
[1,2,3,4,5,6,7,8,9,11,16,17,20,21,22,24,26,30,31,32,33],
[1,2,3,4,5,6,7,8,9,12,14,16,19,20,21,22,23,24,25,26,29],
[1,2,3,4,5,6,7,8,9,12,14,16,19,20,21,22,23,24,26,29,30],
[1,2,3,4,5,6,7,8,9,12,14,16,19,20,22,23,24,25,26,29,30],
[1,2,3,4,5,6,7,8,9,12,14,16,19,22,23,24,25,26,31,33,34],
[1,2,3,4,5,6,7,8,9,12,15,16,19,20,21,22,24,26,29,32,33],
[1,2,3,4,5,6,7,8,9,12,15,16,19,20,21,22,24,29,30,32,33],
[1,2,3,4,5,6,7,8,9,12,15,16,19,20,21,22,29,30,31,32,33],
[1,2,3,4,5,6,7,8,9,12,15,16,19,20,22,24,29,30,31,32,33],
[1,2,3,4,5,6,7,8,9,12,16,19,20,21,22,23,24,26,29,30,32],
[1,2,3,4,5,6,7,8,9,12,16,19,20,21,22,23,24,29,30,32,33],
[1,2,3,4,5,6,7,8,9,12,16,19,20,21,22,23,25,29,30,32,33],
[1,2,3,4,5,6,7,8,9,12,16,19,20,21,23,24,25,29,30,32,33],
[1,2,3,4,5,6,7,8,9,12,16,19,20,22,23,24,25,26,29,30,32],
[1,2,3,4,5,6,7,8,9,12,16,19,20,22,23,24,25,29,30,32,33],
[1,2,3,4,5,6,7,8,9,12,16,19,20,22,24,25,29,30,31,32,33],
[1,2,3,4,5,6,7,8,9,13,14,16,19,21,22,23,24,25,26,29,30],
[1,2,3,4,5,6,7,8,9,13,16,19,21,22,23,24,25,26,29,30,33],
[1,2,3,4,5,6,7,8,9,14,16,19,20,21,22,23,24,25,26,29,30],
[1,2,3,4,5,6,7,8,9,16,19,20,21,22,23,24,25,26,29,30,32],
[1,2,3,4,5,6,7,8,9,16,19,21,22,23,24,25,26,29,30,32,33],
[1,2,3,4,5,6,7,9,10,12,15,16,18,20,21,22,23,24,26,29,33],
[1,2,3,4,5,6,7,9,10,12,15,16,18,20,21,22,23,24,27,29,33],
[1,2,3,4,5,6,7,9,10,12,15,16,18,20,22,23,24,25,26,29,33],
[1,2,3,4,5,6,7,9,10,12,15,16,18,20,22,23,24,25,27,29,33],
[1,2,3,4,5,6,7,9,10,12,15,16,19,20,21,22,23,26,27,31,32],
[1,2,3,4,5,6,7,9,10,12,15,16,19,20,21,22,23,27,29,32,33],
[1,2,3,4,5,6,7,9,10,12,15,16,19,20,21,22,23,27,31,32,33],
[1,2,3,4,5,6,7,9,10,12,15,16,19,20,21,22,25,27,29,32,33],
[1,2,3,4,5,6,7,9,10,12,15,16,19,20,21,23,26,27,28,31,32],
[1,2,3,4,5,6,7,9,10,12,15,16,19,20,22,23,24,25,26,29,32],
[1,2,3,4,5,6,7,9,10,12,15,16,19,20,22,23,24,25,26,31,32],
[1,2,3,4,5,6,7,9,10,12,15,16,19,20,22,23,25,26,27,31,32],
[1,2,3,4,5,6,7,9,10,12,15,16,19,21,22,23,25,26,27,32,33],
[1,2,3,4,5,6,7,9,10,12,15,16,19,21,22,23,25,26,29,32,33],
[1,2,3,4,5,6,7,9,10,12,15,16,19,21,22,23,25,27,29,32,33],
[1,2,3,4,5,6,7,9,10,12,15,16,19,21,22,23,26,27,31,32,33],
[1,2,3,4,5,6,7,9,10,12,15,16,19,21,23,26,27,28,31,32,33],
[1,2,3,4,5,6,7,9,10,12,15,16,19,22,23,24,25,26,29,32,33],
[1,2,3,4,5,6,7,9,10,12,15,16,19,22,23,25,26,27,31,32,33],
[1,2,3,4,5,6,7,9,10,12,15,16,20,21,22,23,26,27,31,32,33],
[1,2,3,4,5,6,7,9,10,12,15,16,20,21,23,26,27,28,31,32,33],
[1,2,3,4,5,6,7,9,10,12,15,16,20,22,23,24,25,26,29,32,33],
[1,2,3,4,5,6,7,9,10,12,16,18,19,20,21,22,23,24,25,26,29],
[1,2,3,4,5,6,7,9,10,12,16,18,20,21,22,23,24,25,26,29,33],
[1,2,3,4,5,6,7,9,10,12,16,19,20,21,22,23,25,27,29,32,33],
[1,2,3,4,5,6,7,9,10,13,14,15,16,19,20,21,22,24,26,30,31],
[1,2,3,4,5,6,7,9,10,13,14,15,16,19,21,22,23,24,26,30,31],
[1,2,3,4,5,6,7,9,10,13,14,16,19,20,21,22,24,25,26,29,30],
[1,2,3,4,5,6,7,9,10,13,14,16,19,20,21,22,24,25,26,30,31],
[1,2,3,4,5,6,7,9,10,13,14,16,19,21,22,23,24,25,29,30,33],
[1,2,3,4,5,6,7,9,10,13,14,16,19,21,22,23,25,27,29,30,33],
[1,2,3,4,5,6,7,9,10,13,14,16,19,21,22,23,25,27,30,31,33],
[1,2,3,4,5,6,7,9,10,13,14,16,19,21,22,25,27,29,30,31,33],
[1,2,3,4,5,6,7,9,10,13,14,16,19,21,23,24,25,27,29,30,33],
[1,2,3,4,5,6,7,9,10,13,15,16,19,21,22,23,25,26,27,31,33],
[1,2,3,4,5,6,7,9,10,13,15,16,19,21,22,23,25,26,31,32,33],
[1,2,3,4,5,6,7,9,10,13,15,16,19,21,23,25,26,27,28,31,33],
[1,2,3,4,5,6,7,9,10,14,15,16,19,20,21,22,23,24,26,30,31],
[1,2,3,4,5,6,7,9,10,14,15,16,19,20,21,22,23,24,27,29,30],
[1,2,3,4,5,6,7,9,10,14,15,16,19,20,21,22,23,24,27,30,31],
[1,2,3,4,5,6,7,9,10,15,16,19,20,21,22,23,24,27,29,30,33],
[1,2,3,4,5,6,7,9,10,15,16,19,20,21,22,23,27,29,30,32,33],
[1,2,3,4,5,6,7,9,10,15,16,19,21,22,23,25,26,27,31,32,33],
[1,2,3,4,5,6,7,9,10,15,16,19,21,23,25,26,27,28,31,32,33],
[1,2,3,4,5,6,7,9,11,12,14,16,19,20,21,22,25,26,27,29,32],
[1,2,3,4,5,6,7,9,11,12,14,16,19,20,21,23,25,26,27,29,32],
[1,2,3,4,5,6,7,9,11,12,15,16,19,20,21,22,25,26,27,29,32],
[1,2,3,4,5,6,7,9,11,12,15,16,20,21,22,25,26,27,29,32,33],
[1,2,3,4,5,6,7,9,12,14,15,16,17,19,20,21,22,23,24,26,31],
[1,2,3,4,5,6,7,9,12,14,15,16,18,20,21,22,23,24,27,29,33],
[1,2,3,4,5,6,7,9,12,14,15,16,19,20,21,22,23,26,27,29,32],
[1,2,3,4,5,6,7,9,12,14,15,16,19,20,21,22,23,26,27,31,32],
[1,2,3,4,5,6,7,9,12,14,16,18,20,21,22,23,25,27,29,32,33],
[1,2,3,4,5,6,8,9,10,13,14,16,19,20,22,24,25,26,30,31,34],
[1,2,3,4,5,6,9,10,11,13,15,16,17,19,20,21,24,26,27,30,31],
[1,2,3,4,5,6,9,10,11,13,16,19,23,24,25,26,27,30,31,32,33],
[1,2,3,4,5,6,9,10,12,15,16,17,19,20,22,23,24,26,27,31,34],
[1,2,3,4,5,6,9,10,12,15,16,17,20,21,22,23,26,27,31,32,33],
[1,2,3,4,5,6,9,10,13,14,15,16,19,20,21,22,23,24,27,29,30],
[1,2,3,4,5,6,9,10,13,14,16,17,21,22,23,24,27,30,31,33,34],
[1,2,3,4,5,6,9,10,13,14,16,19,20,21,22,23,24,25,27,29,30],
[1,2,3,4,5,6,9,10,13,14,16,19,21,22,23,24,25,27,29,30,33],
[1,2,3,4,5,6,9,10,13,14,16,19,21,22,23,25,26,27,30,31,34],
[1,2,3,4,5,6,9,10,13,14,16,19,21,22,23,25,27,30,31,33,34],
[1,2,3,4,5,6,9,10,13,15,16,17,19,21,23,24,27,30,31,33,34],
[1,2,3,4,5,6,9,10,13,15,16,17,21,22,23,24,27,30,31,33,34],
[1,2,3,4,5,6,9,11,12,13,14,16,19,23,24,25,27,29,30,31,33],
[1,2,3,4,5,6,9,11,12,13,15,16,17,19,23,24,26,27,31,32,33],
[1,2,3,4,5,6,9,12,13,14,15,16,17,19,22,23,24,26,27,31,34],
[1,2,3,4,5,6,9,12,13,14,16,17,22,23,24,25,27,30,31,33,34],
[1,2,3,4,5,6,9,12,14,15,16,17,19,20,22,23,24,26,27,31,34],
[1,2,3,4,5,6,9,13,14,15,16,17,19,21,22,23,27,30,31,33,34],
[1,2,3,4,5,7,9,12,14,15,16,17,18,20,22,23,24,26,30,31,34],
[1,2,3,5,6,7,8,9,11,12,14,16,19,20,22,24,25,26,30,31,34],
[1,2,4,5,7,9,10,13,15,16,18,19,21,22,23,25,27,29,30,32,33],
[1,2,3,4,5,6,7,8,9,10,12,16,19,21,22,23,25,26,31,32,33,34],
[1,2,3,4,5,6,7,8,9,10,12,16,19,22,23,24,25,26,30,31,32,33],
[1,2,3,4,5,6,7,8,9,10,16,19,20,21,22,23,24,25,29,30,32,33],
[1,2,3,4,5,6,7,8,9,11,12,14,16,17,20,21,22,24,29,30,31,33],
[1,2,3,4,5,6,7,8,9,12,14,16,19,20,21,22,23,25,26,29,30,32],
[1,2,3,4,5,6,7,9,10,12,15,16,19,20,21,22,23,25,26,27,29,32],
[1,2,3,4,5,6,7,9,10,13,14,15,16,19,20,21,22,23,24,26,29,30],
[1,2,3,4,5,6,7,9,11,12,14,15,16,19,20,21,23,26,27,28,29,32],
[1,2,3,4,5,6,9,11,12,13,14,15,16,17,19,21,22,23,26,27,31,32],
[1,2,3,4,5,6,9,12,13,14,15,16,17,19,22,23,24,27,30,31,33,34],
[1,2,3,4,5,6,7,8,9,10,12,14,16,18,19,20,21,22,23,24,25,26,34],
[1,2,3,4,5,6,7,8,9,10,12,14,16,19,20,22,23,24,25,26,30,31,34],
[1,2,3,4,5,6,7,8,9,10,12,16,19,20,21,22,23,24,25,26,29,32,33],
[1,2,3,4,5,6,7,8,9,10,12,16,19,21,22,23,25,27,30,31,32,33,34],
[1,2,3,4,5,6,7,8,9,11,12,14,16,17,20,22,24,25,26,30,31,32,33],
[1,2,3,4,5,6,7,9,10,12,15,16,18,20,21,22,23,25,26,27,29,32,33],
[1,2,3,4,5,6,7,9,10,13,15,16,19,21,22,23,25,27,29,30,31,32,33],
[1,2,3,4,5,6,9,10,11,13,15,16,17,19,21,23,24,26,27,30,31,32,33],
[1,2,3,4,5,6,7,8,9,10,13,14,16,19,21,22,23,24,25,26,30,31,33,34],
[1,2,3,4,5,6,7,8,9,11,12,14,16,19,20,21,22,25,27,29,30,31,32,33],
[1,2,3,4,5,6,7,9,10,12,15,16,19,20,22,23,24,25,27,29,30,31,32,33],
[1,2,3,4,5,6,7,9,11,12,14,15,16,19,20,23,24,25,26,27,28,29,31,32],
[1,2,3,4,5,6,9,10,13,14,15,16,17,19,20,21,22,23,24,26,27,30,31,34],
[1,2,3,4,5,6,9,11,12,13,14,15,16,17,19,21,22,23,27,29,30,31,32,33],
[1,2,3,4,5,6,7,8,9,10,12,14,16,17,18,20,22,23,24,25,26,30,31,33,34],
[1,2,3,4,5,6,7,9,10,11,13,15,16,19,21,23,24,25,27,28,29,30,31,32,33],
[1,2,3,4,5,6,7,8,9,10,11,13,15,16,19,20,21,22,24,25,26,29,30,31,32,33],
[1,2,3,4,5,6,7,8,9,11,12,14,16,17,18,20,21,22,23,24,25,26,29,30,32,33],
[1,2,3,4,5,6,7,8,9,10,12,14,16,17,18,20,21,22,23,25,26,27,30,31,32,33,34],
[1,2,3,4,5,6,7,9,10,11,13,14,15,16,19,20,21,23,24,25,26,27,28,29,30,31,32],
[1,2,3,4,5,6,7,8,9,10,11,12,13,14,15,16,18,19,20,21,22,24,25,26,27,28,29,31,33,34],
[1,2,3,4,5,6,7,9,10,11,13,14,15,16,17,18,20,21,22,23,24,25,26,27,28,29,30,31,32,33],
[1,2,3,4,5,6,7,8,9,10,11,12,13,14,15,17,18,19,20,21,22,23,24,25,26,27,28,29,30,31,32,33,34]];
