return [[1,2,3,4,5,6,7,8,9,10,11,12,14,19,20,22,23,28,29,31],
[1,2,3,4,5,6,7,8,9,10,11,12,14,19,20,22,23,28,31,33],
[1,2,3,4,5,6,7,8,9,10,11,12,14,19,20,22,28,29,31,33],
[1,2,3,4,5,6,7,8,9,10,11,12,14,19,20,23,28,29,31,33],
[1,2,3,4,5,6,7,8,9,10,11,12,14,20,22,23,27,28,29,33],
[1,2,3,4,5,6,7,8,9,10,11,12,14,20,23,27,28,29,33,34],
[1,2,3,4,5,6,7,8,9,10,11,12,14,20,23,27,29,31,33,34],
[1,2,3,4,5,6,7,8,9,10,11,12,14,20,23,28,29,31,33,34],
[1,2,3,4,5,6,7,8,9,10,11,12,14,23,27,28,29,31,33,34],
[1,2,3,4,5,6,7,8,9,10,11,12,19,20,22,23,28,29,31,33],
[1,2,3,4,5,6,7,8,9,10,11,13,14,17,18,23,24,27,28,31],
[1,2,3,4,5,6,7,8,9,10,11,13,14,21,23,24,27,28,29,31],
[1,2,3,4,5,6,7,8,9,10,11,13,14,21,24,27,28,29,31,33],
[1,2,3,4,5,6,7,8,9,10,11,13,15,17,18,19,20,23,31,33],
[1,2,3,4,5,6,7,8,9,10,11,13,15,17,18,20,27,29,33,35],
[1,2,3,4,5,6,7,8,9,10,11,13,15,17,18,20,27,31,33,35],
[1,2,3,4,5,6,7,8,9,10,11,13,15,17,19,23,27,28,29,31],
[1,2,3,4,5,6,7,8,9,10,11,13,15,17,19,23,28,29,31,33],
[1,2,3,4,5,6,7,8,9,10,11,13,15,17,23,27,28,29,31,33],
[1,2,3,4,5,6,7,8,9,10,11,13,15,19,23,27,28,29,31,33],
[1,2,3,4,5,6,7,8,9,10,11,13,16,17,19,20,23,29,31,33],
[1,2,3,4,5,6,7,8,9,10,11,13,16,17,19,23,28,29,31,33],
[1,2,3,4,5,6,7,8,9,10,11,13,16,17,23,28,29,31,33,34],
[1,2,3,4,5,6,7,8,9,10,11,13,16,19,21,23,28,29,31,33],
[1,2,3,4,5,6,7,8,9,10,11,13,17,18,22,23,24,27,28,31],
[1,2,3,4,5,6,7,8,9,10,11,13,17,23,27,28,29,31,33,34],
[1,2,3,4,5,6,7,8,9,10,11,13,18,19,22,23,24,27,28,31],
[1,2,3,4,5,6,7,8,9,10,11,13,18,19,22,24,27,28,31,33],
[1,2,3,4,5,6,7,8,9,10,11,13,19,21,23,24,27,29,31,33],
[1,2,3,4,5,6,7,8,9,10,11,13,19,21,23,24,28,29,31,33],
[1,2,3,4,5,6,7,8,9,10,11,13,19,22,24,27,28,29,31,33],
[1,2,3,4,5,6,7,8,9,10,11,13,19,23,24,27,28,29,31,33],
[1,2,3,4,5,6,7,8,9,10,11,13,21,23,24,27,28,29,31,33],
[1,2,3,4,5,6,7,8,9,10,11,14,18,20,22,24,27,29,33,35],
[1,2,3,4,5,6,7,8,9,10,11,15,17,19,22,23,27,28,29,31],
[1,2,3,4,5,6,7,8,9,10,11,15,19,22,23,27,28,29,31,33],
[1,2,3,4,5,6,7,8,9,10,13,15,18,19,23,26,27,29,31,33],
[1,2,3,4,5,6,7,8,9,10,13,17,18,19,22,27,28,29,31,33],
[1,2,3,4,5,6,7,8,9,10,13,18,19,22,24,27,28,29,31,33],
[1,2,3,4,5,6,7,8,9,11,13,14,17,18,19,22,27,28,29,31],
[1,2,3,4,5,6,7,8,9,11,13,14,18,19,23,24,27,28,31,33],
[1,2,3,4,5,6,7,8,9,11,13,17,18,19,22,27,28,29,31,33],
[1,2,3,4,5,6,7,8,9,11,14,18,19,22,23,24,27,28,31,33],
[1,2,3,4,5,6,7,8,9,11,14,19,20,22,23,24,27,28,29,33],
[1,2,3,4,5,6,7,8,9,11,14,19,20,23,24,27,28,29,30,33],
[1,2,3,4,5,6,7,8,10,11,13,14,17,19,21,23,24,27,28,29],
[1,2,3,4,5,6,7,8,10,11,13,15,17,19,23,27,28,29,31,33],
[1,2,3,4,5,6,7,8,10,11,13,17,18,19,21,23,25,27,31,33],
[1,2,3,4,5,6,7,8,10,11,13,17,18,19,22,23,24,27,28,31],
[1,2,3,4,5,6,7,8,10,11,13,17,18,19,23,25,27,28,31,33],
[1,2,3,4,5,6,7,8,10,11,13,17,19,21,23,25,27,28,31,33],
[1,2,3,4,5,6,7,8,10,11,13,19,21,23,24,27,28,29,31,33],
[1,2,3,4,5,6,7,8,10,11,14,19,21,23,24,25,27,28,31,33],
[1,2,3,4,5,6,7,8,10,11,17,18,19,20,22,24,25,27,28,33],
[1,2,3,4,5,6,7,8,10,14,16,18,19,20,21,23,25,27,31,33],
[1,2,3,4,5,6,7,8,10,14,16,18,19,20,21,23,26,27,31,33],
[1,2,3,4,5,6,7,8,10,14,16,18,19,21,23,25,27,28,31,33],
[1,2,3,4,5,6,7,9,10,11,13,15,17,18,21,27,28,29,31,33],
[1,2,3,4,5,6,7,9,10,11,13,15,17,18,21,27,29,31,33,35],
[1,2,3,4,5,6,7,10,11,13,15,17,18,19,21,23,27,28,31,33],
[1,2,3,4,5,6,7,10,11,13,15,17,19,21,23,27,28,29,31,33],
[1,2,3,4,5,6,7,10,11,13,17,18,19,21,23,25,27,28,31,33],
[1,2,3,4,5,6,7,10,11,14,17,18,19,20,21,23,25,27,28,31],
[1,2,3,4,5,6,7,10,11,15,17,18,19,20,21,23,27,28,31,33],
[1,2,3,4,5,6,7,10,11,17,18,19,20,21,23,25,27,28,31,33],
[1,2,3,4,5,6,8,9,10,13,15,16,18,19,23,24,26,27,31,33],
[1,2,3,4,5,6,8,9,10,13,15,16,18,19,23,24,27,28,31,33],
[1,2,3,4,5,6,8,9,10,13,15,16,19,23,24,26,27,29,31,33],
[1,2,3,4,5,6,8,9,10,13,15,16,19,23,24,27,28,29,31,33],
[1,2,3,4,5,6,8,10,11,13,15,16,19,21,23,24,27,29,31,33],
[1,2,3,4,5,6,8,10,11,13,15,16,19,23,24,27,28,29,31,33],
[1,2,3,4,5,6,8,10,13,15,16,18,19,21,23,24,26,27,31,33],
[1,2,3,4,5,6,9,11,14,15,16,18,19,20,21,23,24,28,31,33],
[1,2,3,4,5,6,9,14,15,16,18,19,21,23,24,26,27,28,29,31],
[1,2,3,4,5,6,10,11,13,15,16,19,21,23,24,27,28,29,31,33],
[1,2,4,5,6,10,13,15,16,18,19,21,23,24,25,26,27,28,31,33],
[1,2,3,4,5,6,7,8,9,10,11,12,14,19,20,22,23,24,28,29,33],
[1,2,3,4,5,6,7,8,9,10,11,13,15,17,18,22,27,29,31,33,35],
[1,2,3,4,5,6,7,8,9,10,11,13,15,17,19,22,27,28,29,31,33],
[1,2,3,4,5,6,7,8,9,10,11,13,16,19,20,21,23,24,28,29,33],
[1,2,3,4,5,6,7,8,9,10,14,16,18,19,20,21,23,24,26,29,33],
[1,2,3,4,5,6,7,8,9,11,13,14,18,19,22,24,27,28,29,31,33],
[1,2,3,4,5,6,7,8,10,11,13,18,19,21,23,24,25,27,28,31,33],
[1,2,3,4,5,6,7,8,9,10,11,12,14,17,20,22,23,27,28,29,31,34],
[1,2,3,4,5,6,7,8,9,10,11,13,15,17,18,19,22,23,27,28,31,33],
[1,2,3,4,5,6,7,8,10,11,13,14,17,18,19,21,23,24,25,27,28,31],
[1,2,3,4,5,6,9,10,13,15,16,18,19,21,23,24,26,27,28,29,31,33],
[1,2,3,4,5,6,7,8,9,10,11,12,14,19,20,22,23,24,26,27,29,31,33],
[1,2,3,4,6,7,8,10,12,14,16,18,19,20,21,23,24,25,26,27,31,33,35],
[1,2,3,4,5,6,7,8,9,10,13,14,16,18,19,21,23,24,26,27,28,29,31,33],
[1,2,3,4,5,6,7,8,9,10,11,13,14,16,17,18,19,20,21,23,24,25,28,31,32],
[1,2,3,4,5,6,7,8,9,10,11,13,15,17,18,19,20,22,23,24,27,28,29,30,33],
[1,2,3,4,5,6,7,8,9,10,11,13,14,15,17,18,19,20,21,22,23,24,26,27,29,31,32,35]];
