return [[1,2,3,4,5,6,7,8,9,12,17,19,20,21,22,23,25,27,29],
[1,2,3,4,5,6,7,8,9,12,17,19,20,21,22,23,25,27,31],
[1,2,3,4,5,6,7,8,9,12,17,19,20,21,23,25,26,27,29],
[1,2,3,4,5,6,7,8,9,12,17,19,20,21,23,25,26,27,31],
[1,2,3,4,5,6,7,8,9,12,17,19,20,22,23,25,27,29,31],
[1,2,3,4,5,6,7,8,9,12,17,19,20,23,25,26,27,29,31],
[1,2,3,4,5,6,7,8,9,12,19,20,21,23,25,26,27,29,31],
[1,2,3,4,5,6,7,8,10,11,12,18,19,20,21,24,25,26,31],
[1,2,3,4,5,6,7,8,10,11,12,19,20,21,24,25,26,27,31],
[1,2,3,4,5,6,7,8,10,11,17,18,20,21,24,25,26,27,31],
[1,2,3,4,5,6,7,8,10,11,17,19,20,21,24,25,26,27,31],
[1,2,3,4,5,6,7,8,10,12,15,17,18,19,20,25,27,29,31],
[1,2,3,4,5,6,7,8,10,12,15,17,18,19,23,25,27,29,31],
[1,2,3,4,5,6,7,8,10,12,15,17,18,21,22,23,27,29,31],
[1,2,3,4,5,6,7,8,10,12,15,18,20,21,22,23,27,29,31],
[1,2,3,4,5,6,7,8,10,12,17,18,19,21,23,25,26,27,29],
[1,2,3,4,5,6,7,8,10,12,17,18,19,23,25,26,27,29,31],
[1,2,3,4,5,6,7,8,10,15,17,18,19,20,23,25,27,29,31],
[1,2,3,4,5,6,7,8,10,15,17,18,20,21,22,23,27,29,31],
[1,2,3,4,5,6,7,8,10,15,17,18,20,21,23,25,27,29,31],
[1,2,3,4,5,6,7,8,10,17,18,19,20,23,25,26,27,29,31],
[1,2,3,4,5,6,7,8,10,17,18,20,21,23,24,25,26,27,31],
[1,2,3,4,5,6,7,8,10,17,18,20,21,23,25,26,27,29,31],
[1,2,3,4,5,6,7,8,11,12,17,18,20,21,23,24,25,26,31],
[1,2,3,4,5,6,7,8,12,15,17,18,20,21,23,25,27,29,31],
[1,2,3,4,5,6,7,9,10,12,14,17,21,22,23,26,27,29,31],
[1,2,3,4,5,6,7,9,10,12,14,20,21,22,23,26,27,29,31],
[1,2,3,4,5,6,7,9,10,12,16,17,19,23,25,26,27,29,31],
[1,2,3,4,5,6,7,9,10,12,16,19,20,23,25,26,27,29,31],
[1,2,3,4,5,6,7,9,10,12,19,20,21,22,23,26,27,29,31],
[1,2,3,4,5,6,7,9,10,12,19,20,21,23,25,26,27,29,31],
[1,2,3,4,5,6,7,9,10,14,16,17,20,23,25,26,27,29,31],
[1,2,3,4,5,6,7,9,10,14,17,20,21,22,23,26,27,29,31],
[1,2,3,4,5,6,7,9,10,14,17,20,21,23,25,26,27,29,31],
[1,2,3,4,5,6,7,9,10,16,17,19,20,23,25,26,27,29,31],
[1,2,3,4,5,6,7,9,10,17,19,20,21,22,23,26,27,29,31],
[1,2,3,4,5,6,7,9,12,14,16,17,18,20,21,23,25,26,29],
[1,2,3,4,5,6,7,9,12,14,16,17,18,20,21,23,25,26,31],
[1,2,3,4,5,6,7,9,12,14,16,17,18,20,23,25,26,29,31],
[1,2,3,4,5,6,7,9,12,14,16,17,20,23,25,26,27,29,31],
[1,2,3,4,5,6,7,9,12,16,17,19,20,23,25,26,27,29,31],
[1,2,3,4,5,6,7,10,11,12,14,17,18,21,24,25,26,27,31],
[1,2,3,4,5,6,7,10,11,14,17,18,20,21,24,25,26,27,31],
[1,2,3,4,5,6,7,10,12,13,14,17,18,21,23,25,26,27,29],
[1,2,3,4,5,6,7,10,12,13,14,18,20,21,23,24,25,27,31],
[1,2,3,4,5,6,7,10,12,13,18,19,20,21,23,24,25,27,29],
[1,2,3,4,5,6,7,10,12,13,19,20,21,23,24,25,26,27,29],
[1,2,3,4,5,6,7,10,12,15,17,18,19,20,23,25,27,29,31],
[1,2,3,4,5,6,7,10,12,15,17,19,20,22,23,25,27,29,31],
[1,2,3,4,5,6,7,10,13,14,17,18,20,21,23,24,25,26,27],
[1,2,3,4,5,6,7,10,13,14,17,18,20,21,23,24,25,27,31],
[1,2,3,4,5,6,7,10,13,14,17,18,20,21,23,25,26,27,29],
[1,2,3,4,5,6,7,10,14,17,18,20,21,23,24,25,26,27,31],
[1,2,3,4,5,6,7,12,13,14,17,18,20,21,23,24,25,26,27],
[1,2,3,4,5,6,7,12,13,14,17,18,20,21,23,24,25,27,31],
[1,2,3,4,5,6,7,12,13,14,17,18,20,21,23,25,26,27,29],
[1,2,3,4,5,6,8,9,10,11,12,15,17,18,21,25,27,28,31],
[1,2,3,4,5,6,8,9,10,11,12,15,18,21,25,26,27,28,31],
[1,2,3,4,5,6,8,9,10,11,12,15,19,21,25,26,27,28,31],
[1,2,3,4,5,6,8,9,10,11,12,17,18,19,25,26,27,29,31],
[1,2,3,4,5,6,8,9,10,11,12,17,18,21,25,26,27,28,31],
[1,2,3,4,5,6,8,9,10,11,13,15,17,18,19,20,21,25,29],
[1,2,3,4,5,6,8,9,10,11,13,15,17,18,19,20,25,29,31],
[1,2,3,4,5,6,8,9,10,11,13,17,18,19,20,21,25,26,29],
[1,2,3,4,5,6,8,9,10,11,13,17,18,19,20,21,26,29,30],
[1,2,3,4,5,6,8,9,10,11,13,17,19,20,21,25,26,27,29],
[1,2,3,4,5,6,8,9,10,11,13,17,19,20,21,26,27,29,30],
[1,2,3,4,5,6,8,9,10,11,14,17,18,20,21,25,26,29,31],
[1,2,3,4,5,6,8,9,10,11,14,17,18,20,21,26,27,30,31],
[1,2,3,4,5,6,8,9,10,11,14,17,18,20,21,26,29,30,31],
[1,2,3,4,5,6,8,9,10,11,14,17,18,21,26,27,29,30,31],
[1,2,3,4,5,6,8,9,10,11,14,17,20,21,26,27,29,30,31],
[1,2,3,4,5,6,8,9,10,11,17,19,20,21,26,27,29,30,31],
[1,2,3,4,5,6,8,9,10,12,15,17,18,19,25,26,27,29,31],
[1,2,3,4,5,6,8,9,10,12,15,19,20,21,22,25,27,29,31],
[1,2,3,4,5,6,8,9,10,13,15,17,18,19,20,25,27,29,31],
[1,2,3,4,5,6,8,9,10,13,15,17,18,19,20,27,29,30,31],
[1,2,3,4,5,6,8,9,10,13,15,17,18,20,21,27,29,30,31],
[1,2,3,4,5,6,8,9,10,13,15,17,19,20,21,22,25,27,29],
[1,2,3,4,5,6,8,9,10,14,17,18,20,21,25,26,27,29,31],
[1,2,3,4,5,6,8,9,10,14,17,18,20,21,26,27,29,30,31],
[1,2,3,4,5,6,8,9,10,15,17,18,19,20,25,26,27,29,31],
[1,2,3,4,5,6,8,9,10,15,17,18,20,21,23,27,29,30,31],
[1,2,3,4,5,6,8,9,10,15,17,19,20,23,25,26,27,29,31],
[1,2,3,4,5,6,8,9,10,15,18,19,20,21,23,26,29,30,31],
[1,2,3,4,5,6,8,9,10,15,19,20,21,23,25,26,27,29,31],
[1,2,3,4,5,6,8,9,10,15,19,20,21,23,26,27,29,30,31],
[1,2,3,4,5,6,8,9,10,17,18,20,21,23,26,27,29,30,31],
[1,2,3,4,5,6,8,9,10,17,19,20,21,23,26,27,29,30,31],
[1,2,3,4,5,6,8,9,11,12,13,14,17,18,19,20,25,26,29],
[1,2,3,4,5,6,8,9,11,12,13,14,17,18,19,20,25,26,31],
[1,2,3,4,5,6,8,9,11,12,13,14,17,18,19,20,25,29,31],
[1,2,3,4,5,6,8,9,11,12,13,14,17,18,19,20,26,29,31],
[1,2,3,4,5,6,8,9,11,12,13,14,17,18,20,21,25,26,29],
[1,2,3,4,5,6,8,9,11,12,13,14,17,18,21,25,26,27,29],
[1,2,3,4,5,6,8,9,11,12,13,14,17,19,20,25,27,29,31],
[1,2,3,4,5,6,8,9,11,12,13,15,17,18,21,25,27,28,31],
[1,2,3,4,5,6,8,9,11,12,13,17,18,19,20,23,25,26,31],
[1,2,3,4,5,6,8,9,11,12,13,17,18,19,21,23,25,26,28],
[1,2,3,4,5,6,8,9,11,12,13,17,18,21,23,25,26,27,28],
[1,2,3,4,5,6,8,9,11,12,13,17,19,21,23,25,26,27,28],
[1,2,3,4,5,6,8,9,11,12,13,18,19,20,21,23,24,25,26],
[1,2,3,4,5,6,8,9,11,12,13,18,19,20,21,23,24,26,31],
[1,2,3,4,5,6,8,9,11,12,13,18,19,20,23,24,25,26,31],
[1,2,3,4,5,6,8,9,11,12,13,19,20,21,23,24,26,27,31],
[1,2,3,4,5,6,8,9,11,12,14,17,18,19,20,25,26,29,31],
[1,2,3,4,5,6,8,9,11,12,17,19,21,23,25,26,27,28,31],
[1,2,3,4,5,6,8,9,11,12,18,19,20,21,23,24,25,26,31],
[1,2,3,4,5,6,8,9,11,13,14,17,18,20,21,26,27,30,31],
[1,2,3,4,5,6,8,9,12,13,14,17,18,20,23,26,27,29,31],
[1,2,3,4,5,6,8,9,12,13,15,17,18,20,21,23,25,27,29],
[1,2,3,4,5,6,8,9,12,13,15,17,18,20,21,23,25,27,31],
[1,2,3,4,5,6,8,9,12,13,15,17,18,21,23,25,27,28,31],
[1,2,3,4,5,6,8,9,12,13,15,18,19,20,23,24,25,27,31],
[1,2,3,4,5,6,8,9,12,13,15,19,20,21,22,23,27,29,31],
[1,2,3,4,5,6,8,9,12,13,15,19,20,21,23,24,25,27,31],
[1,2,3,4,5,6,8,9,12,13,17,18,19,20,23,25,26,27,29],
[1,2,3,4,5,6,8,9,12,13,17,18,19,20,23,25,26,27,31],
[1,2,3,4,5,6,8,9,12,13,17,18,19,20,23,26,27,29,31],
[1,2,3,4,5,6,8,9,12,15,17,18,19,23,25,26,27,29,31],
[1,2,3,4,5,6,8,9,12,15,18,19,20,21,23,24,25,26,31],
[1,2,3,4,5,6,8,9,12,15,19,20,21,23,24,25,26,27,31],
[1,2,3,4,5,6,8,9,12,15,19,20,21,23,25,26,27,29,31],
[1,2,3,4,5,6,8,9,12,17,18,19,20,23,25,26,27,29,31],
[1,2,3,4,5,6,8,9,13,14,17,18,20,21,23,27,29,30,31],
[1,2,3,4,5,6,8,9,13,15,17,18,20,21,23,27,29,30,31],
[1,2,3,4,5,6,8,10,11,12,13,15,18,19,20,21,22,29,31],
[1,2,3,4,5,6,8,10,11,12,14,17,18,19,20,25,26,29,31],
[1,2,3,4,5,6,8,10,12,13,15,17,18,19,20,22,27,29,31],
[1,2,3,4,5,6,8,10,12,13,15,17,18,19,20,25,27,29,31],
[1,2,3,4,5,6,8,10,12,15,17,18,19,23,25,26,27,29,31],
[1,2,3,4,5,6,8,10,13,15,17,18,19,20,22,23,27,29,31],
[1,2,3,4,5,6,8,10,13,15,17,18,20,21,22,23,27,29,31],
[1,2,3,4,5,6,8,10,13,15,17,18,20,21,23,27,29,30,31],
[1,2,3,4,5,6,8,10,15,17,18,19,20,23,25,26,27,29,31],
[1,2,3,4,5,6,8,11,12,13,17,18,19,20,21,23,24,25,26],
[1,2,3,4,5,6,8,11,12,13,17,18,19,20,23,24,25,26,31],
[1,2,3,4,5,6,8,12,13,17,18,19,20,23,24,25,26,27,31],
[1,2,3,4,5,6,9,10,11,12,13,14,16,17,18,25,26,28,31],
[1,2,3,4,5,6,9,10,11,12,13,14,19,20,21,22,26,29,31],
[1,2,3,4,5,6,9,10,11,12,13,16,17,18,19,23,26,28,31],
[1,2,3,4,5,6,9,10,11,12,13,16,17,18,19,25,26,28,31],
[1,2,3,4,5,6,9,10,11,12,13,19,20,21,22,23,26,29,31],
[1,2,3,4,5,6,9,10,11,13,14,17,18,20,21,26,29,30,31],
[1,2,3,4,5,6,9,10,11,13,14,17,18,21,26,27,29,30,31],
[1,2,3,4,5,6,9,10,12,13,14,16,17,18,25,26,27,28,31],
[1,2,3,4,5,6,9,10,12,13,14,16,17,18,25,26,27,29,31],
[1,2,3,4,5,6,9,10,12,13,14,16,17,19,20,25,27,29,31],
[1,2,3,4,5,6,9,10,12,13,14,16,17,19,25,26,27,29,31],
[1,2,3,4,5,6,9,10,12,13,15,18,19,21,23,25,26,28,29],
[1,2,3,4,5,6,9,10,12,13,15,18,21,23,25,26,27,28,29],
[1,2,3,4,5,6,9,10,12,13,15,18,21,23,25,26,27,28,31],
[1,2,3,4,5,6,9,10,12,13,15,19,20,21,22,23,27,29,31],
[1,2,3,4,5,6,9,10,12,15,18,21,23,25,26,27,28,29,31],
[1,2,3,4,5,6,9,10,13,15,17,18,19,20,23,25,27,29,31],
[1,2,3,4,5,6,9,10,15,17,18,21,23,25,26,27,28,29,31],
[1,2,3,4,5,6,9,11,12,13,16,17,18,19,20,23,25,28,31],
[1,2,3,4,5,6,9,11,12,13,16,17,18,19,23,25,26,28,31],
[1,2,3,4,5,6,9,12,13,14,16,17,18,23,25,26,27,28,31],
[1,2,3,4,5,6,9,12,13,14,17,18,21,23,25,26,27,28,31],
[1,2,3,4,5,6,9,12,13,15,16,18,19,20,23,25,26,29,31],
[1,2,3,4,5,6,10,11,12,13,16,17,18,19,20,23,25,28,31],
[1,2,3,4,5,6,10,12,13,14,16,17,18,23,25,26,27,28,31],
[1,2,3,4,5,6,10,12,13,15,18,19,21,23,24,25,26,27,28],
[1,2,3,4,5,6,10,12,13,15,18,19,21,23,24,25,26,27,29],
[1,2,3,4,5,6,10,12,13,15,18,19,23,24,25,26,27,28,31],
[1,2,3,4,5,6,10,12,13,15,18,19,23,24,25,26,27,29,31],
[1,2,3,4,5,6,10,12,13,15,18,21,23,24,25,26,27,28,31],
[1,2,3,4,5,6,10,13,15,18,19,20,21,23,24,25,26,27,29],
[1,2,3,4,5,6,10,13,15,18,19,20,23,24,25,26,27,29,31],
[1,2,3,4,5,7,10,13,14,17,19,20,21,23,24,25,26,27,29],
[1,2,3,4,5,8,9,10,11,13,14,17,18,20,21,22,28,30,31],
[1,2,3,4,5,8,9,10,11,13,14,17,18,20,21,22,29,30,31],
[1,2,3,4,5,8,9,10,11,13,17,18,20,21,22,23,28,30,31],
[1,2,3,4,5,8,9,10,11,14,17,18,20,21,22,26,29,30,31],
[1,2,3,4,5,8,9,10,11,17,18,20,21,22,23,26,29,30,31],
[1,2,3,4,5,8,9,10,12,13,14,15,17,18,25,27,28,29,31],
[1,2,3,4,5,8,9,10,12,14,15,18,21,25,26,27,28,29,31],
[1,2,3,4,5,8,9,10,14,15,20,21,23,24,26,27,29,30,31],
[1,2,3,4,5,8,9,11,12,13,14,16,17,18,20,22,23,28,31],
[1,2,3,4,5,8,9,11,12,13,14,17,18,20,21,22,23,28,31],
[1,2,3,4,5,8,9,11,12,13,16,17,18,19,20,22,23,28,29],
[1,2,3,4,5,8,9,11,12,13,16,17,18,19,20,22,23,28,31],
[1,2,3,4,5,8,9,11,12,14,16,17,18,20,22,23,26,29,31],
[1,2,3,4,5,8,9,12,13,14,17,18,21,23,25,26,27,28,29],
[1,2,3,4,5,8,9,12,13,15,16,18,19,20,23,24,25,28,31],
[1,2,3,4,5,8,9,12,15,16,18,19,20,23,24,25,26,29,31],
[1,2,4,5,6,7,8,9,12,14,16,17,18,20,22,23,26,29,31],
[1,2,4,5,6,7,8,10,12,14,17,19,22,24,25,26,27,29,31],
[1,2,4,5,6,7,8,10,14,17,19,20,21,22,24,25,26,27,29],
[1,2,4,5,6,7,8,10,14,17,19,20,22,24,25,26,27,29,31],
[1,2,4,5,6,7,8,10,17,19,20,21,22,23,24,25,26,27,29],
[1,2,4,5,6,8,9,12,13,15,19,20,21,22,23,24,25,27,29],
[1,2,3,4,5,6,7,8,9,10,17,19,20,21,23,25,26,27,29,31],
[1,2,3,4,5,6,7,8,9,12,15,17,20,21,22,23,25,27,29,31],
[1,2,3,4,5,6,7,8,9,12,15,19,20,21,22,23,25,27,29,31],
[1,2,3,4,5,6,7,8,9,12,17,19,20,21,22,23,26,27,29,31],
[1,2,3,4,5,6,7,8,10,11,17,18,19,20,21,23,24,25,26,31],
[1,2,3,4,5,6,7,8,10,12,15,17,18,20,21,22,25,27,29,31],
[1,2,3,4,5,6,7,9,10,12,14,16,17,19,20,25,26,27,29,31],
[1,2,3,4,5,6,7,9,10,12,14,16,20,21,23,25,26,27,29,31],
[1,2,3,4,5,6,7,9,10,12,15,19,20,21,22,23,25,27,29,31],
[1,2,3,4,5,6,7,9,10,12,16,17,19,20,22,23,25,27,29,31],
[1,2,3,4,5,6,7,9,10,14,16,17,18,20,21,23,25,26,29,31],
[1,2,3,4,5,6,7,10,11,12,13,14,17,18,20,21,24,25,27,31],
[1,2,3,4,5,6,7,10,12,13,14,16,17,18,20,21,23,25,26,29],
[1,2,3,4,5,6,7,10,12,13,14,18,20,21,23,24,25,26,27,29],
[1,2,3,4,5,6,8,9,10,11,12,13,15,17,18,19,25,27,29,31],
[1,2,3,4,5,6,8,9,10,11,12,14,17,18,21,25,26,27,29,31],
[1,2,3,4,5,6,8,9,10,11,12,15,17,18,19,25,26,27,28,31],
[1,2,3,4,5,6,8,9,10,11,13,14,17,18,20,21,27,29,30,31],
[1,2,3,4,5,6,8,9,10,12,15,17,18,21,25,26,27,28,29,31],
[1,2,3,4,5,6,8,9,10,15,17,18,19,20,23,26,27,29,30,31],
[1,2,3,4,5,6,8,9,10,15,17,18,20,21,23,25,26,27,29,31],
[1,2,3,4,5,6,8,9,11,12,13,14,17,18,19,25,26,27,29,31],
[1,2,3,4,5,6,8,9,11,12,13,15,18,19,20,21,23,24,25,31],
[1,2,3,4,5,6,8,9,11,12,13,17,18,19,20,21,23,25,26,29],
[1,2,3,4,5,6,8,9,12,13,14,17,18,19,20,25,26,27,29,31],
[1,2,3,4,5,6,8,9,12,13,14,17,18,20,21,23,25,26,27,29],
[1,2,3,4,5,6,8,9,12,13,14,17,18,21,23,26,27,29,30,31],
[1,2,3,4,5,6,8,9,12,13,15,17,18,19,20,23,25,27,29,31],
[1,2,3,4,5,6,8,9,12,13,15,17,19,20,21,22,23,25,27,29],
[1,2,3,4,5,6,8,10,11,12,13,14,17,18,19,20,25,27,29,31],
[1,2,3,4,5,6,9,10,11,12,13,15,18,19,20,21,22,23,29,31],
[1,2,3,4,5,6,9,10,11,13,16,17,18,19,20,23,25,26,28,31],
[1,2,3,4,5,6,7,8,9,10,15,17,19,20,21,22,23,25,27,29,31],
[1,2,3,4,5,6,7,8,9,12,14,17,18,20,21,23,25,26,27,29,31],
[1,2,3,4,5,6,7,8,10,12,15,17,18,21,23,25,26,27,28,29,31],
[1,2,3,4,5,6,8,9,10,11,13,14,17,18,20,21,25,26,27,29,30],
[1,2,3,4,5,6,8,9,10,13,15,17,19,20,21,22,23,27,29,30,31],
[1,2,3,4,5,6,9,10,11,12,13,14,16,17,18,19,20,25,26,29,31],
[1,2,3,4,5,6,7,8,10,11,12,17,18,19,21,23,24,25,26,27,28,31],
[1,2,3,4,5,6,7,8,10,12,15,18,19,20,21,23,24,25,26,27,29,31],
[1,2,3,4,5,6,7,9,10,12,14,16,17,18,21,23,25,26,27,28,29,31],
[1,2,3,4,5,6,8,9,10,13,15,17,18,19,20,21,23,25,26,27,29,30],
[1,2,3,4,5,6,9,10,12,13,15,16,17,18,19,23,25,26,27,28,29,31],
[1,2,3,4,5,6,7,8,9,10,11,12,14,17,19,20,21,22,25,26,27,29,31],
[1,2,3,4,5,6,7,8,9,10,12,15,17,19,21,22,23,25,26,27,28,29,31],
[1,2,3,4,5,6,7,10,12,13,14,16,17,18,19,20,23,24,25,26,27,29,31],
[1,2,3,4,5,6,7,8,10,11,12,13,15,17,18,19,20,21,22,23,24,25,27,28,31],
[1,2,3,4,5,6,7,9,10,12,13,14,15,16,17,18,20,21,22,23,25,27,28,29,31],
[1,2,3,4,5,6,8,9,10,11,13,15,17,18,19,20,21,23,24,25,26,27,28,30,31],
[1,2,3,4,5,6,7,8,9,10,11,12,15,16,17,18,19,20,21,22,23,25,26,28,29,31],
[1,2,3,5,6,7,8,9,10,11,12,13,14,15,16,17,18,19,20,21,22,23,24,25,26,27,28,29,30,31]];
