return [[1,2,3,4,5,6,7,8,9,10,12,13,14,16,17,18,19,21,22,24,25],
[1,2,3,4,5,6,7,8,9,10,12,13,14,16,17,18,19,21,24,25,28],
[1,2,3,4,5,6,7,8,9,10,12,13,14,16,17,18,19,21,24,28,29],
[1,2,3,4,5,6,7,8,9,10,12,13,14,16,17,18,19,21,25,28,29],
[1,2,3,4,5,6,7,8,9,10,12,13,14,16,17,18,19,22,24,25,26],
[1,2,3,4,5,6,7,8,9,10,12,13,14,16,17,18,19,23,24,25,26],
[1,2,3,4,5,6,7,8,9,10,12,13,14,16,17,18,19,23,24,25,28],
[1,2,3,4,5,6,7,8,9,10,12,13,14,16,17,18,19,23,24,26,29],
[1,2,3,4,5,6,7,8,9,10,12,13,14,16,17,18,19,23,24,28,29],
[1,2,3,4,5,6,7,8,9,10,12,13,14,16,17,18,19,23,25,28,29],
[1,2,3,4,5,6,7,8,9,10,12,13,14,16,17,18,20,21,22,24,29],
[1,2,3,4,5,6,7,8,9,10,12,13,14,16,17,18,20,21,24,28,29],
[1,2,3,4,5,6,7,8,9,10,12,13,14,16,17,18,22,23,24,25,26],
[1,2,3,4,5,6,7,8,9,10,12,13,14,16,17,18,22,23,24,25,27],
[1,2,3,4,5,6,7,8,9,10,12,13,14,16,17,18,23,24,25,27,28],
[1,2,3,4,5,6,7,8,9,10,12,13,14,16,17,20,21,22,24,25,30],
[1,2,3,4,5,6,7,8,9,10,12,13,14,16,17,20,21,22,24,29,30],
[1,2,3,4,5,6,7,8,9,10,12,13,14,16,17,20,23,24,25,28,29],
[1,2,3,4,5,6,7,8,9,10,12,13,14,16,17,20,23,24,25,29,30],
[1,2,3,4,5,6,7,8,9,10,12,13,14,16,17,22,23,24,25,26,30],
[1,2,3,4,5,6,7,8,9,10,12,13,14,16,17,22,23,24,25,27,30],
[1,2,3,4,5,6,7,8,9,10,12,13,14,16,18,19,21,22,23,25,28],
[1,2,3,4,5,6,7,8,9,10,12,13,14,16,18,19,21,23,25,28,29],
[1,2,3,4,5,6,7,8,9,10,12,13,14,16,18,19,22,23,24,25,26],
[1,2,3,4,5,6,7,8,9,10,12,13,14,16,18,19,22,23,24,26,29],
[1,2,3,4,5,6,7,8,9,10,12,13,14,16,18,20,21,22,23,25,28],
[1,2,3,4,5,6,7,8,9,10,12,13,14,16,18,20,21,22,23,28,29],
[1,2,3,4,5,6,7,8,9,10,12,13,14,16,18,20,21,22,24,28,29],
[1,2,3,4,5,6,7,8,9,10,12,13,14,16,18,20,22,23,25,27,28],
[1,2,3,4,5,6,7,8,9,10,12,13,14,16,18,22,23,24,25,27,28],
[1,2,3,4,5,6,7,8,9,10,12,13,14,16,19,21,22,23,24,25,29],
[1,2,3,4,5,6,7,8,9,10,12,13,14,16,20,21,22,23,25,28,29],
[1,2,3,4,5,6,7,8,9,10,12,13,14,16,20,21,22,24,25,29,30],
[1,2,3,4,5,6,7,8,9,10,12,13,14,16,20,22,23,24,25,27,30],
[1,2,3,4,5,6,7,8,9,10,12,13,14,16,20,22,23,24,25,28,29],
[1,2,3,4,5,6,7,8,9,10,12,13,14,16,20,22,23,24,25,29,30],
[1,2,3,4,5,6,7,8,9,10,12,13,14,17,18,22,23,24,27,28,29],
[1,2,3,4,5,6,7,8,9,10,12,13,14,18,19,21,22,23,25,28,29],
[1,2,3,4,5,6,7,8,9,10,12,13,14,18,20,21,22,23,25,28,29],
[1,2,3,4,5,6,7,8,9,10,12,13,16,17,18,20,23,24,26,28,29],
[1,2,3,4,5,6,7,8,9,10,12,13,16,17,20,23,24,25,26,28,29],
[1,2,3,4,5,6,7,8,9,10,12,13,18,22,23,24,25,26,28,29,31],
[1,2,3,4,5,6,7,8,9,10,12,14,16,18,19,21,22,23,24,25,26],
[1,2,3,4,5,6,7,8,9,10,12,14,16,18,19,21,22,23,24,26,29],
[1,2,3,4,5,6,7,8,9,10,12,14,16,18,21,22,23,24,25,26,27],
[1,2,3,4,5,6,7,8,9,10,12,14,16,18,21,22,23,24,25,27,28],
[1,2,3,4,5,6,7,8,9,10,12,14,20,21,22,23,24,25,27,28,29],
[1,2,3,4,5,6,7,8,9,10,12,16,17,18,20,21,24,25,26,27,28],
[1,2,3,4,5,6,7,8,9,10,13,14,15,18,20,22,23,24,27,28,29],
[1,2,3,4,5,6,7,8,9,10,13,14,16,17,18,19,22,23,24,27,28],
[1,2,3,4,5,6,7,8,9,11,12,13,14,16,18,20,21,22,23,28,29],
[1,2,3,4,5,6,7,8,9,11,12,13,16,20,22,23,24,25,26,27,30],
[1,2,3,4,6,7,8,9,11,12,13,14,18,20,22,23,24,27,28,29,31],
[1,2,3,4,5,6,7,8,9,10,11,12,13,16,18,20,21,22,24,26,28,29],
[1,2,3,4,5,6,7,8,9,10,11,12,13,16,18,20,22,23,24,26,28,29],
[1,2,3,4,5,6,7,8,9,10,11,12,13,16,20,21,22,24,25,26,28,29],
[1,2,3,4,5,6,7,8,9,10,12,13,14,16,17,18,19,21,22,24,26,29],
[1,2,3,4,5,6,7,8,9,10,12,13,14,16,17,18,20,21,23,25,28,29],
[1,2,3,4,5,6,7,8,9,10,12,13,16,17,18,19,21,24,25,26,28,29],
[1,2,3,4,5,6,7,8,9,11,12,13,14,16,18,20,22,23,24,27,28,29],
[1,2,3,4,5,6,7,8,9,10,11,12,13,16,18,20,21,22,23,25,26,28,29],
[1,2,3,4,5,6,7,8,9,10,12,13,14,16,17,18,20,21,22,24,25,27,28],
[1,2,3,4,5,6,7,8,9,10,12,13,14,16,17,19,21,22,24,25,26,29,30],
[1,2,3,4,5,6,7,8,9,10,11,12,13,16,18,19,21,22,23,24,25,26,28,29],
[1,2,3,4,5,6,7,8,9,10,12,13,14,15,16,17,18,20,22,23,24,26,27,29,30],
[1,2,3,4,5,6,7,8,9,10,14,15,16,17,19,20,21,22,23,24,25,26,27,28,29,30],
[1,2,3,4,5,6,8,9,10,11,12,13,14,15,16,17,18,19,20,21,22,23,24,25,26,27,28,29,30,31]];
