return [[1,2,3,4,5,6,8,9,10,12,15,16,21,23,24,25,26,27,32,33],
[1,2,3,4,5,6,8,9,10,12,15,16,21,23,25,26,27,28,32,33],
[1,2,3,4,5,6,8,9,10,12,15,16,21,23,26,27,28,30,31,32],
[1,2,3,4,5,6,8,9,10,12,15,16,23,26,27,28,30,31,32,33],
[1,2,3,4,5,6,8,9,10,12,15,16,24,26,27,28,30,31,32,33],
[1,2,3,4,5,6,8,9,10,12,15,21,23,24,25,26,27,30,32,33],
[1,2,3,4,5,6,8,9,10,12,16,21,23,24,25,26,27,30,32,33],
[1,2,3,4,5,6,8,9,10,15,16,21,24,25,26,27,30,31,32,34],
[1,2,3,4,5,6,8,9,10,15,16,21,24,25,26,27,30,31,32,36],
[1,2,3,4,5,6,8,9,10,15,16,21,24,25,26,30,31,32,33,36],
[1,2,3,4,5,6,8,9,10,15,16,21,25,26,27,28,30,31,32,34],
[1,2,3,4,5,6,8,9,10,15,16,24,25,26,27,30,31,32,33,36],
[1,2,3,4,5,6,8,9,10,15,24,25,26,27,28,30,31,32,33,34],
[1,2,3,4,5,6,8,9,14,15,21,24,25,26,27,28,30,31,32,34],
[1,2,3,4,6,7,8,9,10,12,13,15,16,18,22,24,25,27,28,33],
[1,2,3,4,6,7,8,9,10,12,13,15,16,18,22,24,26,27,31,32],
[1,2,3,4,6,7,8,9,10,12,13,15,16,18,22,24,26,27,31,33],
[1,2,3,4,6,7,8,9,10,12,13,15,16,18,22,24,26,31,32,33],
[1,2,3,4,6,7,8,9,10,12,13,15,16,18,22,24,27,28,31,33],
[1,2,3,4,6,7,8,9,10,12,13,15,16,18,22,25,27,28,32,33],
[1,2,3,4,6,7,8,9,10,12,13,15,16,18,24,25,27,28,32,33],
[1,2,3,4,6,7,8,9,10,12,13,15,16,22,26,27,28,31,32,34],
[1,2,3,4,6,7,8,9,10,12,15,16,18,21,22,23,25,27,28,32],
[1,2,3,4,6,7,8,9,10,12,15,16,18,21,22,23,27,28,31,32],
[1,2,3,4,6,7,8,9,10,12,15,16,18,21,22,23,27,31,32,36],
[1,2,3,4,6,7,8,9,10,12,15,16,18,21,22,23,31,32,33,36],
[1,2,3,4,6,7,8,9,10,12,15,16,18,21,22,24,26,27,31,36],
[1,2,3,4,6,7,8,9,10,12,15,16,18,21,24,26,27,31,32,36],
[1,2,3,4,6,7,8,9,10,12,15,16,18,22,23,25,27,28,32,33],
[1,2,3,4,6,7,8,9,10,12,15,16,18,22,24,25,27,28,31,33],
[1,2,3,4,6,7,8,9,10,12,15,16,21,22,23,26,27,31,32,36],
[1,2,3,4,6,7,8,9,10,12,15,16,21,22,26,27,28,31,32,34],
[1,2,3,4,6,7,8,9,10,12,15,18,20,22,24,25,27,29,33,36],
[1,2,3,4,6,7,8,9,10,12,15,18,20,22,24,25,29,31,33,36],
[1,2,3,4,6,7,8,9,10,12,15,18,20,22,24,27,29,31,33,36],
[1,2,3,4,6,7,8,9,10,12,15,18,20,22,27,28,30,31,33,36],
[1,2,3,4,6,7,8,9,10,12,15,18,22,24,26,27,29,31,33,36],
[1,2,3,4,6,7,8,9,10,12,15,20,21,22,23,24,25,27,33,36],
[1,2,3,4,6,7,8,9,10,12,15,22,23,24,26,27,29,30,33,36],
[1,2,3,4,6,7,8,9,12,13,15,16,21,22,23,26,27,28,29,32],
[1,2,3,4,6,7,8,9,12,13,15,16,21,22,23,26,27,28,29,33],
[1,2,3,4,6,7,8,9,12,13,15,16,21,22,23,26,28,29,32,33],
[1,2,3,4,6,7,8,9,12,13,15,18,21,22,24,25,27,28,29,33],
[1,2,3,4,6,7,8,9,12,13,15,18,21,22,24,25,28,29,32,33],
[1,2,3,4,6,7,8,9,12,15,21,24,26,27,28,29,30,31,32,34],
[1,2,3,4,6,7,8,9,15,16,17,19,21,22,26,27,28,30,31,36],
[1,2,3,4,7,10,11,12,14,16,22,24,26,29,30,31,32,33,35,36],
[1,2,4,6,7,8,9,12,13,15,18,19,21,22,23,24,26,27,29,34],
[1,2,4,6,7,8,9,12,13,15,18,19,21,22,23,26,27,28,29,34],
[1,2,4,6,7,8,9,12,13,15,18,21,23,24,25,28,29,32,33,34],
[1,4,6,7,8,9,13,15,17,18,19,20,21,22,23,25,27,28,29,34],
[1,2,3,4,5,6,7,8,9,10,15,16,21,24,25,27,28,30,31,32,34],
[1,2,3,4,5,6,8,9,10,15,16,18,21,24,25,26,27,31,32,33,36],
[1,2,3,4,5,6,8,9,10,15,16,21,23,24,25,26,27,30,32,33,36],
[1,2,3,4,6,7,8,9,10,12,13,15,16,18,22,24,25,28,31,32,33],
[1,2,3,4,6,7,8,9,10,12,15,16,18,21,22,23,25,28,31,32,33],
[1,2,3,4,6,7,8,9,10,12,15,16,18,21,22,24,26,31,32,33,36],
[1,2,3,4,6,7,8,9,10,12,15,18,20,24,25,29,30,31,32,33,36],
[1,2,3,4,6,7,8,9,12,13,15,18,21,22,24,25,27,28,29,32,34],
[1,2,3,4,5,6,7,8,9,10,12,15,16,21,24,26,27,28,30,31,32,34],
[1,2,3,4,5,6,8,9,10,12,14,16,24,25,26,27,28,30,31,32,33,34],
[1,2,3,4,6,7,8,9,10,12,13,15,16,21,22,23,25,26,27,28,32,34],
[1,2,3,4,6,7,8,9,10,12,15,18,20,21,22,24,25,27,29,31,34,36],
[1,2,3,4,6,7,8,9,12,13,15,16,18,21,22,23,25,27,28,29,32,33],
[1,2,3,4,5,6,8,9,10,12,14,16,18,21,24,25,26,27,30,31,32,33,36],
[1,2,3,4,6,7,8,9,10,12,13,15,16,18,21,22,24,25,27,28,31,32,34],
[1,2,3,4,6,7,8,9,10,12,15,17,21,22,23,26,27,29,30,31,32,34,36],
[1,2,4,6,7,8,9,12,13,15,18,19,20,21,22,23,24,25,27,28,29,33,34],
[1,2,3,4,5,6,7,8,9,10,12,13,15,16,21,23,24,25,26,27,28,30,32,34],
[1,2,3,4,6,7,8,9,10,12,13,15,16,18,21,22,23,24,25,26,27,29,32,33,36],
[1,2,3,4,5,6,7,8,9,10,11,12,13,15,16,21,23,24,25,26,28,30,31,32,33,34],
[1,2,3,4,5,6,7,8,9,10,12,15,16,18,20,21,23,24,25,27,28,30,31,32,33,36],
[1,2,3,4,6,7,8,9,10,12,15,17,18,20,21,22,23,25,27,28,29,30,31,32,34,36],
[1,2,3,4,5,6,7,8,9,10,11,12,13,15,16,19,20,21,22,23,24,25,26,27,28,30,31,33,34],
[1,2,3,4,5,6,7,9,10,11,12,13,14,15,16,17,18,19,20,21,23,24,26,27,28,29,30,31,32,33,35,36]];
