return [[1,2,3,4,5,7,8,10,11,12,13,15,16,20,23,25,28,29,34,36,41],
[1,2,3,4,5,7,8,10,11,12,13,15,16,20,23,25,28,30,31,36,40],
[1,2,3,4,5,7,8,10,11,12,13,15,16,20,23,25,30,31,34,36,40],
[1,2,3,4,5,7,8,10,11,12,13,15,16,20,23,28,29,30,34,36,41],
[1,2,3,4,5,7,8,10,11,12,13,15,16,20,23,28,30,31,34,36,40],
[1,2,3,4,5,7,8,10,11,12,13,15,16,20,25,28,29,30,31,36,41],
[1,2,3,4,5,7,8,10,11,12,13,15,16,20,25,28,29,31,34,36,41],
[1,2,3,4,5,7,8,10,11,12,13,15,16,20,25,29,30,31,34,36,40],
[1,2,3,4,5,7,8,10,11,12,13,15,16,20,25,29,30,31,34,36,41],
[1,2,3,4,5,7,8,10,11,12,13,15,16,20,28,29,30,31,34,36,40],
[1,2,3,4,5,7,8,10,11,12,13,15,16,20,28,29,30,31,34,36,41],
[1,2,3,4,5,7,8,10,11,12,13,15,20,23,25,28,30,31,36,40,42],
[1,2,3,4,5,7,8,10,11,12,13,15,23,25,29,30,34,36,37,40,42],
[1,2,3,4,5,7,8,10,11,12,13,15,25,29,30,31,34,36,37,40,42],
[1,2,3,4,5,7,8,10,11,12,13,20,23,25,28,29,30,31,36,40,42],
[1,2,3,4,5,7,8,10,11,12,13,20,23,25,29,30,31,34,36,40,42],
[1,2,3,4,5,7,8,10,11,12,13,20,23,25,29,30,34,36,37,40,42],
[1,2,3,4,5,7,8,10,11,12,13,20,25,29,30,31,34,36,37,40,42],
[1,2,3,4,5,7,8,10,11,12,15,16,19,20,23,25,30,31,34,35,36],
[1,2,3,4,5,7,8,10,11,12,15,16,19,20,25,29,30,31,34,35,36],
[1,2,3,4,5,7,8,10,11,12,15,16,19,20,25,29,30,31,34,36,41],
[1,2,3,4,5,7,8,10,11,12,15,16,20,21,29,30,31,34,35,36,37],
[1,2,3,4,5,7,8,10,11,12,15,16,20,25,29,30,31,34,35,36,37],
[1,2,3,4,5,7,8,10,11,12,16,19,20,23,25,29,30,31,34,35,36],
[1,2,3,4,5,7,8,10,11,12,16,20,23,25,28,29,30,31,36,40,42],
[1,2,3,4,5,7,8,10,11,13,14,15,16,20,23,25,28,31,34,36,41],
[1,2,3,4,5,7,8,10,11,13,14,15,16,20,23,25,30,31,34,36,40],
[1,2,3,4,5,7,8,10,11,13,14,15,16,20,23,25,30,31,34,36,41],
[1,2,3,4,5,7,8,10,11,13,14,15,16,20,23,26,28,30,34,36,41],
[1,2,3,4,5,7,8,10,11,13,14,15,16,20,23,28,30,31,34,36,41],
[1,2,3,4,5,7,8,10,11,13,14,15,16,20,25,26,27,31,32,34,36],
[1,2,3,4,5,7,8,10,11,13,14,15,16,20,25,27,29,31,34,36,41],
[1,2,3,4,5,7,8,10,11,13,14,15,16,20,25,27,30,31,34,36,41],
[1,2,3,4,5,7,8,10,11,13,14,15,16,20,25,28,29,31,34,36,41],
[1,2,3,4,5,7,8,10,11,13,14,15,16,20,26,27,31,32,34,35,36],
[1,2,3,4,5,7,8,10,11,13,14,15,16,23,25,26,28,29,36,41,42],
[1,2,3,4,5,7,8,10,11,13,14,15,16,23,25,26,29,34,36,41,42],
[1,2,3,4,5,7,8,10,11,13,14,15,16,23,25,26,34,36,40,41,42],
[1,2,3,4,5,7,8,10,11,13,14,15,16,26,27,29,31,32,34,35,36],
[1,2,3,4,5,7,8,10,11,13,14,15,18,20,25,27,30,31,34,36,41],
[1,2,3,4,5,7,8,10,11,13,14,15,18,20,25,27,31,34,35,36,41],
[1,2,3,4,5,7,8,10,11,13,14,15,18,20,25,27,34,35,36,37,41],
[1,2,3,4,5,7,8,10,11,13,14,15,18,20,26,27,28,30,35,36,41],
[1,2,3,4,5,7,8,10,11,13,14,15,18,20,26,27,30,35,36,37,41],
[1,2,3,4,5,7,8,10,11,13,14,15,18,20,27,30,34,35,36,37,41],
[1,2,3,4,5,7,8,10,11,13,14,15,20,23,25,26,28,36,37,41,42],
[1,2,3,4,5,7,8,10,11,13,14,15,20,23,26,28,30,34,35,36,41],
[1,2,3,4,5,7,8,10,11,13,14,15,20,23,26,28,34,35,36,37,41],
[1,2,3,4,5,7,8,10,11,13,14,15,20,23,26,30,34,35,36,37,41],
[1,2,3,4,5,7,8,10,11,13,14,15,20,25,27,29,31,34,35,36,41],
[1,2,3,4,5,7,8,10,11,13,14,15,20,26,27,30,34,35,36,37,41],
[1,2,3,4,5,7,8,10,11,13,14,15,20,26,28,29,34,35,36,37,41],
[1,2,3,4,5,7,8,10,11,13,14,15,23,25,26,29,34,36,37,41,42],
[1,2,3,4,5,7,8,10,11,13,14,15,23,25,26,30,34,36,37,41,42],
[1,2,3,4,5,7,8,10,11,13,14,15,23,25,26,30,34,36,40,41,42],
[1,2,3,4,5,7,8,10,11,13,14,15,25,26,27,32,34,36,37,39,41],
[1,2,3,4,5,7,8,10,11,13,14,15,25,26,29,32,34,36,37,41,42],
[1,2,3,4,5,7,8,10,11,13,14,15,25,26,30,34,36,37,39,41,42],
[1,2,3,4,5,7,8,10,11,13,14,15,25,26,32,34,36,37,39,41,42],
[1,2,3,4,5,7,8,10,11,13,14,16,20,23,25,26,29,34,36,40,41],
[1,2,3,4,5,7,8,10,11,13,14,16,20,25,26,27,29,34,36,39,41],
[1,2,3,4,5,7,8,10,11,13,14,16,20,25,26,27,34,36,39,40,41],
[1,2,3,4,5,7,8,10,11,13,14,16,20,25,26,29,34,36,39,40,41],
[1,2,3,4,5,7,8,10,11,13,14,16,20,25,26,29,36,39,40,41,42],
[1,2,3,4,5,7,8,10,11,13,14,16,23,25,26,29,34,36,40,41,42],
[1,2,3,4,5,7,8,10,11,13,14,18,20,23,25,26,36,37,39,41,42],
[1,2,3,4,5,7,8,10,11,13,14,18,20,23,25,30,36,37,39,41,42],
[1,2,3,4,5,7,8,10,11,13,14,18,20,23,26,30,36,37,39,41,42],
[1,2,3,4,5,7,8,10,11,13,14,18,20,26,27,30,35,36,37,39,41],
[1,2,3,4,5,7,8,10,11,13,14,18,20,26,30,35,36,37,39,41,42],
[1,2,3,4,5,7,8,10,11,13,14,18,20,29,30,35,36,37,39,41,42],
[1,2,3,4,5,7,8,10,11,13,14,20,23,26,29,30,34,35,36,37,42],
[1,2,3,4,5,7,8,10,11,13,14,20,25,26,27,29,34,36,37,39,41],
[1,2,3,4,5,7,8,10,11,13,15,16,17,20,25,27,29,30,31,36,41],
[1,2,3,4,5,7,8,10,11,13,15,16,17,20,26,27,29,30,31,36,41],
[1,2,3,4,5,7,8,10,11,13,15,16,17,21,25,26,29,31,36,40,42],
[1,2,3,4,5,7,8,10,11,13,15,16,17,21,26,29,30,31,36,40,42],
[1,2,3,4,5,7,8,10,11,13,15,16,17,26,28,29,30,31,36,41,42],
[1,2,3,4,5,7,8,10,11,13,15,16,20,23,26,28,29,30,34,36,41],
[1,2,3,4,5,7,8,10,11,13,15,16,21,26,28,29,30,31,36,40,42],
[1,2,3,4,5,7,8,10,11,13,15,17,20,21,25,29,30,31,36,37,42],
[1,2,3,4,5,7,8,10,11,13,15,17,20,21,25,30,31,36,37,39,42],
[1,2,3,4,5,7,8,10,11,13,15,17,20,25,28,29,30,31,36,41,42],
[1,2,3,4,5,7,8,10,11,13,15,17,25,26,29,30,36,37,39,41,42],
[1,2,3,4,5,7,8,10,11,13,15,20,23,26,28,29,30,34,36,37,41],
[1,2,3,4,5,7,8,10,11,13,15,20,23,26,28,30,34,35,36,37,41],
[1,2,3,4,5,7,8,10,11,13,15,20,25,27,29,31,32,34,35,36,37],
[1,2,3,4,5,7,8,10,11,13,15,20,25,27,29,31,34,35,36,37,41],
[1,2,3,4,5,7,8,10,11,13,15,20,26,28,29,30,34,35,36,37,41],
[1,2,3,4,5,7,8,10,11,13,15,25,26,27,29,32,34,36,37,39,41],
[1,2,3,4,5,7,8,10,11,13,15,25,26,29,30,32,34,36,37,39,42],
[1,2,3,4,5,7,8,10,11,13,15,25,26,29,30,34,36,37,39,41,42],
[1,2,3,4,5,7,8,10,11,13,15,25,26,29,32,34,36,37,39,41,42],
[1,2,3,4,5,7,8,10,11,13,15,26,29,30,31,32,34,35,36,37,42],
[1,2,3,4,5,7,8,10,11,13,16,17,20,25,26,29,30,36,39,40,41],
[1,2,3,4,5,7,8,10,11,13,16,17,20,25,26,29,36,39,40,41,42],
[1,2,3,4,5,7,8,10,11,13,16,20,25,26,27,30,34,36,39,40,41],
[1,2,3,4,5,7,8,10,11,13,16,20,25,26,29,30,34,36,39,40,41],
[1,2,3,4,5,7,8,10,11,13,17,20,25,26,29,30,36,37,39,41,42],
[1,2,3,4,5,7,8,10,11,13,20,21,25,29,30,31,36,37,39,40,42],
[1,2,3,4,5,7,8,10,11,13,20,25,29,30,31,34,36,37,39,40,42],
[1,2,3,4,5,7,8,10,11,13,25,26,29,30,32,34,36,37,39,40,42],
[1,2,3,4,5,7,8,10,11,13,25,29,30,31,32,34,36,37,39,40,42],
[1,2,3,4,5,7,8,10,11,14,15,16,18,19,25,31,35,36,39,41,42],
[1,2,3,4,5,7,8,10,11,14,15,16,18,20,23,28,30,31,35,36,41],
[1,2,3,4,5,7,8,10,11,14,15,16,18,20,27,28,30,31,35,36,41],
[1,2,3,4,5,7,8,10,11,14,15,16,18,27,28,30,31,35,36,39,41],
[1,2,3,4,5,7,8,10,11,14,15,16,19,22,23,25,30,31,36,39,42],
[1,2,3,4,5,7,8,10,11,14,15,16,19,23,25,28,29,31,36,38,42],
[1,2,3,4,5,7,8,10,11,14,15,16,19,23,25,28,29,36,38,41,42],
[1,2,3,4,5,7,8,10,11,14,15,16,19,23,25,29,31,34,35,36,42],
[1,2,3,4,5,7,8,10,11,14,15,16,19,23,25,29,31,35,36,38,42],
[1,2,3,4,5,7,8,10,11,14,15,16,19,23,25,30,31,36,39,41,42],
[1,2,3,4,5,7,8,10,11,14,15,16,19,23,26,29,30,34,35,36,41],
[1,2,3,4,5,7,8,10,11,14,15,16,19,23,26,29,30,34,35,36,42],
[1,2,3,4,5,7,8,10,11,14,15,16,19,23,26,29,30,34,36,41,42],
[1,2,3,4,5,7,8,10,11,14,15,16,19,23,26,30,34,35,36,39,41],
[1,2,3,4,5,7,8,10,11,14,15,16,19,23,26,30,35,36,39,41,42],
[1,2,3,4,5,7,8,10,11,14,15,16,19,23,28,29,30,31,35,36,42],
[1,2,3,4,5,7,8,10,11,14,15,16,19,23,28,29,30,34,35,36,41],
[1,2,3,4,5,7,8,10,11,14,15,16,19,23,28,29,31,35,36,38,42],
[1,2,3,4,5,7,8,10,11,14,15,16,19,23,28,29,35,36,38,41,42],
[1,2,3,4,5,7,8,10,11,14,15,16,19,25,28,29,31,36,38,41,42],
[1,2,3,4,5,7,8,10,11,14,15,16,19,25,29,31,32,35,36,39,42],
[1,2,3,4,5,7,8,10,11,14,15,16,19,25,29,31,35,36,38,41,42],
[1,2,3,4,5,7,8,10,11,14,15,16,19,25,29,31,35,36,39,41,42],
[1,2,3,4,5,7,8,10,11,14,15,16,20,22,23,25,30,31,34,36,40],
[1,2,3,4,5,7,8,10,11,14,15,16,20,23,26,27,30,34,35,36,41],
[1,2,3,4,5,7,8,10,11,14,15,16,20,23,26,27,34,35,36,39,41],
[1,2,3,4,5,7,8,10,11,14,15,16,20,23,26,28,30,34,35,36,41],
[1,2,3,4,5,7,8,10,11,14,15,16,20,25,27,29,31,34,35,36,41],
[1,2,3,4,5,7,8,10,11,14,15,16,20,25,29,34,35,36,37,38,41],
[1,2,3,4,5,7,8,10,11,14,15,16,22,23,26,27,30,31,34,35,36],
[1,2,3,4,5,7,8,10,11,14,15,16,22,23,26,27,30,31,35,36,39],
[1,2,3,4,5,7,8,10,11,14,15,16,22,23,26,27,30,34,35,36,39],
[1,2,3,4,5,7,8,10,11,14,15,16,23,25,26,28,29,36,38,41,42],
[1,2,3,4,5,7,8,10,11,14,15,16,23,26,27,30,34,35,36,39,41],
[1,2,3,4,5,7,8,10,11,14,15,16,23,26,28,29,30,31,35,36,42],
[1,2,3,4,5,7,8,10,11,14,15,16,23,26,28,29,30,34,35,36,41],
[1,2,3,4,5,7,8,10,11,14,15,16,23,26,28,29,35,36,38,41,42],
[1,2,3,4,5,7,8,10,11,14,15,16,23,26,28,30,31,35,36,39,42],
[1,2,3,4,5,7,8,10,11,14,15,16,23,26,28,30,35,36,39,41,42],
[1,2,3,4,5,7,8,10,11,14,15,16,23,26,29,30,31,34,35,36,42],
[1,2,3,4,5,7,8,10,11,14,15,16,26,27,28,30,31,35,36,39,41],
[1,2,3,4,5,7,8,10,11,14,15,16,26,27,29,30,31,35,36,39,41],
[1,2,3,4,5,7,8,10,11,14,15,16,26,27,29,32,34,35,36,39,41],
[1,2,3,4,5,7,8,10,11,14,15,16,26,28,29,30,31,35,36,41,42],
[1,2,3,4,5,7,8,10,11,14,15,16,26,28,30,31,35,36,39,41,42],
[1,2,3,4,5,7,8,10,11,14,15,16,26,29,30,31,35,36,39,41,42],
[1,2,3,4,5,7,8,10,11,14,15,18,23,26,28,30,35,36,39,41,42],
[1,2,3,4,5,7,8,10,11,14,15,19,23,26,29,30,34,35,36,41,42],
[1,2,3,4,5,7,8,10,11,14,15,19,26,29,30,31,32,34,35,36,42],
[1,2,3,4,5,7,8,10,11,14,15,20,25,26,27,34,35,36,37,39,41],
[1,2,3,4,5,7,8,10,11,14,15,23,26,28,29,35,36,37,38,41,42],
[1,2,3,4,5,7,8,10,11,14,15,25,26,27,32,34,35,36,37,39,41],
[1,2,3,4,5,7,8,10,11,14,15,26,27,29,30,31,32,35,36,39,42],
[1,2,3,4,5,7,8,10,11,14,15,26,27,29,30,31,35,36,39,41,42],
[1,2,3,4,5,7,8,10,11,14,16,19,20,23,25,29,30,31,34,36,41],
[1,2,3,4,5,7,8,10,11,14,16,19,20,23,25,29,30,34,36,39,41],
[1,2,3,4,5,7,8,10,11,14,16,19,20,23,25,29,31,34,35,36,39],
[1,2,3,4,5,7,8,10,11,14,16,19,20,23,29,30,34,35,36,39,41],
[1,2,3,4,5,7,8,10,11,14,16,19,20,25,29,30,31,34,36,39,41],
[1,2,3,4,5,7,8,10,11,14,16,19,20,25,29,31,34,35,36,39,41],
[1,2,3,4,5,7,8,10,11,14,16,19,22,23,25,30,31,34,36,39,40],
[1,2,3,4,5,7,8,10,11,14,16,19,22,23,25,30,31,36,39,40,42],
[1,2,3,4,5,7,8,10,11,14,16,19,23,25,29,30,31,36,39,40,42],
[1,2,3,4,5,7,8,10,11,14,16,19,23,25,29,30,31,36,39,41,42],
[1,2,3,4,5,7,8,10,11,14,16,19,23,25,29,30,34,36,39,40,41],
[1,2,3,4,5,7,8,10,11,14,16,19,23,25,29,34,36,39,40,41,42],
[1,2,3,4,5,7,8,10,11,14,16,19,23,26,29,30,34,35,36,39,41],
[1,2,3,4,5,7,8,10,11,14,16,19,23,28,29,30,31,35,36,39,42],
[1,2,3,4,5,7,8,10,11,14,16,19,23,28,29,30,31,36,39,41,42],
[1,2,3,4,5,7,8,10,11,14,16,19,23,28,29,30,35,36,39,41,42],
[1,2,3,4,5,7,8,10,11,14,16,20,22,23,25,30,31,34,36,39,40],
[1,2,3,4,5,7,8,10,11,14,16,20,22,25,27,30,31,34,36,39,40],
[1,2,3,4,5,7,8,10,11,14,16,20,23,25,26,29,34,36,37,39,41],
[1,2,3,4,5,7,8,10,11,14,16,20,23,25,26,29,34,36,39,40,41],
[1,2,3,4,5,7,8,10,11,14,16,20,23,25,26,29,36,37,39,41,42],
[1,2,3,4,5,7,8,10,11,14,16,20,23,25,29,30,31,36,39,40,42],
[1,2,3,4,5,7,8,10,11,14,16,20,23,25,29,30,31,36,39,41,42],
[1,2,3,4,5,7,8,10,11,14,16,20,23,25,29,30,34,36,39,40,41],
[1,2,3,4,5,7,8,10,11,14,16,20,23,25,29,31,34,35,36,39,40],
[1,2,3,4,5,7,8,10,11,14,16,20,23,26,27,30,34,35,36,39,41],
[1,2,3,4,5,7,8,10,11,14,16,20,23,26,28,29,30,34,35,36,41],
[1,2,3,4,5,7,8,10,11,14,16,20,23,26,28,29,30,35,36,39,41],
[1,2,3,4,5,7,8,10,11,14,16,20,23,26,29,30,34,35,36,39,41],
[1,2,3,4,5,7,8,10,11,14,16,20,23,26,29,34,35,36,37,39,41],
[1,2,3,4,5,7,8,10,11,14,16,20,25,27,29,31,32,34,35,36,39],
[1,2,3,4,5,7,8,10,11,14,16,20,25,27,29,31,34,35,36,39,41],
[1,2,3,4,5,7,8,10,11,14,16,20,26,27,29,31,32,34,35,36,39],
[1,2,3,4,5,7,8,10,11,15,16,17,21,25,29,30,31,36,39,40,42],
[1,2,3,4,5,7,8,10,11,15,16,17,21,26,28,29,30,31,36,39,42],
[1,2,3,4,5,7,8,10,11,15,16,17,21,26,28,29,30,36,39,41,42],
[1,2,3,4,5,7,8,10,11,15,16,21,25,26,29,32,36,37,39,40,42],
[1,2,3,4,5,7,8,10,11,15,16,21,26,28,29,30,31,35,36,39,42],
[1,2,3,4,5,7,8,10,11,15,16,21,26,29,30,31,32,35,36,39,42],
[1,2,3,4,5,7,8,10,11,15,16,21,26,29,30,31,32,36,39,40,42],
[1,2,3,4,5,7,8,10,11,15,16,21,26,30,31,32,35,36,39,40,42],
[1,2,3,4,5,7,8,10,11,15,16,23,25,26,28,29,36,37,38,41,42],
[1,2,3,4,5,7,8,10,11,15,16,23,25,26,29,30,34,36,40,41,42],
[1,2,3,4,5,7,8,10,11,15,16,23,25,26,32,34,36,37,39,40,42],
[1,2,3,4,5,7,8,10,11,15,16,23,26,28,29,35,36,37,38,41,42],
[1,2,3,4,5,7,8,10,11,15,16,25,26,27,29,32,34,36,37,39,41],
[1,2,3,4,5,7,8,10,11,15,16,25,26,29,32,34,36,37,39,40,42],
[1,2,3,4,5,7,8,10,11,15,18,20,25,27,30,34,35,36,37,39,41],
[1,2,3,4,5,7,8,10,11,15,21,26,29,30,31,32,35,36,37,39,42],
[1,2,3,4,5,7,8,10,11,15,25,26,29,30,32,34,36,37,39,40,42],
[1,2,3,4,5,7,8,10,11,16,23,25,26,29,32,34,36,37,39,40,42],
[1,2,3,4,5,7,8,10,11,20,21,25,29,31,32,35,36,37,39,40,42],
[1,2,3,4,5,7,8,10,11,21,26,29,30,31,32,35,36,37,39,40,42],
[1,2,3,4,5,7,8,11,12,13,14,15,16,20,25,28,29,31,34,36,41],
[1,2,3,4,5,7,8,11,12,13,14,15,16,20,25,29,31,34,35,36,41],
[1,2,3,4,5,7,8,11,12,13,14,15,16,20,28,29,31,34,35,36,41],
[1,2,3,4,5,7,8,11,12,13,14,16,20,23,25,28,29,36,40,41,42],
[1,2,3,4,5,7,8,11,12,13,14,16,20,25,28,29,31,36,40,41,42],
[1,2,3,4,5,7,8,11,12,13,16,20,25,28,29,30,31,36,40,41,42],
[1,2,3,4,5,7,8,11,12,14,16,20,23,25,28,29,31,36,40,41,42],
[1,2,3,4,5,7,8,11,12,14,16,20,23,28,29,30,31,36,40,41,42],
[1,2,3,4,5,7,8,11,12,15,16,20,21,26,28,29,30,31,35,36,42],
[1,2,3,4,5,7,8,11,12,15,16,20,22,23,25,30,31,34,35,36,41],
[1,2,3,4,5,7,8,11,12,15,16,20,22,23,25,30,31,35,36,41,42],
[1,2,3,4,5,7,8,11,12,15,16,20,22,23,25,30,31,36,40,41,42],
[1,2,3,4,5,7,8,11,12,16,20,23,25,29,34,35,36,37,39,40,42],
[1,2,3,4,5,7,8,11,13,14,15,16,20,22,24,25,27,31,34,36,41],
[1,2,3,4,5,7,8,11,13,14,15,16,20,24,25,26,27,34,35,36,41],
[1,2,3,4,5,7,8,11,13,14,15,16,20,24,25,27,31,34,35,36,41],
[1,2,3,4,5,7,8,11,13,14,15,16,26,27,29,31,32,34,35,36,41],
[1,2,3,4,5,7,8,11,13,14,15,18,20,25,27,30,31,34,35,36,41],
[1,2,3,4,5,7,8,11,13,14,15,25,26,29,32,34,35,36,37,41,42],
[1,2,3,4,5,7,8,11,13,14,15,26,27,29,30,31,32,34,35,36,42],
[1,2,3,4,5,7,8,11,13,14,15,26,27,29,30,31,34,35,36,41,42],
[1,2,3,4,5,7,8,11,13,14,15,26,27,29,31,32,34,35,36,41,42],
[1,2,3,4,5,7,8,11,13,14,18,20,25,27,30,31,35,36,39,41,42],
[1,2,3,4,5,7,8,11,14,15,20,22,23,25,30,31,34,35,36,41,42],
[1,2,3,4,5,7,8,11,14,16,20,22,23,26,27,30,34,35,36,39,41],
[1,2,3,4,5,7,8,11,14,16,20,22,23,26,30,34,35,36,39,40,41],
[1,2,3,4,5,7,8,11,14,16,20,23,26,29,30,34,35,36,39,40,41],
[1,2,3,4,5,7,9,10,11,14,15,16,21,23,25,26,28,29,36,41,42],
[1,2,3,4,5,7,9,10,11,14,15,16,21,26,27,28,29,30,31,36,42],
[1,2,3,4,5,7,10,11,14,15,25,26,27,29,32,34,35,36,37,39,41],
[1,2,3,4,5,7,11,13,14,15,25,26,27,29,32,34,35,36,37,41,42],
[1,2,3,4,5,8,10,11,14,15,16,25,26,29,31,34,36,38,39,41,42],
[1,2,3,4,5,8,10,11,14,16,20,23,26,28,29,34,35,36,38,39,41],
[1,2,3,4,5,8,11,14,15,16,22,23,24,25,31,34,35,36,39,41,42],
[1,2,3,4,7,8,10,11,13,14,15,16,20,22,25,26,27,31,34,36,41],
[1,2,3,4,7,8,10,11,15,16,17,20,21,26,28,29,30,31,35,36,42],
[1,2,3,5,6,7,8,10,11,14,16,20,23,26,29,30,34,35,36,39,41],
[1,2,3,5,7,8,10,11,13,14,15,16,18,20,21,23,25,28,31,36,38],
[1,2,3,5,7,8,10,11,13,14,15,16,21,22,23,25,26,32,36,40,42],
[1,2,3,5,7,8,11,12,13,14,20,22,25,29,30,31,34,36,40,41,42],
[1,2,4,5,7,8,10,11,15,16,19,23,26,27,28,30,34,35,36,37,41],
[1,2,3,4,5,7,8,10,11,12,13,15,16,20,23,25,28,30,31,34,36,41],
[1,2,3,4,5,7,8,10,11,12,13,15,16,20,23,26,28,29,30,34,36,40],
[1,2,3,4,5,7,8,10,11,12,13,15,20,23,25,30,31,34,36,37,40,42],
[1,2,3,4,5,7,8,10,11,12,15,16,20,21,25,29,30,31,34,36,37,40],
[1,2,3,4,5,7,8,10,11,13,14,15,16,20,23,26,28,30,31,34,36,40],
[1,2,3,4,5,7,8,10,11,13,14,15,16,20,25,27,29,31,32,34,35,36],
[1,2,3,4,5,7,8,10,11,13,14,15,18,23,25,26,30,36,37,39,41,42],
[1,2,3,4,5,7,8,10,11,13,14,15,18,26,27,30,35,36,37,39,41,42],
[1,2,3,4,5,7,8,10,11,13,14,15,23,25,26,28,29,36,37,38,41,42],
[1,2,3,4,5,7,8,10,11,13,14,16,20,23,25,26,28,29,36,40,41,42],
[1,2,3,4,5,7,8,10,11,13,14,16,20,23,26,28,29,30,34,36,40,41],
[1,2,3,4,5,7,8,10,11,13,14,16,20,26,27,29,30,34,36,39,40,41],
[1,2,3,4,5,7,8,10,11,13,14,20,26,27,29,30,34,35,36,37,39,41],
[1,2,3,4,5,7,8,10,11,13,15,17,20,21,25,26,30,36,37,39,41,42],
[1,2,3,4,5,7,8,10,11,13,15,18,20,23,25,26,30,36,37,39,41,42],
[1,2,3,4,5,7,8,10,11,13,15,26,27,29,30,31,32,35,36,37,39,42],
[1,2,3,4,5,7,8,10,11,13,16,17,20,21,25,26,29,31,36,39,40,42],
[1,2,3,4,5,7,8,10,11,13,16,17,20,25,28,29,30,31,36,40,41,42],
[1,2,3,4,5,7,8,10,11,13,17,20,21,25,26,29,30,36,37,39,40,42],
[1,2,3,4,5,7,8,10,11,13,20,26,27,29,30,31,32,34,35,36,37,39],
[1,2,3,4,5,7,8,10,11,14,15,16,19,23,26,28,29,30,35,36,41,42],
[1,2,3,4,5,7,8,10,11,14,15,18,26,27,28,30,31,35,36,39,41,42],
[1,2,3,4,5,7,8,10,11,14,16,19,20,23,25,29,30,31,34,36,39,40],
[1,2,3,4,5,7,8,10,11,14,16,20,23,25,26,28,29,36,37,38,41,42],
[1,2,3,4,5,7,8,10,11,14,16,20,23,25,28,29,30,31,36,40,41,42],
[1,2,3,4,5,7,8,10,11,15,16,17,21,25,26,29,31,32,36,39,40,42],
[1,2,3,4,5,7,8,11,12,13,15,16,20,23,25,28,30,31,36,40,41,42],
[1,2,3,4,5,7,8,11,12,13,15,16,20,26,28,29,30,31,35,36,41,42],
[1,2,3,4,5,7,8,11,14,15,16,19,22,23,26,30,34,35,36,39,41,42],
[1,2,3,4,5,7,8,11,14,15,18,19,22,23,25,30,31,35,36,39,41,42],
[1,2,3,4,7,8,10,11,13,15,16,17,20,22,25,26,27,30,31,34,36,41],
[1,2,3,5,6,7,8,10,11,14,16,20,22,23,26,27,30,34,35,36,39,41],
[1,2,3,5,7,8,10,11,12,13,15,16,20,21,22,23,25,30,31,34,36,40],
[1,2,3,4,5,7,8,10,11,12,15,16,19,20,23,25,29,30,34,35,36,37,41],
[1,2,3,4,5,7,8,10,11,13,14,15,18,20,23,26,28,30,35,36,37,41,42],
[1,2,3,4,5,7,8,10,11,14,15,16,18,19,23,28,30,31,35,36,39,41,42],
[1,2,3,4,5,7,8,10,11,14,15,16,18,20,23,26,27,28,30,35,36,39,41],
[1,2,3,4,5,7,8,10,11,14,16,20,23,26,28,29,35,36,37,38,39,41,42],
[1,2,3,4,8,11,14,15,16,20,22,23,24,25,26,31,34,35,36,38,39,41,42],
[1,2,3,4,5,7,8,9,10,11,13,14,15,16,23,26,28,29,30,34,36,40,41,42],
[1,2,3,4,5,7,8,10,11,12,13,15,16,17,20,21,25,28,29,30,31,36,40,42],
[1,2,3,4,5,7,8,10,11,13,14,15,16,20,26,27,28,29,30,31,34,35,36,41],
[1,2,3,4,5,7,8,10,11,13,14,20,23,25,26,29,30,34,36,37,39,40,41,42],
[1,2,3,4,5,7,8,9,10,11,14,15,16,19,22,23,25,26,30,34,36,39,40,41,42],
[1,2,3,4,5,7,8,10,11,14,15,16,18,19,20,22,23,25,27,30,31,34,35,36,39,41],
[1,2,3,4,5,7,8,10,11,14,15,16,19,23,25,26,29,32,34,35,36,37,38,39,41,42],
[1,2,3,4,5,7,8,11,12,14,16,19,20,22,23,25,29,30,31,34,35,36,39,40,41,42],
[1,2,4,5,6,7,8,10,11,14,16,19,20,23,26,27,28,29,30,34,35,36,37,39,40,41],
[1,2,3,4,5,7,8,9,10,11,12,13,14,15,16,19,23,25,28,29,30,31,34,36,40,41,42],
[1,2,3,4,5,7,8,10,11,12,13,15,16,17,20,21,23,25,26,28,29,30,36,37,40,41,42],
[1,2,3,4,5,7,8,9,10,11,13,14,15,16,17,19,22,25,26,27,29,30,31,32,34,36,39,40,41,42],
[1,2,3,4,5,7,8,9,10,11,13,14,15,16,17,18,20,21,22,23,24,25,26,27,28,30,31,36,39,40,41,42],
[1,2,3,4,5,7,8,10,11,13,14,15,16,17,18,20,21,24,25,26,27,28,29,31,32,35,36,37,38,39,41,42],
[1,2,3,4,5,6,7,8,9,10,11,12,13,14,15,16,17,18,19,20,21,22,23,24,25,26,27,28,29,30,31,32,33,34,35,37,38,39,40,41,42]];
