return [[1,2,3,4,5,6,7,8,9,12,13,14,15,16,18,19,22,26,30,32,36,37],
[1,2,3,4,5,6,7,8,9,12,13,14,15,16,19,21,22,26,30,32,36,37],
[1,2,3,4,5,6,7,8,9,12,13,14,15,18,19,21,22,26,30,32,36,37],
[1,2,3,4,5,6,7,8,9,12,13,14,16,17,18,19,22,26,30,32,36,37],
[1,2,3,4,5,6,7,8,9,12,13,14,16,17,18,21,22,25,26,29,30,37],
[1,2,3,4,5,6,7,8,9,12,13,14,16,17,21,22,25,26,29,30,37,38],
[1,2,3,4,5,6,7,8,9,12,13,14,16,17,21,22,25,29,30,32,37,38],
[1,2,3,4,5,6,7,8,9,12,13,14,16,20,21,22,26,30,32,34,35,37],
[1,2,3,4,5,6,7,8,9,12,13,14,16,20,21,22,26,30,32,34,35,38],
[1,2,3,4,5,6,7,8,9,12,13,14,16,20,21,22,26,32,34,35,37,38],
[1,2,3,4,5,6,7,8,9,12,13,14,16,21,22,26,29,32,34,35,37,38],
[1,2,3,4,5,6,7,8,9,12,13,14,17,18,19,21,22,25,26,30,32,37],
[1,2,3,4,5,6,7,8,9,12,13,14,17,18,19,21,22,26,30,32,36,37],
[1,2,3,4,5,6,7,8,9,12,13,15,16,17,19,20,21,22,26,29,30,37],
[1,2,3,4,5,6,7,8,9,12,13,15,16,17,19,20,21,22,26,30,36,37],
[1,2,3,4,5,6,7,8,9,12,13,15,16,19,20,21,22,26,30,32,36,37],
[1,2,3,4,5,6,7,8,9,12,13,15,17,18,19,21,22,26,30,32,36,37],
[1,2,3,4,5,6,7,8,9,12,13,15,17,19,20,21,22,26,30,32,36,37],
[1,2,3,4,5,6,7,8,9,12,13,16,17,19,20,21,22,25,26,29,30,34],
[1,2,3,4,5,6,7,8,9,12,13,16,17,19,20,21,22,25,26,29,30,37],
[1,2,3,4,5,6,7,8,9,12,13,16,17,19,20,21,22,25,26,29,34,37],
[1,2,3,4,5,6,7,8,9,12,13,16,17,20,21,22,25,26,29,30,37,38],
[1,2,3,4,5,6,7,8,9,12,13,16,17,20,21,22,25,26,29,34,37,38],
[1,2,3,4,5,6,7,8,9,12,13,16,19,20,21,22,25,26,29,30,34,37],
[1,2,3,4,5,6,7,8,9,12,13,16,20,21,22,26,29,32,34,35,37,38],
[1,2,3,4,5,6,7,8,9,12,15,16,17,19,20,21,22,26,29,30,36,37],
[1,2,3,4,5,6,7,8,12,13,15,16,17,18,19,21,22,26,29,30,32,37],
[1,2,3,4,5,6,7,8,12,13,15,16,17,19,20,21,22,26,29,30,32,37],
[1,2,3,4,5,6,7,8,12,13,15,16,17,19,20,21,22,26,30,32,36,37],
[1,2,3,4,5,6,7,8,12,13,16,17,18,19,21,22,25,26,29,30,32,37],
[1,2,3,4,5,6,7,8,12,15,16,17,19,20,21,22,26,29,30,32,36,37],
[1,2,3,4,5,6,7,9,10,11,12,13,14,15,18,21,22,26,30,32,33,35],
[1,2,3,4,5,6,7,9,10,11,12,13,14,15,18,21,22,26,32,33,35,37],
[1,2,3,4,5,6,7,9,10,11,12,13,14,15,18,21,22,30,32,33,35,37],
[1,2,3,4,5,6,7,9,10,11,12,13,14,16,18,19,22,25,26,30,33,35],
[1,2,3,4,5,6,7,9,10,11,12,13,14,16,18,19,22,25,26,30,33,37],
[1,2,3,4,5,6,7,9,10,11,12,13,14,16,19,22,25,26,30,33,34,35],
[1,2,3,4,5,6,7,9,10,11,12,13,14,18,19,21,22,25,26,30,33,37],
[1,2,3,4,5,6,7,9,10,11,12,13,14,18,19,21,22,25,30,32,33,37],
[1,2,3,4,5,6,7,9,10,11,12,13,14,18,19,22,25,27,30,32,33,37],
[1,2,3,4,5,6,7,9,10,11,12,13,14,18,19,22,26,32,33,34,35,37],
[1,2,3,4,5,6,7,9,10,11,12,13,14,18,21,22,26,32,33,34,35,37],
[1,2,3,4,5,6,7,9,10,11,12,13,14,18,21,22,29,30,32,33,35,37],
[1,2,3,4,5,6,7,9,10,11,12,13,14,18,22,25,27,29,30,32,33,37],
[1,2,3,4,5,6,7,9,10,11,12,13,14,18,22,27,29,30,32,33,35,37],
[1,2,3,4,5,6,7,9,10,11,12,13,15,16,19,20,22,23,26,29,35,37],
[1,2,3,4,5,6,7,9,10,11,12,13,15,16,19,20,22,26,29,34,35,37],
[1,2,3,4,5,6,7,9,10,11,12,13,15,16,19,20,22,26,32,34,35,37],
[1,2,3,4,5,6,7,9,10,11,12,13,15,16,19,20,22,29,30,32,34,35],
[1,2,3,4,5,6,7,9,10,11,12,13,15,16,19,20,22,29,32,34,35,37],
[1,2,3,4,5,6,7,9,10,11,12,13,15,18,19,20,22,23,29,30,33,35],
[1,2,3,4,5,6,7,9,10,11,12,13,15,18,19,20,22,29,30,32,33,35],
[1,2,3,4,5,6,7,9,10,11,12,13,15,18,19,21,22,24,25,26,29,37],
[1,2,3,4,5,6,7,9,10,11,12,13,15,18,19,21,22,25,29,30,31,37],
[1,2,3,4,5,6,7,9,10,11,12,13,15,18,19,21,22,29,30,31,33,37],
[1,2,3,4,5,6,7,9,10,11,12,13,15,18,19,21,22,29,30,32,33,35],
[1,2,3,4,5,6,7,9,10,11,12,13,15,18,19,21,22,29,30,32,33,37],
[1,2,3,4,5,6,7,9,10,11,12,13,15,18,19,22,23,26,29,30,33,35],
[1,2,3,4,5,6,7,9,10,11,12,13,15,18,20,21,22,29,30,32,33,35],
[1,2,3,4,5,6,7,9,10,11,12,13,15,19,20,21,22,29,30,32,34,35],
[1,2,3,4,5,6,7,9,10,11,12,13,16,19,20,22,23,26,29,33,34,35],
[1,2,3,4,5,6,7,9,10,11,12,13,16,19,20,22,23,26,29,33,34,37],
[1,2,3,4,5,6,7,9,10,11,12,13,16,19,20,22,23,26,29,34,35,37],
[1,2,3,4,5,6,7,9,10,11,12,13,16,19,20,22,25,26,29,33,34,37],
[1,2,3,4,5,6,7,9,10,11,12,13,16,19,22,23,25,26,29,33,34,37],
[1,2,3,4,5,6,7,9,10,11,12,13,16,20,22,23,26,29,33,34,35,37],
[1,2,3,4,5,6,7,9,10,11,12,13,16,20,22,25,26,29,33,34,35,37],
[1,2,3,4,5,6,7,9,10,11,12,13,18,19,21,22,25,29,30,31,33,37],
[1,2,3,4,5,6,7,9,10,11,12,13,18,19,21,22,25,29,30,32,33,37],
[1,2,3,4,5,6,7,9,10,11,12,13,18,19,21,22,25,29,32,33,34,37],
[1,2,3,4,5,6,7,9,10,11,12,13,19,20,21,22,29,30,31,32,33,34],
[1,2,3,4,5,6,7,9,10,11,12,13,19,20,21,22,29,30,32,33,34,35],
[1,2,3,4,5,6,7,9,10,11,12,13,19,20,21,22,29,31,32,33,34,37],
[1,2,3,4,5,6,7,9,10,11,12,13,19,21,22,25,29,30,31,32,33,34],
[1,2,3,4,5,6,7,9,10,11,12,13,19,21,22,25,29,30,31,32,33,37],
[1,2,3,4,5,6,7,9,10,11,12,13,19,21,22,25,29,30,31,32,34,37],
[1,2,3,4,5,6,7,9,10,11,12,13,19,21,22,25,29,31,32,33,34,37],
[1,2,3,4,5,6,7,9,10,11,12,15,18,19,20,21,22,29,30,32,33,37],
[1,2,3,4,5,6,7,9,10,12,13,14,16,20,21,22,25,26,33,34,35,37],
[1,2,3,4,5,6,7,9,10,12,13,15,18,19,20,21,22,26,29,30,32,35],
[1,2,3,4,5,6,7,9,10,12,13,15,18,19,20,21,22,26,29,30,32,37],
[1,2,3,4,5,6,7,9,10,12,13,15,18,19,20,21,22,26,29,30,33,35],
[1,2,3,4,5,6,7,9,10,12,13,15,18,19,20,21,22,26,30,32,33,37],
[1,2,3,4,5,6,7,9,10,12,13,15,18,19,20,21,22,29,30,32,33,35],
[1,2,3,4,5,6,7,9,10,12,13,15,18,19,20,22,23,26,29,30,33,35],
[1,2,3,4,5,6,7,9,10,12,13,18,19,20,21,22,26,29,30,32,33,35],
[1,2,3,4,5,6,7,9,10,12,13,18,19,21,22,25,26,29,30,33,34,35],
[1,2,3,4,5,6,7,9,10,12,13,19,20,21,22,24,25,26,29,33,34,37],
[1,2,3,4,5,6,7,9,11,12,13,14,15,19,21,22,26,31,32,33,36,37],
[1,2,3,4,5,6,7,9,11,12,13,14,16,22,23,25,26,29,34,35,37,38],
[1,2,3,4,5,6,7,9,11,12,13,15,16,19,20,22,23,24,26,29,34,37],
[1,2,3,4,5,6,7,9,11,12,13,15,16,19,20,22,23,26,29,34,35,37],
[1,2,3,4,5,6,7,9,11,12,13,15,16,19,20,22,23,29,32,34,35,37],
[1,2,3,4,5,6,7,9,11,12,13,15,19,20,22,23,24,29,31,32,33,37],
[1,2,3,4,5,6,7,9,11,12,13,16,19,20,22,23,29,31,32,33,34,37],
[1,2,3,4,5,6,7,9,11,12,13,16,19,22,23,25,29,31,33,34,37,38],
[1,2,3,4,5,6,7,9,11,12,13,16,19,22,23,29,31,32,33,34,37,38],
[1,2,3,4,5,6,7,9,11,12,13,16,19,22,25,29,31,32,33,34,37,38],
[1,2,3,4,5,6,7,9,11,12,13,16,20,22,23,29,31,32,33,34,37,38],
[1,2,3,4,5,6,7,9,11,12,13,19,20,21,22,24,29,31,32,33,34,37],
[1,2,3,4,5,6,7,9,11,12,13,19,20,22,23,24,29,31,32,33,34,37],
[1,2,3,4,5,6,7,9,11,12,15,16,19,20,21,22,29,30,31,32,36,37],
[1,2,3,4,5,6,7,9,11,12,19,20,21,22,23,24,31,32,33,34,36,37],
[1,2,3,4,5,6,7,9,12,13,15,18,19,20,21,22,23,26,32,33,36,37],
[1,2,3,4,5,6,7,9,12,13,16,19,20,22,23,29,31,32,33,34,37,38],
[1,2,3,4,5,6,7,10,11,12,13,16,19,20,22,23,24,29,32,33,34,37],
[1,2,3,4,5,6,7,10,11,12,13,19,20,21,22,24,29,31,32,33,34,37],
[1,2,3,4,5,6,7,10,12,13,15,16,17,19,20,21,22,24,26,29,32,37],
[1,2,3,4,5,6,7,10,12,13,15,17,18,19,20,21,22,26,29,30,32,37],
[1,2,3,4,5,6,9,11,12,13,16,19,20,22,23,29,31,32,33,34,37,38],
[1,2,3,4,5,7,8,9,12,13,14,15,18,21,22,25,26,30,32,35,36,37],
[1,2,3,4,5,7,8,9,12,13,14,18,21,22,25,29,30,32,35,36,37,38],
[1,2,3,4,5,7,8,9,12,13,15,16,19,20,22,25,26,29,30,35,36,37],
[1,2,3,4,5,7,8,12,13,16,17,19,20,21,22,25,29,30,31,32,36,37],
[1,2,3,4,5,7,9,10,11,12,13,15,18,19,21,22,25,26,29,30,33,35],
[1,2,3,4,7,9,11,12,13,14,18,21,22,25,26,30,32,33,35,36,37,38],
[1,2,4,5,6,7,10,11,12,13,15,16,19,20,22,23,24,29,31,32,34,37],
[1,2,4,5,6,7,10,11,12,13,16,19,20,22,23,24,29,31,32,33,34,37],
[1,2,4,5,6,7,10,12,13,15,16,17,19,20,22,23,24,29,31,32,34,37],
[1,2,5,6,7,8,9,12,13,15,16,19,20,22,23,24,27,29,31,32,34,37],
[3,5,6,7,8,10,12,13,15,16,17,19,20,22,23,24,27,29,31,32,34,37],
[1,2,3,4,5,6,7,8,9,12,13,14,16,20,21,22,29,30,32,34,35,37,38],
[1,2,3,4,5,6,7,8,9,12,13,15,17,18,19,20,21,22,26,29,30,32,37],
[1,2,3,4,5,6,7,8,9,12,15,17,18,19,20,21,22,26,29,30,32,36,37],
[1,2,3,4,5,6,7,9,10,11,12,13,14,15,18,19,21,22,26,30,32,33,37],
[1,2,3,4,5,6,7,9,10,11,12,13,14,18,19,21,22,25,26,32,33,34,37],
[1,2,3,4,5,6,7,9,10,11,12,13,15,16,19,20,22,23,26,29,30,33,35],
[1,2,3,4,5,6,7,9,10,11,12,13,18,19,20,22,23,27,29,30,32,33,35],
[1,2,3,4,5,6,7,9,10,11,12,13,19,20,21,22,24,25,29,31,33,34,37],
[1,2,3,4,5,6,7,9,10,11,12,15,18,19,20,21,22,26,30,32,33,36,37],
[1,2,3,4,5,6,7,9,11,12,13,15,16,19,20,22,23,24,29,31,32,34,37],
[1,2,3,4,5,6,7,9,11,12,15,18,19,20,21,22,29,30,31,32,33,36,37],
[1,2,3,4,5,6,7,10,11,12,13,15,16,19,20,21,22,24,29,31,32,34,37],
[1,2,3,4,5,7,8,9,12,13,15,18,19,20,21,22,25,26,29,30,35,36,37],
[1,2,3,4,5,7,9,10,11,12,13,18,19,21,22,24,25,26,29,33,34,35,37],
[1,2,3,4,5,6,7,8,9,12,13,14,15,16,17,18,19,21,22,25,26,30,36,37],
[1,2,3,4,5,6,7,8,9,12,13,15,16,17,19,20,21,22,29,30,31,32,36,37],
[1,2,3,4,5,6,7,8,10,12,13,16,17,19,20,21,22,25,26,29,30,32,34,37],
[1,2,3,4,5,6,7,9,10,11,12,13,14,18,19,21,22,25,26,30,32,33,34,35],
[1,2,3,4,5,6,7,9,10,11,12,14,15,18,20,21,22,26,30,32,33,35,36,37],
[1,2,3,4,5,6,7,10,11,12,13,15,16,19,20,22,23,24,26,29,32,34,35,37],
[1,2,3,5,6,7,8,10,12,13,15,16,17,18,19,20,21,22,24,26,29,30,32,37],
[1,2,3,4,5,6,7,8,9,10,12,13,15,16,19,20,21,22,26,29,30,32,34,35,37],
[1,2,3,4,5,6,7,8,9,12,13,16,17,19,20,21,22,25,29,30,31,32,34,37,38],
[1,2,3,4,5,6,7,9,11,12,13,15,18,19,20,22,23,27,29,30,31,32,33,36,37],
[1,2,3,4,5,7,8,9,12,13,14,17,18,20,21,22,25,26,30,32,33,35,36,37,38],
[1,2,5,6,7,8,10,12,13,14,15,16,17,19,20,22,23,24,27,28,29,31,32,34,37],
[1,2,3,4,5,6,7,8,9,10,12,13,17,18,19,20,21,22,25,26,29,30,32,33,34,37],
[1,2,3,4,5,6,7,9,10,11,12,13,15,18,19,20,21,22,23,24,26,29,32,33,34,35,37],
[1,2,3,4,5,7,8,10,12,13,15,16,17,18,19,20,21,22,24,25,26,29,30,32,35,36,37],
[1,2,3,4,5,6,7,8,9,10,11,12,13,14,15,16,18,19,21,22,25,26,29,30,32,34,35,37],
[1,2,3,4,5,6,7,8,9,10,12,13,14,17,18,20,21,22,25,26,29,30,32,33,34,35,37,38],
[1,2,3,4,5,6,7,8,9,12,13,14,16,17,19,20,21,22,25,26,30,31,32,33,34,36,37,38],
[1,2,3,4,5,6,7,8,9,12,13,15,16,17,19,20,21,22,23,24,26,29,31,32,34,36,37,38],
[1,2,3,4,5,6,7,8,9,10,12,13,14,16,17,18,19,20,22,23,25,26,27,29,30,32,33,34,35,37,38],
[1,2,3,4,5,6,7,8,9,10,11,12,14,16,17,18,19,20,21,22,23,25,26,27,28,29,30,32,33,34,35,36,37,38],
[1,2,3,4,5,6,7,8,9,10,11,12,13,14,15,16,17,18,19,20,21,23,24,25,26,27,28,29,30,31,32,33,34,35,36,37,38]];
