return [[1,3,6,11,16,18,20,23,28,32,33,35,37,40,42,43,44,45,48,49,50],
[1,3,6,11,16,17,19,20,23,28,33,35,37,40,42,43,44,45,48,49,50],
[1,3,6,11,16,17,18,19,20,23,28,33,35,40,42,43,44,45,48,49,50],
[1,3,6,11,16,17,18,19,20,28,33,35,37,40,42,43,44,45,48,49,50],
[1,3,6,11,16,17,18,19,20,23,28,33,37,40,42,43,44,45,48,49,50],
[1,3,6,11,16,17,18,20,23,28,33,35,37,40,42,43,44,45,48,49,50],
[1,3,6,11,16,17,18,19,23,28,33,35,37,40,42,43,44,45,48,49,50],
[1,3,6,11,12,16,17,18,19,20,28,33,35,37,40,42,43,44,48,49,50],
[1,3,4,6,11,16,18,20,23,28,32,33,35,37,40,42,43,44,45,46,48,49],
[1,3,6,11,16,18,20,23,28,32,33,35,37,40,42,43,44,45,46,49,50],
[1,3,6,11,12,16,18,20,23,28,32,33,35,37,38,40,42,43,44,48,49,50],
[1,3,6,11,16,18,20,21,23,28,32,33,35,37,40,42,43,45,46,48,49,50],
[1,3,6,11,14,16,18,20,21,23,28,32,33,35,37,40,43,44,45,48,49,50],
[1,3,4,6,11,12,15,16,18,19,20,21,28,32,33,35,37,40,42,43,44,45,48,49,50],
[1,2,6,7,9,10,11,12,14,15,16,17,18,20,21,22,23,25,28,29,32,33,35,37,38,40,41,42,43,44,45,47,48,49,50],
[3,6,10,11,12,15,16,17,18,20,23,25,28,32,33,35,37,38,40,42,43,44,45,48,49,50],
[1,3,6,11,16,17,18,19,20,23,28,31,33,35,37,40,42,43,44,45,46,48,49],
[1,3,6,11,12,13,16,17,18,19,20,23,28,31,33,35,37,40,42,43,44,45,48,50],
[1,2,3,6,10,11,12,14,15,16,17,19,20,23,27,28,30,33,35,37,38,40,42,43,44,47,48,49,50],
[1,3,6,11,16,17,19,20,23,28,33,35,37,40,42,43,45,46,48,49,50],
[1,3,6,11,13,16,17,19,20,21,23,28,33,35,37,40,42,44,45,48,49,50],
[1,3,6,11,13,16,17,18,19,20,23,28,35,37,40,42,43,44,45,48,49,50],
[1,3,6,11,17,19,20,23,28,33,35,37,40,42,43,44,45,46,48,49,50],
[1,3,11,15,16,17,19,20,23,28,33,35,37,40,42,43,44,45,48,49,50],
[1,3,6,11,16,17,18,19,20,23,28,32,33,35,40,42,43,44,48,49,50],
[1,3,6,11,16,17,18,19,20,21,23,28,32,33,35,40,42,43,45,46,48,49,50],
[1,3,6,11,13,16,17,18,19,20,23,28,33,35,40,42,44,45,48,49,50],
[1,3,11,16,17,18,19,20,23,28,32,33,35,40,42,43,44,45,48,49,50],
[1,3,6,11,16,17,18,19,20,21,28,33,35,37,40,42,43,45,48,49,50],
[1,3,6,11,16,17,18,19,20,21,28,33,35,37,40,42,44,45,48,49,50],
[1,3,6,11,16,17,18,19,20,21,28,33,35,37,40,43,44,45,48,49,50],
[1,3,4,6,11,12,13,14,15,17,18,19,20,21,22,28,32,33,35,37,38,40,42,43,44,45,46,48,49,50],
[1,3,11,12,15,16,17,18,19,20,21,28,33,35,37,40,42,43,44,45,48,49,50],
[1,6,11,16,17,18,19,20,21,28,33,35,37,40,42,43,44,45,48,49,50],
[3,6,11,12,16,17,18,19,20,21,28,33,35,37,40,42,43,44,45,48,49,50],
[1,3,6,11,16,17,18,19,20,21,23,28,32,33,34,37,40,42,43,45,46,48,49,50],
[1,3,6,11,13,16,17,18,19,20,23,28,33,37,40,42,44,45,48,49,50],
[1,3,6,11,13,17,18,19,20,23,28,33,37,40,42,43,44,45,48,49,50],
[1,3,6,11,16,17,18,20,21,23,28,33,35,37,40,43,44,45,48,49,50],
[1,3,6,11,16,17,18,19,23,28,33,35,37,40,42,43,45,46,48,49,50],
[1,3,6,11,16,18,19,23,28,33,35,37,40,42,43,44,45,46,48,49,50],
[1,3,6,11,17,18,19,23,28,33,35,37,40,42,43,44,45,46,48,49,50],
[1,3,11,15,16,17,18,19,23,28,33,35,37,40,42,43,44,45,46,48,49,50],
[1,3,6,11,12,16,17,18,19,20,21,28,33,35,37,40,42,43,48,49,50],
[1,3,6,11,12,16,17,18,19,20,21,28,33,35,37,40,42,44,48,49,50],
[1,3,6,11,12,16,17,18,19,20,21,28,33,35,37,42,43,44,48,49,50],
[1,3,6,11,12,16,17,18,19,20,28,32,33,35,40,42,43,44,48,49,50],
[1,3,6,11,12,13,16,17,18,19,20,28,35,37,40,42,43,44,48,49,50],
[1,3,6,12,16,17,18,19,20,21,28,33,35,37,40,42,43,44,48,49,50],
[1,6,11,12,16,17,18,19,20,21,28,33,35,37,40,42,43,44,48,49,50],
[1,3,6,11,16,18,19,20,23,28,32,33,35,40,42,43,44,45,46,49,50],
[1,3,6,11,13,16,18,20,23,28,32,35,37,40,42,43,44,45,46,49,50],
[1,3,4,6,11,16,18,20,23,32,33,35,37,40,42,43,44,45,46,49,50],
[1,3,6,11,16,17,19,20,21,23,28,33,35,37,40,42,45,46,48,49,50],
[1,3,6,11,16,17,19,20,21,23,28,33,35,37,40,43,45,46,48,49,50],
[1,3,6,11,16,17,19,20,21,28,33,35,37,40,42,43,45,46,48,49,50],
[1,3,6,11,16,19,20,23,28,32,33,35,37,40,42,43,45,46,48,49,50],
[1,6,11,16,17,19,20,21,23,28,33,35,37,40,42,43,45,46,48,49,50],
[1,3,6,11,14,17,19,20,23,28,33,35,37,40,42,43,44,45,46,48,50],
[1,3,6,11,14,17,19,20,23,28,33,35,37,40,42,43,44,46,48,49,50],
[1,3,6,11,13,17,19,20,23,28,33,35,37,40,42,44,45,46,48,49,50],
[1,3,6,11,14,17,19,20,23,33,35,37,40,42,43,44,45,46,48,49,50],
[1,3,6,11,14,19,20,23,28,33,35,37,40,42,43,44,45,46,48,49,50],
[1,3,11,14,17,19,20,23,28,33,35,37,40,42,43,44,45,46,48,49,50],
[3,6,11,14,17,19,20,23,28,33,35,37,40,42,43,44,45,46,48,49,50],
[1,3,11,15,16,17,19,20,23,28,32,33,35,40,42,43,44,45,48,49,50],
[1,3,11,14,15,16,17,19,20,23,33,35,37,40,42,43,44,45,48,49,50],
[1,3,11,14,15,16,19,20,23,28,33,35,37,40,42,43,44,45,48,49,50],
[1,3,11,14,15,17,19,20,23,28,33,35,37,40,42,43,44,45,48,49,50],
[1,3,6,11,13,16,17,18,19,20,21,23,28,33,35,40,42,45,48,49,50],
[1,3,6,11,13,16,17,18,19,20,21,23,28,33,35,40,44,45,48,49,50],
[1,3,6,11,13,16,17,18,19,20,21,28,33,35,40,42,44,45,48,49,50],
[1,3,5,11,16,17,18,19,20,23,28,32,33,35,40,42,43,44,45,48,49],
[1,3,5,11,15,16,17,18,19,20,23,26,28,32,33,35,40,42,43,44,45,46,47,49,50],
[1,3,6,11,16,17,18,19,20,21,28,33,35,37,40,42,43,45,46,48,49],
[1,3,6,11,16,17,18,19,20,21,28,33,35,37,40,42,43,45,46,49,50],
[1,3,6,11,16,17,18,19,21,28,33,35,37,40,42,43,45,46,48,49,50],
[1,3,6,16,17,18,19,20,21,28,33,35,37,40,42,43,45,46,48,49,50],
[1,3,6,11,13,16,17,18,19,20,21,28,33,37,40,42,44,45,48,49,50],
[1,3,6,11,13,16,17,18,19,20,21,28,35,37,40,42,44,45,48,49,50],
[1,3,6,11,13,16,17,18,19,20,21,33,35,37,40,42,44,45,48,49,50],
[1,3,6,11,13,17,18,19,23,28,33,37,40,42,43,44,45,46,48,49,50],
[1,3,6,11,16,17,18,20,21,23,28,31,33,35,37,40,43,44,45,48,49],
[1,3,6,11,14,16,17,18,20,21,23,33,35,37,40,43,44,45,48,49,50],
[1,3,6,11,14,17,18,20,21,23,28,33,35,37,40,43,44,45,48,49,50],
[1,3,6,11,16,18,19,23,27,28,33,35,37,40,42,44,45,46,48,49,50],
[1,3,6,11,12,13,16,17,18,19,20,21,28,35,37,40,42,44,48,49,50],
[3,6,11,16,18,19,20,23,28,32,33,35,40,42,43,44,45,46,47,49,50],
[1,3,4,6,11,16,18,20,23,26,32,33,37,40,42,43,44,45,46,49,50],
[1,3,6,11,13,17,19,20,21,23,28,33,35,37,40,42,45,46,48,49,50],
[1,3,6,11,13,14,17,19,20,23,33,35,37,40,42,44,45,46,48,49,50],
[1,3,11,14,15,16,17,19,20,23,32,33,35,40,42,43,44,45,48,49,50],
[3,6,11,12,16,17,18,20,23,25,28,31,33,35,37,40,42,43,44,45,48]];
