return [[1,2,3,4,5,6,7,8,9,10,11,12,13,14,15,16,17,20,21,29,30],
[1,2,3,4,5,6,7,8,9,10,11,12,13,14,15,16,17,21,23,29,30],
[1,2,3,4,5,6,7,8,9,10,11,12,13,14,15,16,18,20,28,29,30],
[1,2,3,4,5,6,7,8,9,10,11,12,13,14,15,16,19,23,26,28,30],
[1,2,3,4,5,6,7,8,9,10,11,12,13,14,15,16,19,23,28,29,30],
[1,2,3,4,5,6,7,8,9,10,11,12,13,14,16,17,18,20,21,28,29],
[1,2,3,4,5,6,7,8,9,10,11,12,13,14,16,17,19,21,23,25,28],
[1,2,3,4,5,6,7,8,9,10,11,12,13,14,16,17,19,21,23,28,29],
[1,2,3,4,5,6,7,8,9,10,11,12,13,14,16,17,19,21,25,27,28],
[1,2,3,4,5,6,7,8,9,10,11,12,13,14,16,18,19,21,22,27,29],
[1,2,3,4,5,6,7,8,9,10,11,12,13,14,16,18,19,21,22,29,30],
[1,2,3,4,5,6,7,8,9,10,11,12,13,14,16,18,19,21,28,29,30],
[1,2,3,4,5,6,7,8,9,10,11,12,13,14,16,18,19,22,27,29,30],
[1,2,3,4,5,6,7,8,9,10,11,12,13,14,16,18,20,21,28,29,30],
[1,2,3,4,5,6,7,8,9,10,11,12,13,14,16,19,21,23,26,28,30],
[1,2,3,4,5,6,7,8,9,10,11,12,13,15,16,17,21,23,25,26,30],
[1,2,3,4,5,6,7,8,9,10,11,12,13,15,16,17,21,23,25,29,30],
[1,2,3,4,5,6,7,8,9,10,11,12,13,15,16,17,23,25,26,28,30],
[1,2,3,4,5,6,7,8,9,10,11,12,13,15,16,19,23,25,26,28,30],
[1,2,3,4,5,6,7,8,9,10,11,12,13,16,17,18,20,21,28,29,30],
[1,2,3,4,5,6,7,8,9,10,11,12,13,16,17,18,21,25,28,29,30],
[1,2,3,4,5,6,7,8,9,10,11,12,13,16,17,19,21,23,25,28,29],
[1,2,3,4,5,6,7,8,9,10,11,12,13,16,18,19,21,25,28,29,30],
[1,2,3,4,5,6,7,8,9,10,11,12,13,16,19,21,23,25,28,29,30],
[1,2,3,4,5,6,7,8,9,10,11,12,14,16,18,19,20,22,28,29,30],
[1,2,3,4,5,6,7,8,9,10,11,12,14,16,18,19,20,23,28,29,30],
[1,2,3,4,5,6,7,8,9,10,11,12,14,16,18,19,21,23,28,29,30],
[1,2,3,4,5,6,7,8,9,10,11,13,14,15,16,17,18,20,21,29,30],
[1,2,3,4,5,6,7,8,9,10,11,13,14,15,16,17,18,20,28,29,30],
[1,2,3,4,5,6,7,8,9,10,11,13,14,15,16,17,18,21,22,29,30],
[1,2,3,4,5,6,7,8,9,10,11,13,14,15,16,17,18,22,24,26,30],
[1,2,3,4,5,6,7,8,9,10,11,13,14,15,16,17,18,22,24,29,30],
[1,2,3,4,5,6,7,8,9,10,11,13,14,15,16,17,18,24,26,28,30],
[1,2,3,4,5,6,7,8,9,10,11,13,14,15,16,17,18,24,28,29,30],
[1,2,3,4,5,6,7,8,9,10,11,13,14,15,16,18,19,22,24,29,30],
[1,2,3,4,5,6,7,8,9,10,11,13,14,16,17,18,19,21,23,29,30],
[1,2,3,4,5,6,7,8,9,10,11,13,14,16,17,18,20,21,28,29,30],
[1,2,3,4,5,6,7,8,9,10,11,13,16,17,18,19,21,23,28,29,30],
[1,2,3,4,5,6,7,8,9,10,11,13,16,17,19,21,23,25,28,29,30],
[1,2,3,4,5,6,7,8,9,10,11,14,16,17,18,19,21,22,25,26,27],
[1,2,3,4,5,6,7,8,9,10,11,14,16,17,18,20,21,23,28,29,30],
[1,2,3,4,5,6,7,8,9,10,11,16,17,18,19,21,22,23,25,29,30],
[1,2,3,4,5,6,7,8,9,10,14,15,16,18,19,22,23,24,28,29,30],
[1,2,3,4,5,6,7,8,9,10,14,15,16,18,19,23,25,28,29,30,31],
[1,2,3,4,5,6,7,8,9,10,14,15,16,18,20,21,22,23,25,29,30],
[1,2,3,4,5,6,7,8,9,10,14,16,17,18,20,21,22,23,25,28,30],
[1,2,3,4,5,6,7,8,9,10,16,17,18,19,22,23,24,25,26,28,30],
[1,2,3,4,5,6,7,8,9,10,16,17,18,19,22,23,24,25,28,29,30],
[1,2,3,4,5,6,7,8,9,11,12,13,15,16,18,19,25,27,28,29,30],
[1,2,3,4,5,6,7,8,9,11,12,14,15,16,18,19,21,22,23,29,30],
[1,2,3,4,5,6,7,8,11,12,13,14,15,16,17,18,20,25,27,28,29],
[1,2,3,4,5,6,7,9,11,13,14,15,16,17,18,19,23,24,25,28,29],
[1,2,3,5,6,8,9,10,16,17,18,19,21,22,23,24,25,28,29,30,31],
[1,2,3,4,5,6,7,8,9,10,11,12,13,14,15,16,17,18,20,27,28,29],
[1,2,3,4,5,6,7,8,9,10,11,12,13,14,15,16,17,19,23,27,28,29],
[1,2,3,4,5,6,7,8,9,10,11,12,13,14,15,16,17,21,23,26,28,30],
[1,2,3,4,5,6,7,8,9,10,11,12,13,14,15,16,18,20,21,22,29,30],
[1,2,3,4,5,6,7,8,9,10,11,12,13,14,15,16,19,21,22,23,26,30],
[1,2,3,4,5,6,7,8,9,10,11,12,13,16,18,19,21,22,25,27,29,30],
[1,2,3,4,5,6,7,8,9,10,11,14,16,17,18,19,21,22,23,24,29,30],
[1,2,3,4,5,6,7,8,9,10,11,12,13,14,15,16,17,18,20,21,22,27,29],
[1,2,3,4,5,6,7,8,9,10,11,12,13,14,15,16,17,19,23,25,26,27,28],
[1,2,3,4,5,6,7,8,9,10,11,14,15,16,17,18,20,22,23,24,28,29,30],
[1,2,3,4,5,6,7,8,9,10,11,12,13,14,16,18,19,21,22,25,26,27,28,30],
[1,2,3,4,5,6,7,8,9,10,11,12,13,14,15,16,17,19,21,22,23,25,26,27,29],
[1,2,3,4,5,6,7,8,9,10,11,12,13,14,15,16,17,18,20,21,22,25,26,27,28,30],
[1,2,3,4,5,6,7,8,9,10,11,12,13,14,15,17,18,19,20,21,22,23,24,25,26,27,28,29,30,31]];
