return [[3,4,8,11,14,18,20,23,24,26,27,28,29,30,33,34,35,36,37,38,39,40,41,42],
[3,4,11,13,18,20,23,24,26,27,28,29,30,33,34,35,36,37,38,39,40,41,42],
[2,3,4,8,11,14,18,24,26,27,28,29,30,31,33,34,36,38,39,41,42],
[2,3,4,8,11,14,18,24,26,27,28,29,30,33,34,35,36,38,39,41,42],
[2,3,4,8,9,14,18,20,24,26,27,28,29,30,31,33,34,36,38,39,41,42],
[2,3,4,8,14,18,20,24,26,27,28,29,30,33,34,35,36,38,39,41,42],
[2,3,8,11,14,18,20,24,26,27,28,30,31,33,35,36,37,38,40,41,42],
[2,3,4,8,11,14,18,20,24,26,27,28,29,30,33,34,35,36,38,39,42],
[2,3,4,7,8,11,14,18,24,26,27,28,29,30,31,32,33,34,35,36,38,40,41,42],
[2,3,4,8,11,14,18,21,24,26,27,28,29,30,33,34,35,36,39,41,42],
[2,3,4,8,11,14,18,20,24,26,27,28,30,33,34,35,36,38,39,41,42],
[2,3,4,8,11,14,18,21,24,27,28,29,30,32,33,34,35,36,38,39,41,42],
[2,3,4,11,14,18,20,24,26,27,28,29,30,33,34,35,36,38,39,41,42],
[2,3,8,11,14,18,20,24,26,27,28,29,30,33,34,35,36,38,39,40,41,42],
[1,2,4,8,10,11,13,14,17,18,20,21,23,24,26,27,28,29,30,32,33,34,35,36,37,38,39,40,41,42],
[2,3,4,8,14,18,20,21,24,27,28,29,30,32,33,34,35,36,38,39,41,42],
[2,3,4,7,8,9,13,16,18,20,24,26,27,28,29,30,33,34,35,36,38,39,41,42],
[2,3,5,8,11,14,18,20,24,26,27,28,30,31,33,35,36,37,38,40,41],
[2,3,8,11,14,18,20,24,26,27,28,30,31,32,33,35,36,37,38,40,42],
[2,3,5,8,11,14,18,20,24,26,27,28,31,33,35,36,37,38,40,41,42],
[2,3,5,8,11,18,20,24,26,27,28,30,31,33,35,36,37,38,40,41,42],
[2,3,4,8,11,14,16,18,20,24,26,27,28,29,30,32,33,34,35,36,38,39],
[2,3,4,8,11,14,18,20,24,26,27,28,29,30,32,33,34,35,36,38,42],
[2,3,4,8,11,14,16,18,20,21,24,25,26,27,28,29,30,31,32,33,34,35,36,37,39,42],
[1,2,3,4,8,9,11,14,16,18,19,20,21,24,25,26,27,28,29,30,31,32,33,34,35,37,38,39,40,42],
[2,3,4,8,11,14,16,18,20,24,26,27,28,29,30,32,33,35,36,37,38,39,42],
[2,3,4,8,11,14,18,20,24,26,27,28,29,30,32,34,35,36,38,39,42],
[2,3,4,8,11,14,18,20,24,26,27,28,29,32,33,34,35,36,38,39,42],
[2,3,4,8,11,14,18,20,24,26,27,29,30,32,33,34,35,36,38,39,42],
[2,3,4,8,11,14,18,20,24,26,28,29,30,32,33,34,35,36,38,39,42],
[2,3,4,8,11,14,18,20,24,27,28,29,30,32,33,34,35,36,38,39,42],
[2,3,4,8,11,14,18,21,24,26,27,28,29,30,31,33,34,35,36,41,42],
[2,3,4,8,11,14,18,21,24,26,27,28,29,30,31,33,35,36,39,41,42],
[2,3,4,8,11,14,18,20,21,24,26,27,28,30,31,33,34,35,36,39,41,42],
[2,3,4,8,11,14,18,20,24,26,27,28,32,33,34,35,36,38,39,41,42],
[2,3,4,11,13,14,18,20,24,26,27,28,29,30,33,34,35,36,38,39,41],
[2,3,4,11,14,18,20,24,26,27,28,29,30,33,34,35,36,38,40,41,42],
[2,3,5,8,9,11,14,18,20,24,26,27,28,30,31,33,34,35,36,37,40,41],
[2,3,5,8,11,14,18,20,24,26,27,28,30,31,33,34,35,36,38,40,41],
[2,3,5,8,9,11,14,18,20,24,26,27,28,30,31,33,35,37,38,40,41],
[2,3,5,8,9,11,14,17,18,24,26,27,28,30,31,33,35,36,37,38,40,41],
[2,3,8,11,14,18,20,24,26,27,28,29,30,31,32,33,34,36,37,38,40,42],
[2,3,8,11,14,18,20,26,27,28,29,30,31,32,33,35,36,37,38,40,42],
[2,3,8,11,16,18,20,24,26,27,28,30,31,32,33,35,36,37,38,40,42],
[2,3,11,14,18,20,24,26,27,28,29,30,31,32,33,35,36,37,38,40,42],
[2,3,4,11,14,18,20,24,26,27,28,29,30,32,33,34,35,36,38,40,42],
[3,4,8,11,14,18,20,24,26,27,28,29,30,32,33,34,35,36,38,40,42],
[2,3,4,8,11,14,16,18,20,26,27,28,29,32,33,34,35,36,38,39,42],
[2,3,4,8,14,18,19,20,24,26,27,28,29,32,33,34,35,36,38,39,42],
[2,3,4,8,11,14,16,18,20,26,27,29,30,32,33,34,35,36,38,39,42],
[2,3,4,6,7,8,11,14,16,18,19,23,24,25,26,27,29,30,32,33,34,35,36,38,39,42],
[2,3,4,8,11,14,16,20,24,26,27,29,30,32,33,34,35,36,38,39,42],
[2,3,4,11,14,18,20,24,25,26,27,29,30,32,33,34,35,36,38,39,42],
[2,3,4,8,11,14,16,18,20,24,26,28,30,32,33,34,35,36,38,39,42],
[2,3,4,8,11,14,16,18,20,26,28,29,30,32,33,34,35,36,38,39,42],
[2,3,4,8,11,14,16,18,24,26,28,29,30,32,33,34,35,36,38,39,42],
[3,4,8,11,14,18,20,24,26,28,29,30,32,33,34,35,36,37,38,39,42],
[2,3,4,8,11,14,18,20,21,27,28,29,30,32,33,34,35,36,38,39,42],
[2,3,4,8,11,14,20,21,24,27,28,29,30,32,33,34,35,36,38,39,42],
[2,3,8,9,11,14,18,21,24,26,27,28,29,30,31,33,35,36,39,41,42],
[3,4,8,11,14,18,20,23,24,26,27,28,32,33,34,35,36,38,39,41,42],
[2,3,5,8,9,11,14,18,20,24,26,27,28,30,31,33,34,35,38,40,41],
[2,3,5,8,11,14,17,18,20,26,27,28,30,31,33,34,35,36,38,40,41],
[2,3,5,8,11,14,17,18,24,26,27,28,30,31,33,34,35,36,38,40,41],
[2,3,5,8,11,14,17,20,24,26,27,28,30,31,33,34,35,36,38,40,41],
[2,3,5,7,8,9,14,17,18,20,24,26,27,28,30,31,33,34,35,36,38,40,41],
[2,5,8,11,14,17,18,20,24,26,27,28,30,31,33,34,35,36,38,40,41],
[2,3,5,8,9,11,14,18,20,24,26,27,28,30,31,33,34,35,37,38,40],
[1,2,5,8,9,11,14,17,18,20,24,26,27,28,30,31,33,34,35,37,38,40,41],
[3,5,8,9,11,14,18,20,24,26,27,28,30,31,33,34,35,37,38,40,41],
[2,3,8,11,16,18,24,26,27,28,29,30,31,32,33,35,36,37,38,40,42],
[2,3,7,8,16,18,20,24,26,27,28,29,30,31,32,33,35,36,37,38,40,42],
[2,3,4,8,11,14,16,18,20,21,23,27,29,30,32,33,34,35,36,38,39,42],
[2,3,4,11,14,16,18,20,23,25,26,27,29,30,32,33,34,35,36,38,39,42],
[2,4,8,11,14,16,18,20,23,26,27,29,30,32,33,34,35,36,38,39,42],
[1,2,3,4,8,11,14,16,18,20,24,28,30,32,33,34,35,36,38,39,42],
[2,3,4,8,11,14,16,18,20,21,28,29,30,32,33,34,35,36,38,39,42],
[1,2,3,5,8,9,11,14,18,20,24,26,28,30,31,33,34,35,38,40,41],
[1,2,3,5,8,9,11,14,16,18,20,26,28,30,31,33,34,35,38,40,41],
[1,2,3,5,7,8,9,11,14,18,24,26,28,30,31,33,34,35,38,40,41],
[1,2,3,5,7,8,9,11,14,15,16,17,19,20,24,26,28,30,31,33,34,35,38,40,41],
[1,2,3,5,7,8,9,14,18,20,24,26,28,30,31,33,34,35,38,40,41],
[1,2,3,5,7,8,9,11,14,16,18,26,28,30,31,33,34,35,38,40,41],
[1,2,3,5,7,8,9,14,15,18,20,24,26,28,30,31,33,34,38,40,41],
[2,3,5,7,8,9,14,18,20,24,25,26,27,30,31,33,34,35,36,40,41],
[1,2,5,6,8,9,11,14,17,18,24,26,27,30,31,33,35,37,38,40,41],
[1,2,5,7,8,9,10,14,15,17,19,20,24,26,28,31,33,34,38,40,41]];
