return [[1,2,3,4,5,6,7,8,9,10,11,13,14,15,16,20,22,24,26,35,36],
[1,2,3,4,5,6,7,8,9,10,11,13,14,15,16,20,24,25,26,30,32],
[1,2,3,4,5,6,7,8,9,10,11,13,14,15,16,20,24,25,26,32,36],
[1,2,3,4,5,6,7,8,9,10,11,13,14,15,16,20,24,26,32,35,36],
[1,2,3,4,5,6,7,8,9,10,11,13,14,15,16,24,25,26,30,32,36],
[1,2,3,4,5,6,7,8,9,10,11,13,14,15,20,21,22,24,26,35,36],
[1,2,3,4,5,6,7,8,9,10,11,13,14,15,20,21,22,24,30,35,36],
[1,2,3,4,5,6,7,8,9,10,11,13,14,16,20,22,24,26,32,35,36],
[1,2,3,4,5,6,7,8,9,10,11,13,15,16,17,20,22,24,26,35,36],
[1,2,3,4,5,6,7,8,9,10,11,13,15,16,17,20,22,25,26,35,36],
[1,2,3,4,5,6,7,8,9,10,11,13,15,16,17,20,24,25,26,35,36],
[1,2,3,4,5,6,7,8,9,10,11,13,15,16,20,22,24,25,26,27,30],
[1,2,3,4,5,6,7,8,9,10,11,13,15,16,20,22,24,25,27,30,35],
[1,2,3,4,5,6,7,8,9,10,11,13,15,16,24,25,26,30,32,35,36],
[1,2,3,4,5,6,7,8,9,10,11,13,15,17,20,21,22,24,26,35,36],
[1,2,3,4,5,6,7,8,9,10,11,13,15,17,20,21,22,24,30,35,36],
[1,2,3,4,5,6,7,8,9,10,11,13,15,17,20,22,23,24,25,30,35],
[1,2,3,4,5,6,7,8,9,10,11,13,15,17,20,22,23,24,30,35,36],
[1,2,3,4,5,6,7,8,9,10,11,13,15,17,20,22,24,25,26,27,30],
[1,2,3,4,5,6,7,8,9,10,11,13,15,17,20,22,24,25,27,30,35],
[1,2,3,4,5,6,7,8,9,10,11,13,15,17,20,24,25,26,27,30,35],
[1,2,3,4,5,6,7,8,9,10,11,13,16,17,20,22,24,26,27,35,36],
[1,2,3,4,5,6,7,8,9,10,11,13,16,17,20,22,25,26,27,35,36],
[1,2,3,4,5,6,7,8,9,10,11,13,16,20,22,24,25,27,30,32,35],
[1,2,3,4,5,6,7,8,9,10,11,13,16,20,22,24,26,27,32,35,36],
[1,2,3,4,5,6,7,8,9,10,11,13,16,22,24,25,27,30,32,35,36],
[1,2,3,4,5,6,7,8,9,10,11,13,16,22,24,26,27,30,32,35,36],
[1,2,3,4,5,6,7,8,9,10,11,13,16,24,25,26,27,30,32,35,36],
[1,2,3,4,5,6,7,8,9,10,11,13,17,20,22,23,24,25,30,34,35],
[1,2,3,4,5,6,7,8,9,10,11,13,17,20,22,23,24,30,34,35,36],
[1,2,3,4,5,6,7,8,9,10,11,13,17,20,22,24,25,27,30,34,35],
[1,2,3,4,5,6,7,8,9,10,11,13,17,20,24,25,26,27,30,32,35],
[1,2,3,4,5,6,7,8,9,10,11,13,17,20,24,25,27,30,32,34,35],
[1,2,3,4,5,6,7,8,9,10,11,13,17,20,25,26,27,30,32,34,35],
[1,2,3,4,5,6,7,8,9,10,11,13,17,20,25,26,27,32,34,35,36],
[1,2,3,4,5,6,7,8,9,10,11,13,20,22,24,25,27,30,32,34,35],
[1,2,3,4,5,6,7,8,9,10,13,14,15,16,20,22,24,26,30,32,36],
[1,2,3,4,5,6,7,8,9,10,13,14,15,20,21,22,24,26,30,32,36],
[1,2,3,4,5,6,7,8,9,10,13,17,20,22,23,25,30,32,34,35,36],
[1,2,3,4,5,6,7,8,9,10,13,17,20,22,25,27,30,32,34,35,36],
[1,2,3,4,5,6,7,8,10,11,13,15,17,20,21,22,24,26,30,35,36],
[1,2,3,4,5,6,7,8,10,11,13,15,17,20,22,24,25,26,27,30,35],
[1,2,3,4,5,6,7,9,10,11,13,14,15,17,20,21,22,24,26,30,31],
[1,2,3,4,5,6,7,9,10,11,13,14,15,17,20,21,22,26,30,31,36],
[1,2,3,4,5,6,7,9,10,11,13,14,15,17,20,22,24,26,29,30,31],
[1,2,3,4,5,6,7,9,10,11,13,14,15,17,20,22,24,29,30,31,33],
[1,2,3,4,5,6,7,9,10,11,13,14,15,17,21,22,24,26,30,31,36],
[1,2,3,4,5,6,7,9,10,11,13,14,15,20,21,22,24,26,28,30,31],
[1,2,3,4,5,6,7,9,10,11,13,14,15,20,22,25,28,30,31,33,34],
[1,2,3,4,5,6,7,9,10,11,13,14,15,21,22,24,28,30,31,32,36],
[1,2,3,4,5,6,7,9,10,11,13,14,17,18,20,22,24,26,29,30,31],
[1,2,3,4,5,6,7,9,10,11,13,14,17,18,20,22,24,29,30,31,33],
[1,2,3,4,5,6,7,9,10,11,13,14,17,18,20,22,26,31,33,34,36],
[1,2,3,4,5,6,7,9,10,11,13,14,18,20,22,24,26,29,31,32,33],
[1,2,3,4,5,6,7,9,10,11,13,14,18,20,22,24,29,30,31,32,33],
[1,2,3,4,5,6,7,9,10,11,13,14,18,20,22,26,31,32,33,34,36],
[1,2,3,4,5,6,7,9,10,11,13,15,16,20,22,25,28,33,35,36,37],
[1,2,3,4,5,6,7,9,10,11,13,15,20,22,25,28,33,34,35,36,37],
[1,2,3,4,5,6,7,9,10,11,13,15,20,22,28,31,33,34,35,36,37],
[1,2,3,4,5,6,7,9,10,11,13,16,18,20,22,23,24,25,32,33,35],
[1,2,3,4,5,6,7,9,10,12,13,14,15,16,20,22,25,30,32,33,36],
[1,2,3,4,5,6,7,9,10,12,13,14,15,20,22,25,30,32,33,34,36],
[1,2,3,4,5,6,7,9,10,12,13,14,15,20,22,30,31,32,33,34,36],
[1,2,3,4,5,6,7,9,10,12,13,14,17,20,22,26,30,31,32,34,36],
[1,2,3,4,5,6,7,9,10,12,13,14,17,20,22,30,31,32,33,34,36],
[1,2,3,4,5,6,7,9,10,12,13,15,16,20,22,25,32,33,35,36,37],
[1,2,3,4,5,6,7,10,11,13,14,15,16,20,22,24,26,30,33,35,36],
[1,2,3,4,5,6,7,10,11,13,14,15,17,20,22,24,26,29,30,31,33],
[1,2,3,4,5,6,7,10,11,13,14,15,20,22,24,26,28,30,31,33,35],
[1,2,3,4,5,6,7,10,11,13,15,16,20,22,24,25,26,28,30,33,35],
[1,2,3,4,5,7,10,11,13,15,17,20,22,24,25,26,30,31,33,35,36],
[1,2,3,4,6,7,8,9,10,11,12,13,14,15,16,17,20,22,26,27,36],
[1,2,3,4,6,7,8,9,10,11,12,13,14,15,16,17,23,25,26,27,36],
[1,2,3,4,6,7,8,9,10,11,12,13,14,15,16,22,23,25,27,30,36],
[1,2,3,4,6,7,8,9,10,11,12,13,14,15,16,23,25,26,27,30,36],
[1,2,3,4,6,7,8,9,10,11,12,13,14,15,17,23,25,26,27,30,36],
[1,2,3,4,6,7,8,9,10,11,13,14,15,16,17,20,23,25,26,27,37],
[1,2,3,4,6,7,8,9,10,11,13,14,15,16,17,20,23,25,26,36,37],
[1,2,3,4,6,7,8,9,10,11,13,14,15,16,17,23,25,26,27,36,37],
[1,2,3,4,6,7,8,9,10,11,13,14,15,16,20,22,23,24,27,28,35],
[1,2,3,4,6,7,8,9,10,11,13,14,15,16,20,22,23,34,35,36,37],
[1,2,3,4,6,7,8,9,10,11,13,14,15,16,20,23,24,25,26,35,37],
[1,2,3,4,6,7,8,9,10,11,13,14,15,16,20,23,25,26,35,36,37],
[1,2,3,4,6,7,8,9,10,11,13,14,15,16,20,23,25,34,35,36,37],
[1,2,3,4,6,7,8,9,10,11,13,14,15,16,22,23,24,27,28,30,35],
[1,2,3,4,6,7,8,9,10,11,13,14,15,17,20,21,22,23,24,27,30],
[1,2,3,4,6,7,8,9,10,11,13,14,15,17,20,21,22,23,24,30,35],
[1,2,3,4,6,7,8,9,10,11,13,14,15,17,20,21,22,24,26,27,30],
[1,2,3,4,6,7,8,9,10,11,13,14,15,17,20,21,22,34,35,36,37],
[1,2,3,4,6,7,8,9,10,11,13,14,15,17,20,22,23,25,27,30,34],
[1,2,3,4,6,7,8,9,10,11,13,14,15,17,20,22,23,34,35,36,37],
[1,2,3,4,6,7,8,9,10,11,13,14,15,17,21,22,23,24,27,30,36],
[1,2,3,4,6,7,8,9,10,11,13,14,15,17,21,22,23,24,30,35,36],
[1,2,3,4,6,7,8,9,10,11,13,14,15,17,21,22,24,26,27,30,36],
[1,2,3,4,6,7,8,9,10,11,13,14,15,17,22,23,24,26,27,30,36],
[1,2,3,4,6,7,8,9,10,11,13,14,15,17,22,23,27,30,34,36,37],
[1,2,3,4,6,7,8,9,10,11,13,14,15,17,23,25,26,27,30,36,37],
[1,2,3,4,6,7,8,9,10,11,13,14,15,17,23,25,27,30,34,36,37],
[1,2,3,4,6,7,8,9,10,11,13,14,15,20,21,23,24,27,28,35,37],
[1,2,3,4,6,7,8,9,10,11,13,14,15,20,22,23,25,27,28,30,34],
[1,2,3,4,6,7,8,9,10,11,13,14,15,20,23,25,27,28,30,34,37],
[1,2,3,4,6,7,8,9,10,11,13,14,15,21,22,23,24,27,30,35,36],
[1,2,3,4,6,7,8,9,10,11,13,14,15,21,22,23,27,30,35,36,37],
[1,2,3,4,6,7,8,9,10,11,13,14,16,17,20,23,25,26,27,36,37],
[1,2,3,4,6,7,8,9,10,11,13,14,16,18,20,24,26,27,32,35,36],
[1,2,3,4,6,7,8,9,10,11,13,14,16,20,22,23,27,34,35,36,37],
[1,2,3,4,6,7,8,9,10,11,13,14,16,20,23,24,25,26,27,32,35],
[1,2,3,4,6,7,8,9,10,11,13,14,16,22,23,24,27,30,32,35,36],
[1,2,3,4,6,7,8,9,10,11,13,14,16,22,23,27,30,32,34,35,36],
[1,2,3,4,6,7,8,9,10,11,13,14,17,18,20,22,23,24,27,34,35],
[1,2,3,4,6,7,8,9,10,11,13,14,17,18,20,22,23,27,34,35,36],
[1,2,3,4,6,7,8,9,10,11,13,14,17,18,20,23,27,34,35,36,37],
[1,2,3,4,6,7,8,9,10,11,13,14,17,20,22,23,24,27,30,34,35],
[1,2,3,4,6,7,8,9,10,11,13,14,17,20,22,23,27,34,35,36,37],
[1,2,3,4,6,7,8,9,10,11,13,14,18,23,24,27,30,32,34,35,36],
[1,2,3,4,6,7,8,9,10,11,13,14,22,23,24,27,30,32,34,35,36],
[1,2,3,4,6,7,8,9,10,11,13,14,23,25,27,30,32,34,35,36,37],
[1,2,3,4,6,7,8,9,10,11,13,15,16,17,20,22,23,24,25,27,35],
[1,2,3,4,6,7,8,9,10,11,13,15,16,17,20,23,24,25,26,27,35],
[1,2,3,4,6,7,8,9,10,11,13,15,16,20,22,23,24,25,27,28,35],
[1,2,3,4,6,7,8,9,10,11,13,15,16,20,22,23,25,34,35,36,37],
[1,2,3,4,6,7,8,9,10,11,13,15,16,20,22,24,25,27,28,30,35],
[1,2,3,4,6,7,8,9,10,11,13,15,16,22,23,24,25,27,28,30,35],
[1,2,3,4,6,7,8,9,10,11,13,15,17,20,21,22,23,24,27,30,35],
[1,2,3,4,6,7,8,9,10,11,13,15,17,20,21,23,24,27,28,30,35],
[1,2,3,4,6,7,8,9,10,11,13,15,17,20,22,23,24,25,27,30,35],
[1,2,3,4,6,7,8,9,10,11,13,15,17,20,22,23,25,27,30,34,35],
[1,2,3,4,6,7,8,9,10,11,13,15,17,20,23,24,25,27,28,30,35],
[1,2,3,4,6,7,8,9,10,11,13,15,17,21,22,23,27,30,35,36,37],
[1,2,3,4,6,7,8,9,10,11,13,15,20,22,23,24,25,27,28,30,35],
[1,2,3,4,6,7,8,9,10,11,13,15,20,22,23,25,27,28,30,34,35],
[1,2,3,4,6,7,8,9,10,11,13,16,17,18,20,23,24,25,26,27,35],
[1,2,3,4,6,7,8,9,10,11,13,16,17,20,23,25,26,27,35,36,37],
[1,2,3,4,6,7,8,9,10,11,13,16,18,20,23,24,25,26,27,32,35],
[1,2,3,4,6,7,8,9,10,11,13,16,22,23,25,27,30,32,34,35,36],
[1,2,3,4,6,7,8,9,10,11,13,17,20,22,23,24,25,27,30,34,35],
[1,2,3,4,6,7,8,9,10,11,14,15,20,22,23,25,27,28,30,34,35],
[1,2,3,4,6,7,8,9,10,12,13,14,15,17,21,23,26,27,30,36,37],
[1,2,3,4,6,7,8,9,10,12,13,14,15,17,23,25,26,27,30,36,37],
[1,2,3,4,6,7,8,9,10,12,13,14,15,21,23,25,26,27,30,32,36],
[1,2,3,4,6,7,8,9,10,12,13,14,15,21,23,25,26,27,30,36,37],
[1,2,3,4,6,7,8,9,10,12,13,15,17,20,21,23,25,26,27,36,37],
[1,2,3,4,6,7,8,9,10,12,13,15,17,21,23,25,26,27,30,36,37],
[1,2,3,4,6,7,8,9,10,13,14,16,20,21,22,23,24,27,32,35,36],
[1,2,3,4,6,7,8,9,10,13,14,16,21,22,23,24,27,30,32,35,36],
[1,2,3,4,6,7,8,9,10,13,15,16,20,22,23,24,25,27,28,30,35],
[1,2,3,4,6,7,8,9,10,13,15,16,20,23,24,25,27,28,30,32,35],
[1,2,3,4,6,7,8,9,10,13,15,17,20,21,23,25,27,28,30,35,37],
[1,2,3,4,6,7,8,9,10,13,16,20,21,23,25,26,27,32,35,36,37],
[1,2,3,4,6,7,8,9,10,13,17,18,20,23,25,26,27,32,34,35,36],
[1,2,3,4,6,7,8,9,10,13,17,20,21,23,25,26,27,32,35,36,37],
[1,2,3,4,6,7,8,9,10,13,17,20,21,23,25,27,32,34,35,36,37],
[1,2,3,4,6,7,8,9,10,13,17,20,21,25,26,27,32,34,35,36,37],
[1,2,3,4,6,7,8,9,10,13,17,20,23,25,26,27,32,34,35,36,37],
[1,2,3,4,6,7,8,9,10,13,17,21,23,25,27,30,32,34,35,36,37],
[1,2,3,4,6,7,8,10,11,13,15,16,20,22,23,24,25,27,28,30,35],
[1,2,3,4,6,7,9,10,11,12,14,16,20,25,26,27,31,32,33,34,37],
[1,2,3,4,6,7,9,10,11,13,14,15,16,20,22,23,24,27,28,35,37],
[1,2,3,4,6,7,9,10,11,13,14,16,18,20,22,23,24,27,28,32,33],
[1,2,3,4,6,7,9,10,11,13,14,16,18,20,22,23,24,27,28,32,35],
[1,2,3,4,6,7,9,10,11,13,14,16,18,20,22,23,24,27,28,35,37],
[1,2,3,4,6,7,9,10,11,13,14,16,18,20,22,23,24,28,32,33,35],
[1,2,3,4,6,7,9,10,11,13,14,16,18,20,22,23,32,33,34,35,36],
[1,2,3,4,6,7,9,10,11,13,14,16,18,20,22,23,33,34,35,36,37],
[1,2,3,4,6,7,9,10,11,13,14,16,18,20,22,27,28,31,32,33,37],
[1,2,3,4,6,7,9,10,11,13,14,16,18,20,22,27,32,34,35,36,37],
[1,2,3,4,6,7,9,10,11,13,14,16,18,20,23,24,28,32,33,35,37],
[1,2,3,4,6,7,9,10,11,13,14,16,18,20,23,25,32,33,34,36,37],
[1,2,3,4,6,7,9,10,11,13,14,16,18,20,23,32,33,34,35,36,37],
[1,2,3,4,6,7,9,10,11,13,14,16,18,20,25,26,27,32,33,34,37],
[1,2,3,4,6,7,9,10,11,13,14,16,18,20,25,26,32,33,34,36,37],
[1,2,3,4,6,7,9,10,11,13,14,16,18,22,23,24,28,32,33,35,36],
[1,2,3,4,6,7,9,10,11,13,14,16,18,22,23,32,33,34,35,36,37],
[1,2,3,4,6,7,9,10,11,13,14,16,20,22,23,24,25,27,28,32,33],
[1,2,3,4,6,7,9,10,11,13,14,16,20,24,25,26,27,28,32,35,37],
[1,2,3,4,6,7,9,10,11,13,14,16,20,25,26,27,28,31,32,33,37],
[1,2,3,4,6,7,9,10,11,13,15,16,20,22,25,28,33,34,35,36,37],
[1,2,3,4,6,7,9,10,12,13,14,15,16,20,21,22,23,26,27,36,37],
[1,2,3,4,6,7,9,10,12,13,14,15,16,20,23,25,26,32,33,36,37],
[1,2,3,4,6,7,9,10,12,13,14,16,20,25,26,27,28,31,32,33,37],
[1,2,3,4,6,7,9,10,12,13,14,17,18,20,21,22,23,26,27,32,36],
[1,2,3,4,6,7,9,10,12,13,14,17,18,20,21,22,23,26,27,36,37],
[1,2,3,4,6,7,9,10,12,13,14,17,18,20,21,22,26,27,31,32,36],
[1,2,3,4,6,7,9,10,12,13,14,17,18,20,21,22,26,27,31,36,37],
[1,2,3,4,6,7,9,10,12,13,14,17,18,20,21,23,26,27,31,32,37],
[1,2,3,4,6,7,9,10,12,13,14,17,18,20,21,23,26,27,32,36,37],
[1,2,3,4,6,7,9,10,12,13,14,17,18,20,21,23,26,31,32,36,37],
[1,2,3,4,6,7,9,10,12,13,14,17,18,20,21,26,27,31,32,36,37],
[1,2,3,4,6,7,9,10,12,13,14,17,18,20,22,26,27,31,32,34,36],
[1,2,3,4,6,7,9,10,12,13,14,17,18,20,23,26,27,32,34,36,37],
[1,2,3,4,6,7,9,10,12,13,14,17,18,20,23,31,32,33,34,36,37],
[1,2,3,4,6,7,9,10,12,13,14,18,20,22,23,27,31,32,33,34,37],
[1,2,3,4,6,7,9,10,12,13,14,20,22,23,27,28,30,31,32,33,34],
[1,2,3,4,6,7,9,10,12,13,14,20,22,23,27,28,31,32,33,34,37],
[1,2,3,4,6,7,9,10,12,13,14,20,23,25,27,28,30,31,32,33,34],
[1,2,3,4,6,7,9,10,13,14,16,18,20,22,23,27,32,34,35,36,37],
[1,2,3,4,6,7,10,11,13,14,15,16,20,22,23,24,25,27,28,30,33],
[1,2,3,4,6,7,10,11,13,14,15,16,20,22,23,24,27,28,30,33,35],
[1,2,3,4,6,7,10,11,13,14,15,16,20,22,23,24,27,28,33,35,37],
[1,2,3,4,6,7,10,11,13,14,15,16,20,23,24,25,26,28,33,35,37],
[1,2,3,4,6,7,10,11,13,14,16,18,20,22,23,24,27,28,33,35,37],
[1,2,3,4,6,7,10,11,13,14,17,18,20,22,26,31,33,34,35,36,37],
[1,2,3,4,6,7,10,12,13,14,15,16,20,22,23,24,26,30,32,33,36],
[1,2,3,4,6,7,10,12,13,14,15,20,21,22,26,30,31,32,33,36,37],
[1,2,3,4,6,7,10,12,14,15,20,23,25,26,27,28,30,31,32,33,37],
[1,2,3,4,6,7,10,12,14,15,20,23,25,26,27,30,31,32,33,35,37],
[1,2,3,4,6,7,10,12,14,15,20,25,26,27,28,30,31,32,33,35,37],
[1,2,3,4,6,7,10,12,14,20,22,23,27,28,30,31,32,33,34,35,37],
[1,2,3,4,6,7,10,12,14,20,23,25,26,27,30,31,32,33,34,35,37],
[1,2,3,4,6,7,10,12,14,20,23,25,27,28,30,31,32,33,34,35,37],
[1,2,3,4,6,7,10,13,14,16,18,20,22,23,27,32,33,34,35,36,37],
[1,2,3,4,7,9,10,11,13,14,15,16,20,22,23,24,25,28,33,36,37],
[1,2,3,6,7,9,10,11,13,14,15,16,17,20,21,22,23,27,29,34,37],
[1,2,3,6,7,9,10,11,13,14,15,16,20,21,22,23,27,28,29,34,37],
[1,2,3,6,7,9,10,11,13,14,16,18,20,21,22,23,27,28,29,34,37],
[1,2,3,6,7,9,10,12,13,14,15,16,20,21,22,23,27,28,29,34,37],
[1,2,3,6,7,9,10,12,13,14,16,17,18,20,21,22,23,27,29,34,37],
[2,3,6,8,9,10,12,13,14,16,18,20,21,22,23,27,28,29,32,34,37],
[1,2,3,4,5,6,7,8,9,10,11,13,14,15,17,20,21,22,24,26,30,36],
[1,2,3,4,5,6,7,8,9,10,11,13,15,16,17,20,22,23,24,25,35,36],
[1,2,3,4,5,6,7,8,9,10,11,13,15,16,17,20,22,24,25,26,27,35],
[1,2,3,4,5,6,7,8,9,10,11,13,15,17,20,22,23,25,30,34,35,36],
[1,2,3,4,5,6,7,8,9,10,13,14,15,16,20,21,22,24,26,32,35,36],
[1,2,3,4,5,6,7,9,10,11,13,14,18,20,22,24,26,27,29,30,31,32],
[1,2,3,4,5,6,7,9,10,11,13,16,18,20,22,23,25,32,33,34,35,36],
[1,2,3,4,6,7,8,9,10,11,12,13,14,15,16,17,20,25,26,27,36,37],
[1,2,3,4,6,7,8,9,10,11,13,14,15,16,20,22,23,24,25,27,28,30],
[1,2,3,4,6,7,8,9,10,11,13,14,15,16,20,23,24,25,27,28,35,37],
[1,2,3,4,6,7,8,9,10,11,13,14,15,17,21,22,23,30,34,35,36,37],
[1,2,3,4,6,7,8,9,10,11,13,14,15,20,21,22,23,24,27,28,30,35],
[1,2,3,4,6,7,8,9,10,11,13,15,17,22,23,25,27,30,34,35,36,37],
[1,2,3,4,6,7,8,9,10,11,14,15,16,20,22,23,24,25,27,28,30,35],
[1,2,3,4,6,7,8,10,11,13,14,15,17,21,22,23,24,26,27,30,35,36],
[1,2,3,4,6,7,9,10,12,13,14,16,18,20,21,22,23,26,27,32,36,37],
[1,2,3,4,6,7,9,10,12,13,14,16,18,20,22,23,27,32,33,34,36,37],
[1,2,3,4,6,7,9,10,12,13,14,16,20,22,23,25,27,28,32,33,34,37],
[1,2,3,4,6,7,10,11,13,14,15,16,20,23,24,25,26,27,28,30,33,35],
[1,2,3,4,7,9,10,11,14,15,16,20,22,23,24,25,28,31,33,35,36,37],
[1,2,3,4,5,6,7,8,9,10,11,13,14,15,16,21,22,24,26,30,32,35,36],
[1,2,3,4,5,6,7,8,9,10,11,13,15,16,17,22,24,25,26,27,30,35,36],
[1,2,3,4,5,6,7,8,9,10,11,14,15,17,20,21,22,24,26,30,31,35,36],
[1,2,3,4,5,6,7,8,10,11,13,14,15,16,20,24,25,26,30,32,33,35,36],
[1,2,3,4,6,7,8,9,10,11,13,14,15,16,20,22,23,25,27,28,34,35,37],
[1,2,3,4,6,7,8,9,10,11,13,14,16,18,20,22,23,24,27,32,34,35,36],
[1,2,3,4,6,7,9,10,11,13,14,16,18,20,22,23,27,28,32,33,34,35,37],
[1,2,3,4,6,7,9,10,12,13,14,17,18,20,21,22,23,27,31,32,34,36,37],
[1,2,3,4,6,8,9,10,13,14,16,18,20,21,22,23,24,26,27,32,35,36,37],
[1,2,3,4,5,6,7,8,10,11,13,15,16,17,20,22,23,24,25,26,30,33,35,36],
[1,2,3,4,6,7,8,9,10,11,12,13,14,15,16,17,20,22,23,25,27,34,36,37],
[1,2,3,4,6,7,8,9,10,11,13,14,15,16,22,23,25,27,28,30,34,35,36,37],
[1,2,3,4,6,7,8,9,10,11,13,14,15,17,20,21,22,23,27,28,30,34,35,37],
[1,2,3,4,6,7,8,9,10,11,13,14,16,20,22,23,24,25,27,28,30,32,34,35],
[1,2,3,6,7,9,10,12,13,14,16,18,20,21,22,23,27,28,29,31,32,33,34,37],
[1,2,3,4,5,6,7,8,9,10,11,13,14,15,16,20,21,22,24,26,27,28,30,32,35],
[1,2,3,4,6,7,8,9,10,11,13,14,15,16,17,18,20,21,22,23,24,26,27,35,36,37],
[1,2,3,4,6,7,10,12,13,14,17,18,20,21,22,23,26,27,30,31,32,33,34,35,36,37],
[1,2,3,4,7,9,10,11,13,14,16,18,20,22,23,24,25,27,28,31,32,33,34,35,36,37],
[1,2,3,4,5,6,7,8,9,10,11,12,13,14,15,16,17,20,22,23,24,25,26,29,30,33,36],
[1,2,3,4,5,6,7,8,9,10,11,13,14,15,16,20,22,23,24,25,28,30,32,33,34,35,36],
[1,2,3,4,5,6,7,8,9,10,11,13,14,17,18,20,21,22,24,26,27,30,31,32,34,35,36],
[1,2,3,4,5,6,7,8,9,10,12,13,15,16,17,20,21,22,23,24,25,26,27,30,32,35,36],
[1,2,3,4,6,7,8,9,10,12,13,14,15,16,20,21,22,23,25,27,28,30,32,34,35,36,37],
[1,2,3,4,5,6,7,8,9,10,11,12,13,14,15,16,20,21,22,25,26,27,28,30,31,32,34,35,36,37],
[1,2,3,4,5,6,7,8,9,10,11,12,14,15,16,17,18,19,20,22,23,24,25,26,27,29,30,31,32,33,34,35,36],
[1,2,3,4,5,6,7,8,9,11,12,13,14,15,16,17,18,19,20,21,22,23,24,25,26,27,28,29,30,31,32,33,34,35,36,37]];
