return [[2,4,13,15,16,18,23,30,31,32,39,44,45,46,49,50,52,53,54,56,57],
[2,4,13,15,16,18,22,23,30,31,32,39,41,43,44,46,49,53,54,56,57],
[2,4,13,15,16,18,22,23,30,31,32,41,43,44,45,46,49,53,54,56,57],
[1,2,4,5,13,15,16,18,30,32,39,41,42,43,44,45,49,52,54,56,57],
[1,2,4,5,13,15,16,18,30,32,39,41,42,43,44,45,46,49,52,54,57],
[1,2,4,5,13,15,16,18,22,30,32,41,42,43,44,45,46,49,50,54,56],
[1,2,4,5,13,15,16,18,22,30,32,39,41,42,43,44,49,52,54,56,57],
[1,2,4,5,13,15,16,18,22,30,32,39,41,42,43,44,46,49,50,54,56],
[1,2,4,5,13,15,16,18,22,30,32,39,41,42,43,44,45,46,49,54,56,57],
[2,4,7,8,9,11,13,15,16,17,18,22,23,26,27,28,29,30,31,32,33,35,39,41,42,43,44,46,49,53,54,56],
[2,4,11,13,15,16,18,22,23,30,31,32,39,41,43,44,46,49,53,54,57],
[2,4,5,8,13,15,16,17,18,20,22,23,28,29,30,31,32,39,41,42,43,44,45,46,49,54,55,56,57],
[2,4,13,15,16,18,20,22,23,29,30,31,32,33,39,41,42,43,44,45,46,48,52,53,54,56,57],
[2,4,5,11,13,15,16,17,18,22,23,27,30,31,32,37,39,41,43,44,49,52,53,54,56,57],
[1,2,4,8,9,12,13,15,16,17,18,20,21,22,23,24,29,30,31,32,33,35,36,37,38,39,40,41,42,43,45,46,48,49,50,52,53,54,55,56,57],
[2,3,4,5,13,15,16,18,22,23,30,31,32,37,39,41,44,45,46,49,50,53,54,56,57],
[2,4,13,15,16,18,20,22,23,30,31,32,39,43,44,46,49,52,53,54,56,57],
[2,4,13,15,16,18,20,22,23,30,31,33,39,41,43,44,46,49,53,54,56,57],
[1,2,4,13,15,16,18,20,22,23,29,30,32,33,35,39,40,41,42,43,44,45,46,48,49,50,52,53,54,55,56,57],
[2,4,13,15,16,18,22,23,29,31,32,39,41,43,44,46,49,53,54,56,57],
[2,4,5,13,15,16,18,22,30,31,32,39,41,43,44,46,49,53,54,56,57],
[2,4,13,15,16,18,23,29,30,31,32,39,41,43,44,45,46,49,52,53,54,56,57],
[2,4,13,15,16,22,23,30,31,32,33,37,39,41,43,44,45,46,49,53,54,56,57],
[1,2,3,4,5,6,7,8,9,10,11,12,13,14,15,17,18,19,20,21,22,23,24,25,26,27,28,29,30,31,32,33,34,35,36,37,38,39,40,41,42,43,44,45,46,47,48,49,50,51,52,53,54,55,56,57],
[2,4,15,16,18,22,23,30,31,32,33,39,41,43,44,46,49,52,53,54,56,57],
[2,13,15,16,17,18,20,22,23,29,30,31,32,39,41,43,44,46,49,53,54,56,57],
[1,3,4,8,11,13,15,16,18,22,23,29,30,31,32,33,37,39,41,43,44,45,46,48,49,53,54,56,57],
[2,3,4,5,6,7,8,9,11,12,13,14,15,16,18,19,22,23,26,27,28,30,31,32,33,37,41,43,44,45,46,49,50,51,53,54,56],
[2,4,13,15,16,18,22,23,30,31,32,37,41,43,44,45,46,49,53,54,57],
[2,4,13,15,16,18,22,23,30,31,32,37,41,43,44,45,49,53,54,56,57],
[2,4,5,12,13,15,16,18,20,22,23,30,31,32,43,44,45,46,49,50,52,53,54,56,57],
[2,4,13,15,16,18,22,23,30,31,33,41,43,44,45,46,49,53,54,56,57],
[2,4,12,13,15,16,18,22,23,31,32,41,43,44,45,46,49,53,54,56,57],
[2,4,5,13,15,16,18,22,30,31,32,37,41,43,44,45,46,49,53,54,56,57],
[2,4,15,16,18,22,23,30,31,32,33,41,43,44,45,46,49,53,54,56,57],
[1,2,4,5,13,15,16,18,24,30,32,39,41,42,43,44,45,46,49,50,52,54,56],
[1,2,4,5,8,10,13,14,15,16,17,18,20,21,22,23,24,25,27,30,32,35,37,39,40,41,42,43,44,45,48,49,50,52,55,56,57],
[1,2,4,5,13,15,16,18,24,30,32,37,39,41,42,43,45,49,52,54,56,57],
[1,2,4,5,13,15,16,18,24,30,32,37,39,41,43,44,45,46,49,50,52,53,54,56,57],
[1,2,4,5,13,15,16,18,20,22,30,32,39,42,43,44,45,46,49,50,52,54,55,56,57],
[1,2,4,5,13,15,16,18,24,32,39,41,42,43,44,45,49,52,54,56,57],
[1,2,4,5,13,15,16,30,32,37,39,41,42,43,44,45,49,52,54,55,56,57],
[1,2,4,5,13,16,18,24,30,32,39,41,42,43,44,45,46,49,52,54,56,57],
[1,2,5,7,13,15,16,17,18,20,24,29,30,31,32,34,39,41,42,43,44,45,46,49,52,53,54,56,57],
[1,4,5,13,15,16,17,18,30,32,39,41,42,43,44,45,49,52,54,55,56,57],
[1,2,4,5,13,15,16,18,24,30,32,39,41,42,43,44,45,46,49,52,57],
[1,2,4,5,9,11,13,14,15,16,17,18,21,22,24,25,26,27,30,32,34,35,37,38,39,40,41,42,43,44,46,47,48,49,50,51,52,53,54,55,57],
[1,2,4,5,13,15,16,18,24,30,32,39,41,42,43,45,46,49,52,54,57],
[1,2,4,5,13,15,16,18,24,30,32,39,41,42,44,45,46,49,50,52,54,57],
[1,2,4,5,13,15,16,18,24,32,39,41,42,43,44,45,46,49,52,54,57],
[1,2,4,5,13,15,16,30,32,34,37,39,41,42,43,44,45,46,49,52,54,55,57],
[1,4,5,11,13,15,16,18,25,29,30,32,34,39,41,42,43,44,45,46,48,49,52,54,55,57],
[2,4,5,13,15,16,18,30,31,32,39,41,42,43,44,45,46,49,52,54,57],
[1,2,4,5,13,15,16,18,22,30,32,41,42,43,44,45,46,49,50,54,55],
[1,2,4,5,13,15,16,18,22,30,32,39,41,42,43,44,45,46,49,50,56],
[1,2,4,5,13,15,16,18,22,30,32,37,41,42,43,44,45,49,50,54,56],
[1,2,4,5,13,15,16,18,22,30,32,37,41,42,43,45,46,49,50,54,56],
[1,2,4,5,13,15,16,18,22,30,32,39,41,42,44,45,46,49,50,54,56],
[1,2,4,5,13,15,16,18,22,30,32,37,41,43,44,45,46,49,50,54,56,57],
[1,2,4,5,13,15,16,18,22,26,32,41,42,43,44,45,46,49,50,54,56],
[1,2,4,5,8,13,15,16,22,26,30,32,33,37,39,41,42,43,44,45,46,49,50,54,55,56],
[1,2,5,13,15,16,18,22,26,30,32,41,42,43,44,45,46,49,50,54,56],
[1,4,5,8,13,15,16,18,22,30,32,41,42,43,44,45,46,49,50,54,56],
[1,2,4,5,13,15,16,18,22,30,32,37,39,41,42,43,44,49,50,52,54,56],
[1,2,4,5,13,15,16,18,22,30,32,37,39,41,43,44,49,52,54,56,57],
[1,2,4,5,13,15,16,17,18,22,32,39,41,42,43,44,49,52,54,56,57],
[1,2,4,5,13,15,16,17,22,30,32,37,39,41,42,43,44,49,52,54,55,56,57],
[1,2,5,13,15,16,17,18,22,30,32,39,41,42,43,44,49,52,54,56,57],
[1,4,5,13,15,16,17,18,22,30,32,39,41,42,43,44,49,52,54,56,57],
[2,4,5,13,15,16,17,18,22,30,32,39,41,42,43,44,49,52,54,56,57],
[1,2,4,5,13,15,16,18,22,24,30,32,37,39,41,42,43,46,49,50,54,56],
[1,2,4,5,13,15,16,18,22,30,32,37,39,41,43,44,46,49,50,53,54,56,57],
[1,2,4,5,13,15,16,18,22,24,26,32,39,41,42,43,44,46,49,50,53,54,56],
[1,2,4,5,13,16,18,22,24,26,30,32,35,38,39,41,42,43,44,46,49,50,51,53,54,56,57],
[1,2,5,13,15,16,18,22,30,32,39,41,42,43,44,46,49,50,53,54,56],
[1,4,5,8,13,15,16,18,22,26,30,32,39,41,42,43,44,46,49,50,54,56],
[2,4,5,13,15,16,18,22,26,27,30,32,39,41,42,43,44,46,49,50,53,54,56],
[2,4,11,13,15,16,18,22,23,27,30,31,32,39,41,43,44,46,49,53,57],
[2,4,11,13,15,16,17,18,22,23,30,31,32,39,41,43,44,46,49,54,57],
[2,4,11,13,15,16,17,18,22,23,30,31,32,39,41,43,46,49,53,54,57],
[2,4,11,13,15,16,18,22,23,30,31,32,39,43,44,46,49,52,53,54,57],
[2,4,11,13,15,16,18,22,23,30,31,32,37,41,43,44,46,49,53,54,57],
[2,4,11,13,15,16,17,18,22,23,29,31,32,39,41,43,44,46,49,53,54,57],
[2,4,5,11,13,15,16,18,22,30,31,32,39,41,43,44,46,49,53,54,57],
[2,4,11,13,15,16,18,23,29,30,31,32,39,41,43,44,46,49,52,53,54,57],
[2,4,11,13,15,16,22,23,30,31,32,37,39,41,43,44,46,49,53,54,57],
[2,4,11,15,16,18,22,23,30,31,32,39,41,43,44,46,49,52,53,54,57],
[2,11,13,15,16,17,18,22,23,30,31,32,39,41,43,44,46,49,53,54,57],
[2,4,13,15,16,18,20,22,23,29,31,32,39,43,44,46,49,53,54,56,57],
[2,4,12,13,15,16,18,22,23,29,31,32,41,43,44,46,49,53,54,56,57],
[2,4,13,15,16,18,20,22,23,29,31,39,41,43,44,46,49,53,54,56,57],
[2,4,13,15,16,17,18,22,29,31,32,39,41,43,44,46,49,53,54,56,57],
[2,4,5,13,15,16,18,22,27,30,31,32,39,41,43,44,46,49,53,54,56],
[2,4,5,13,15,16,18,22,30,31,32,37,39,41,43,46,49,53,54,56,57],
[2,4,5,13,15,16,17,18,22,31,32,39,41,43,44,46,49,53,54,56,57],
[2,4,5,15,16,18,22,30,31,32,39,41,43,44,46,49,52,53,54,56,57],
[2,5,13,15,16,17,18,22,30,31,32,39,41,43,44,46,49,53,54,56,57],
[4,5,13,15,16,18,22,30,31,32,37,39,41,43,44,46,49,53,54,56,57],
[2,4,5,13,15,16,18,22,23,30,31,32,37,43,44,45,46,49,53,54,57],
[2,4,11,13,15,16,18,23,30,31,32,37,41,43,44,45,46,49,53,54,57],
[2,4,11,15,16,18,22,23,30,31,32,37,41,43,44,45,46,49,53,54,57],
[2,4,13,15,16,18,23,30,31,32,37,41,43,44,45,49,52,53,54,56,57],
[2,4,11,12,15,16,18,22,23,30,31,32,33,37,41,43,44,45,49,52,53,54,56,57],
[2,4,13,15,16,18,20,22,23,30,31,33,41,43,44,45,46,49,53,56,57],
[2,4,13,15,16,18,20,22,23,30,31,33,39,41,44,45,46,49,53,54,56,57],
[2,4,13,15,16,18,20,22,23,30,31,33,43,44,45,46,49,53,54,56,57],
[2,4,13,15,16,18,20,23,29,30,31,33,39,41,43,44,45,46,49,52,53,54,56,57],
[2,13,15,16,18,20,22,23,30,31,33,41,43,44,45,46,49,53,54,56,57],
[2,3,4,12,13,15,16,18,22,23,31,32,41,43,44,45,46,49,53,56,57],
[2,3,4,12,13,15,16,18,22,23,31,32,41,44,45,46,49,53,54,56,57],
[2,4,12,13,15,16,18,23,29,31,32,41,43,44,45,46,49,53,54,56,57],
[2,4,12,15,16,18,22,23,31,32,33,41,43,44,45,46,49,53,54,56,57],
[3,4,12,13,15,16,18,22,23,31,32,41,43,44,45,46,49,53,54,56,57],
[2,4,11,12,15,16,18,22,23,30,31,32,33,41,43,44,45,46,49,53,54,57],
[2,4,12,15,16,18,22,23,30,31,32,33,43,44,45,46,49,52,53,54,56,57],
[2,4,15,16,18,23,30,31,32,33,41,43,44,45,46,49,52,53,54,56,57],
[2,4,12,16,18,22,23,30,31,32,33,41,43,44,45,46,49,53,54,56,57],
[2,12,15,16,18,22,23,30,31,32,33,41,43,44,45,46,49,53,54,56,57],
[1,2,4,5,13,15,16,18,24,32,39,41,42,43,44,45,46,49,54,56,57],
[1,2,4,5,13,15,16,17,18,24,32,39,41,42,43,44,49,52,54,56,57],
[1,2,4,5,13,15,16,18,24,32,39,42,43,44,45,46,49,52,54,56,57],
[1,2,4,5,13,15,16,18,24,32,40,41,42,43,44,45,49,52,54,56,57],
[1,2,4,5,10,13,15,16,17,24,25,26,29,32,34,37,39,40,41,42,43,44,45,49,52,54,55,56,57],
[1,2,4,5,15,16,18,24,32,39,41,42,43,44,45,46,49,52,54,56,57],
[1,2,4,13,15,16,18,24,32,39,41,42,43,44,45,46,49,52,54,56,57],
[1,4,5,13,15,16,18,24,29,32,39,41,42,43,44,45,49,52,54,56,57],
[2,4,5,13,15,16,18,24,29,31,32,39,41,42,43,44,45,46,49,52,54,56,57],
[1,2,4,5,13,15,16,18,24,30,32,39,42,43,44,45,46,49,50,52,57],
[1,2,4,5,15,16,18,21,24,30,32,39,41,42,43,44,45,46,49,52,57],
[1,2,4,13,15,16,18,24,30,32,39,41,42,43,44,45,46,48,49,50,52,57],
[1,4,5,13,15,16,18,24,30,32,39,41,42,43,44,45,46,48,49,52,57],
[1,2,4,5,13,15,16,24,30,32,37,39,41,42,43,45,46,49,52,54,57],
[1,2,4,5,15,16,18,21,24,30,31,32,39,41,42,43,45,46,49,52,54,57],
[1,4,5,8,9,11,13,15,16,17,18,21,24,25,29,30,31,32,34,37,38,39,41,42,43,45,46,48,49,52,54,55,57],
[2,4,5,13,15,16,18,24,30,31,32,39,41,42,43,45,46,49,52,54,57],
[1,2,4,5,13,15,16,24,32,34,39,41,42,43,44,45,46,49,52,54,57],
[1,4,5,13,15,16,18,24,29,32,39,41,42,43,44,45,46,49,52,54,57],
[2,4,5,13,15,16,17,18,30,31,32,39,41,42,43,44,46,49,52,54,57],
[2,4,5,13,16,18,30,31,32,39,41,42,43,44,45,46,49,52,54,56,57],
[2,4,13,15,16,18,29,30,31,32,39,41,42,43,44,45,46,49,52,54,57],
[1,2,4,5,13,15,16,18,22,30,32,41,42,43,44,45,46,49,54,55,57],
[1,2,4,5,13,15,16,18,22,30,32,37,40,41,42,43,44,45,49,50,54,55],
[1,2,4,5,13,15,16,18,21,22,30,32,37,41,42,43,45,46,49,50,54,55],
[1,2,4,5,13,15,16,18,21,22,30,40,41,42,43,44,45,46,49,50,54,55],
[1,2,4,5,13,14,15,16,18,22,26,32,40,41,42,43,44,45,46,49,50,54,55],
[1,2,5,13,14,15,16,18,22,30,32,41,42,43,44,45,46,49,50,54,55],
[1,4,5,8,13,15,16,18,22,30,32,41,42,43,44,45,46,49,50,54,55],
[1,2,4,5,8,13,15,16,18,22,24,30,32,39,41,42,43,45,46,49,50,56],
[1,2,4,5,13,15,16,18,22,30,32,39,41,43,44,45,46,49,50,56,57],
[1,2,4,5,8,15,16,18,22,30,32,39,41,42,43,44,45,46,49,50,56],
[1,2,4,5,13,15,16,18,22,30,32,37,40,42,43,44,45,49,50,52,54,55,56],
[1,2,4,5,13,15,16,18,22,32,37,40,41,42,43,44,45,49,50,54,56],
[1,2,4,5,13,15,16,18,30,32,37,41,42,43,44,45,49,50,52,54,56],
[1,2,4,5,13,16,18,22,30,32,37,40,41,42,43,44,45,49,50,54,56],
[1,2,4,13,15,16,18,22,30,32,37,40,41,42,43,44,45,49,50,54,56],
[1,2,5,13,15,16,18,22,30,32,37,40,41,42,43,44,45,49,50,54,56],
[1,4,5,8,13,15,16,18,22,30,32,37,41,42,43,44,45,49,50,54,56],
[1,2,4,5,13,15,16,18,24,30,32,37,41,42,43,45,46,49,50,54,56],
[1,2,4,5,13,15,16,18,22,30,32,39,41,44,45,46,49,50,54,56,57],
[1,2,4,5,13,15,16,18,22,24,26,32,40,41,42,43,44,45,46,50,51,54,56],
[1,2,4,5,13,15,16,18,22,26,32,40,41,42,43,44,45,49,50,54,56],
[1,2,3,4,5,12,13,14,15,16,18,22,24,26,32,37,40,41,43,44,45,46,49,50,51,53,54,56,57],
[1,2,4,5,13,15,16,18,22,26,40,41,42,43,44,45,46,49,50,54,56],
[1,2,4,5,13,15,16,18,24,26,32,41,42,43,44,45,46,49,50,54,56],
[1,2,4,13,15,16,18,22,26,32,40,41,42,43,44,45,46,49,50,54,56],
[1,2,5,13,14,15,16,18,22,26,30,32,41,42,43,44,45,46,49,50,54],
[1,2,5,13,14,15,16,18,22,26,30,32,41,42,43,44,45,49,50,54,56],
[1,2,5,13,15,16,18,22,26,30,32,41,42,43,44,46,49,50,53,54,56],
[1,2,5,13,14,15,16,18,22,26,30,32,41,43,44,45,46,49,50,54,56],
[1,2,5,7,13,15,16,18,26,30,32,41,42,43,44,45,46,49,50,54,56],
[1,4,5,8,13,15,16,18,22,30,32,37,41,43,44,45,46,49,50,54,56],
[1,2,4,5,13,15,16,18,22,30,32,37,39,43,44,49,50,52,54,56,57],
[1,2,4,5,15,16,18,22,30,32,37,39,41,43,44,49,52,53,54,56,57],
[1,2,5,13,15,16,17,18,22,30,32,37,39,41,43,44,49,52,53,54,56,57],
[1,4,5,13,15,16,17,18,22,30,32,37,39,41,43,44,49,52,54,56,57],
[1,2,4,5,13,15,16,17,18,22,24,26,32,39,41,42,43,44,46,49,54,56,57],
[1,2,4,5,13,15,16,17,18,22,24,32,39,40,41,42,43,44,52,54,56,57],
[1,2,4,5,13,15,16,17,18,22,39,40,41,42,43,44,49,52,54,56,57],
[1,2,4,13,15,16,17,18,22,32,39,40,41,42,43,44,49,52,54,56,57],
[1,2,5,13,15,16,17,18,22,30,32,39,41,42,43,44,52,53,54,56,57],
[1,2,5,13,15,16,17,18,20,22,30,32,39,42,43,44,49,52,54,55,56,57],
[1,4,5,13,15,16,17,18,22,30,32,37,39,41,42,43,44,49,52,54,56],
[1,4,5,13,15,16,17,18,22,30,32,39,41,42,43,44,49,54,55,56,57],
[1,4,5,13,15,16,17,18,22,30,32,39,42,43,44,49,52,54,55,56,57],
[1,4,13,15,16,17,18,22,30,32,39,41,42,43,44,49,52,54,55,56,57],
[2,4,5,13,15,16,17,18,22,27,30,32,39,41,42,43,44,49,52,54,56],
[2,4,5,13,15,16,17,18,22,30,32,39,42,43,44,49,52,54,55,56,57],
[2,4,13,15,16,17,18,22,23,30,32,39,41,42,43,44,49,52,54,55,56,57],
[1,2,5,13,15,16,17,18,22,30,32,39,41,42,43,44,46,49,53,54,56],
[1,2,5,13,15,16,18,22,24,30,32,39,41,42,43,46,49,50,53,54,56],
[1,2,5,7,13,15,16,17,18,22,26,30,32,39,41,42,44,46,49,50,53,54,56],
[1,2,5,13,15,16,18,20,22,30,32,39,42,43,44,46,49,50,53,54,56],
[1,2,5,13,15,16,18,24,30,32,39,41,42,43,44,46,49,50,53,54,56],
[1,2,5,13,15,16,22,26,30,32,39,41,42,43,44,46,49,50,53,54,56],
[1,5,13,15,16,18,22,26,30,32,39,41,42,43,44,46,49,50,53,54,56],
[2,4,5,11,13,15,16,18,22,23,27,30,31,32,39,41,43,44,46,49,57],
[2,4,5,11,13,15,16,18,22,23,27,30,31,32,39,43,44,46,49,53,57],
[2,4,11,13,15,16,18,23,27,30,31,32,39,41,43,44,46,48,49,53,57],
[2,5,11,13,14,15,16,18,22,23,27,30,31,32,39,41,43,44,46,49,53,57],
[2,4,5,11,13,15,16,17,18,22,23,30,31,32,39,41,43,44,46,49,57],
[2,4,5,11,13,15,16,17,18,22,30,31,32,39,41,43,44,46,49,54,57],
[2,4,11,13,15,16,17,18,23,29,30,31,32,39,41,43,44,46,49,54,57],
[2,4,11,13,15,16,17,18,22,23,30,31,32,39,43,46,49,52,53,54,55,57],
[2,4,9,11,13,15,16,17,18,22,23,30,31,32,41,43,46,49,53,54,57],
[2,4,9,11,13,15,16,17,22,23,30,31,32,37,39,41,43,46,49,53,54,55,57],
[2,4,11,13,15,16,18,22,23,30,32,39,43,44,46,49,52,53,54,55,57],
[2,4,9,11,13,15,16,18,22,23,30,31,32,37,41,43,46,49,53,54,57],
[2,4,11,13,14,15,16,18,22,23,30,32,37,41,43,44,46,49,53,54,57],
[2,4,5,11,13,15,16,18,22,27,30,31,32,39,41,43,44,46,49,53,54],
[2,4,5,11,13,15,16,18,22,27,30,31,39,41,43,44,46,49,53,54,57],
[2,4,5,11,13,15,16,17,18,22,31,32,39,41,43,44,46,49,53,54,57],
[2,4,11,13,15,16,22,23,30,31,32,33,37,39,41,43,44,46,49,53,54],
[2,4,11,13,15,16,22,23,30,31,32,33,37,39,41,43,44,46,48,53,54,55,57],
[2,4,11,13,15,16,22,23,30,31,33,37,39,41,43,44,46,49,53,54,57],
[2,4,11,13,15,16,22,23,30,32,37,39,41,43,44,46,49,53,54,55,57],
[2,4,9,11,13,15,16,19,23,29,30,31,32,33,34,37,39,41,43,44,45,46,48,49,52,53,54,55,57],
[2,4,11,15,16,22,23,30,31,32,33,37,39,41,43,44,46,49,53,54,57],
[2,4,11,15,16,18,22,23,30,31,32,33,39,41,43,44,46,49,52,53,54],
[2,4,11,15,16,18,22,23,30,31,32,33,41,43,44,46,49,52,53,54,57],
[2,4,11,15,16,22,23,30,31,32,33,39,41,43,44,46,49,52,53,54,57],
[2,4,12,13,15,16,18,20,22,23,29,31,32,39,44,46,49,53,54,56,57],
[2,4,12,13,15,16,18,20,22,23,29,31,32,43,44,46,49,53,54,56,57],
[2,4,13,15,16,18,20,23,29,31,32,39,43,44,46,49,52,53,54,56,57],
[2,4,12,13,15,16,20,22,23,29,31,32,39,43,44,46,49,53,54,56,57],
[2,4,12,15,16,18,20,22,23,29,31,32,39,43,44,46,49,52,53,54,56,57],
[3,4,11,12,13,15,16,18,22,23,29,31,32,41,43,44,46,49,53,54,56,57],
[2,4,13,15,16,18,20,22,23,29,31,33,39,41,43,44,46,49,53,54,56],
[2,4,15,16,18,20,22,23,29,31,33,39,41,43,44,46,49,53,54,56,57],
[4,13,15,16,18,20,22,23,29,31,33,39,41,43,44,46,49,53,54,56,57],
[2,4,5,13,15,16,17,18,22,29,31,32,39,43,44,46,49,53,54,56,57],
[2,4,5,13,15,16,17,18,29,31,32,39,41,43,44,46,49,53,54,56,57],
[2,4,5,13,15,16,18,27,30,31,32,39,41,42,43,44,46,49,53,54,56],
[2,4,5,11,15,16,18,22,27,30,31,32,39,41,43,44,46,49,53,54,56],
[4,5,11,13,15,16,18,22,27,30,31,32,39,41,43,44,46,49,53,54,56],
[2,4,5,13,15,16,17,18,22,26,32,39,41,43,44,46,49,53,54,56,57],
[2,4,5,11,15,16,17,18,22,31,32,39,41,43,44,46,49,53,54,56,57],
[1,2,4,5,15,16,18,22,30,32,39,41,43,44,46,49,52,53,54,56,57],
[1,2,5,13,15,16,17,18,22,30,32,39,41,43,44,46,49,53,54,56,57],
[2,4,5,12,13,15,16,18,22,23,30,31,32,37,43,45,46,49,53,54,57],
[2,4,5,12,13,15,16,18,22,23,30,32,37,43,44,45,46,49,50,53,54,57],
[2,4,5,11,13,15,16,18,23,30,31,32,37,43,44,45,46,49,53,54,57],
[2,4,5,11,12,15,16,18,22,23,30,31,32,37,43,44,45,46,49,53,54,57],
[2,4,9,11,13,15,16,18,23,30,31,32,37,41,43,44,45,49,52,53,54,57],
[2,4,9,11,13,15,16,18,23,30,31,32,37,41,43,45,46,49,53,54,57],
[2,4,9,11,13,15,16,18,23,30,31,32,41,43,44,45,46,49,53,54,57],
[2,4,11,12,15,16,18,22,23,30,31,32,37,41,43,45,46,49,53,54,57],
[2,4,11,15,16,22,23,30,31,32,33,37,41,43,44,45,46,49,53,54,57],
[2,4,9,13,15,16,18,23,27,30,31,32,37,41,43,44,45,49,52,53,54,56],
[2,4,13,15,16,18,20,22,23,30,31,33,41,43,44,45,46,48,49,53,57],
[2,4,13,15,16,20,22,23,30,31,33,39,41,43,44,45,46,49,53,56,57],
[4,13,15,16,18,20,22,23,30,31,33,39,41,43,44,45,46,48,49,53,56,57],
[2,4,13,15,16,18,20,22,23,30,31,33,43,44,45,46,49,50,53,54,56],
[2,4,13,15,16,18,20,22,23,30,31,33,43,44,45,49,52,53,54,56,57],
[2,4,15,16,18,20,22,23,30,31,33,43,44,45,46,49,52,53,54,56,57],
[2,13,15,16,18,20,22,23,30,31,33,40,41,43,44,45,49,53,54,56,57],
[2,12,15,16,18,20,22,23,30,31,33,41,43,44,45,46,49,53,54,56,57],
[13,15,16,18,20,22,23,29,30,31,33,41,43,44,45,46,49,53,54,56,57],
[2,3,4,5,12,13,15,16,18,22,23,31,32,43,44,45,46,49,53,56,57],
[2,3,4,12,13,14,15,16,18,22,23,32,41,43,44,45,46,49,53,56,57],
[2,3,5,12,13,14,15,16,18,22,23,31,32,41,43,44,45,46,49,53,56,57],
[2,3,4,12,13,15,16,18,22,23,31,32,37,41,45,46,49,53,54,56,57],
[2,3,4,5,12,13,15,16,18,22,23,31,32,44,45,46,49,53,54,56,57],
[2,3,5,12,13,15,16,18,22,23,31,32,41,44,45,46,49,53,54,56,57],
[2,4,12,13,15,16,18,20,23,29,31,32,43,44,45,46,49,52,53,54,56,57],
[2,4,12,15,16,18,23,29,31,32,33,41,43,44,45,46,49,52,53,54,56,57],
[3,4,12,13,15,16,18,23,29,31,32,41,43,44,45,46,49,53,54,56,57],
[4,11,12,15,16,18,22,23,31,32,33,41,43,44,45,46,49,53,54,56,57],
[3,4,12,13,15,16,18,22,23,29,32,41,43,44,45,46,49,53,54,56,57],
[3,4,11,12,15,16,18,22,23,31,32,41,43,44,45,46,49,53,54,56,57],
[2,4,15,16,18,23,29,30,31,32,33,41,43,44,45,46,49,52,53,54,56],
[2,4,11,15,16,18,23,30,31,32,33,41,43,44,45,46,49,52,53,54,57],
[2,4,15,16,23,30,31,32,33,39,41,43,44,45,46,49,52,53,54,56,57],
[2,4,12,16,18,22,23,30,31,32,33,41,43,44,45,46,51,53,54,56,57],
[2,4,11,12,16,18,22,23,30,31,32,33,41,43,44,46,49,53,54,56,57],
[2,4,12,16,18,22,23,30,32,33,35,41,43,44,45,46,49,53,54,56,57],
[2,4,11,12,16,22,23,30,31,32,33,37,41,43,44,45,46,49,53,54,56,57],
[4,11,12,16,18,22,23,30,31,32,33,41,43,44,45,46,49,53,54,56,57],
[1,2,12,15,16,18,20,22,23,30,31,32,33,41,43,44,45,46,53,54,56,57],
[1,2,12,15,16,18,22,23,30,32,33,41,43,44,45,46,49,53,54,56,57],
[1,11,12,15,16,18,22,23,30,31,32,33,41,43,44,45,46,49,53,54,56,57],
[1,2,4,5,13,15,16,17,18,24,32,39,40,41,42,44,49,52,54,56,57],
[1,2,4,5,13,15,16,17,18,24,32,40,41,42,43,44,49,52,54,56,57],
[1,2,4,5,13,15,16,17,18,24,39,40,41,42,43,44,49,52,54,56,57],
[1,2,4,5,15,16,17,18,24,29,32,39,41,42,43,44,49,52,54,56,57],
[1,2,4,13,15,16,17,18,24,32,39,40,41,42,43,44,49,52,54,56,57],
[1,4,5,13,15,16,17,18,24,29,32,39,41,42,43,44,49,52,54,56,57],
[2,4,5,13,15,16,17,18,24,29,32,39,41,42,43,44,49,52,54,56,57],
[1,2,4,5,13,15,16,24,29,32,39,42,43,44,45,46,49,52,54,56,57],
[1,4,5,13,15,16,18,24,29,32,39,42,43,44,45,46,49,52,54,56,57],
[1,2,4,5,13,15,16,18,24,32,37,40,41,42,43,44,45,49,50,52,54,56],
[1,2,4,5,13,15,16,18,24,32,37,40,41,43,44,45,49,52,54,56,57],
[1,2,4,5,15,16,17,18,24,32,40,41,42,43,44,45,49,52,54,56,57],
[2,4,5,13,15,16,17,18,24,32,40,41,42,43,44,45,49,52,54,56,57],
[1,2,4,5,15,16,18,24,29,32,39,41,42,43,44,46,49,52,54,56,57],
[1,2,4,5,15,16,18,24,31,32,39,41,42,43,45,46,49,52,54,56,57],
[1,2,4,5,15,16,18,24,29,32,41,42,43,44,45,46,49,52,54,56,57],
[1,4,5,15,16,18,24,29,32,39,41,42,43,44,45,46,49,52,54,56,57],
[1,2,4,13,15,16,18,24,32,39,41,42,43,44,46,49,52,53,54,56,57],
[1,2,4,13,15,16,24,29,32,39,41,42,43,44,45,46,49,52,54,56,57],
[1,4,13,15,16,18,24,29,32,39,41,42,43,44,45,46,49,52,54,56,57],
[1,4,5,13,15,16,18,24,25,29,32,39,41,42,43,44,45,49,52,56,57],
[1,4,5,13,15,16,17,18,24,29,32,39,41,42,43,45,49,52,54,56,57],
[1,4,5,13,15,16,18,24,25,29,32,39,41,42,44,45,49,52,54,56,57],
[1,4,5,13,15,16,18,24,30,32,39,42,43,44,45,46,48,49,50,52,57],
[1,2,4,5,15,16,18,21,24,30,32,35,39,41,42,43,44,45,46,49,52],
[1,2,4,5,15,16,18,21,24,30,32,39,41,42,43,44,45,46,48,52,57],
[1,2,4,5,15,16,18,21,24,32,35,39,41,42,43,44,45,46,49,52,57],
[1,2,4,5,16,18,21,24,30,32,35,39,41,42,43,44,45,46,49,52,57],
[1,2,4,15,16,18,21,24,30,32,35,39,41,42,43,44,45,46,48,49,52,57],
[1,2,5,15,16,18,20,21,24,30,32,35,39,41,42,43,44,45,46,49,52,57],
[1,4,5,15,16,18,21,24,30,32,39,41,42,43,44,45,46,48,49,52,57],
[1,4,5,13,15,16,18,24,30,32,37,39,41,43,44,45,46,48,49,52,57],
[1,4,5,13,15,16,18,24,25,29,32,34,39,41,42,43,44,45,46,48,49,52,57],
[1,4,5,13,16,18,24,25,30,32,39,41,42,43,44,45,46,48,49,52,57],
[1,5,13,15,16,18,24,30,32,34,39,41,42,43,44,45,46,48,49,52,57],
[1,2,4,5,13,15,16,24,32,34,37,39,41,42,43,45,46,49,52,54,57],
[1,2,4,5,15,16,21,24,30,32,37,39,41,42,43,45,46,49,52,54,57],
[1,2,5,13,15,16,24,30,32,34,37,39,41,42,43,45,46,49,52,54,57],
[2,4,5,13,15,16,18,21,24,30,31,32,39,41,42,45,46,49,52,54,57],
[1,2,4,5,13,15,16,24,32,34,37,39,41,42,43,44,45,46,49,52,54],
[1,2,4,5,13,15,16,24,32,34,37,39,41,42,43,44,45,46,52,54,57],
[1,2,4,5,13,15,16,24,32,34,37,39,41,43,44,45,46,49,52,54,57],
[1,2,4,5,13,15,16,24,32,34,39,42,43,44,45,46,49,52,54,55,57],
[1,2,4,13,15,16,24,32,34,39,41,42,43,44,45,46,49,52,54,55,57],
[1,4,5,13,15,16,18,24,29,32,34,39,41,42,43,44,46,49,52,54,57],
[1,4,5,13,15,16,18,24,25,29,32,34,39,41,42,44,45,46,49,52,54,57],
[1,4,5,13,15,16,18,24,29,32,34,41,42,43,44,45,46,49,52,54,57],
[1,4,5,13,15,16,18,24,29,34,39,41,42,43,44,45,46,49,52,54,57],
[2,4,5,11,13,15,16,17,18,30,31,32,39,41,42,43,44,46,49,52,54],
[2,4,5,11,13,15,16,17,18,30,31,32,39,41,43,44,46,49,52,54,57],
[2,4,5,13,15,16,17,18,29,30,31,32,39,42,43,44,46,49,52,54,55,57],
[2,4,13,15,16,17,18,29,30,31,32,39,41,42,43,44,46,49,52,54,57],
[1,2,4,5,8,15,16,18,22,30,32,35,39,41,42,43,44,46,49,50,56],
[1,2,4,5,13,15,16,18,22,32,37,40,41,42,43,44,45,50,51,54,56],
[1,2,4,5,13,15,16,18,24,30,32,37,41,42,43,45,49,50,52,54,56],
[1,2,4,13,15,16,18,30,32,37,40,41,42,43,44,45,49,50,52,54,56],
[1,2,4,5,13,16,18,22,30,32,37,40,41,43,44,45,49,50,54,56,57],
[1,2,4,5,13,16,22,30,32,37,40,41,42,43,44,45,49,50,54,55,56],
[1,2,4,13,15,16,18,22,30,32,37,40,41,42,43,44,49,50,52,54,56],
[1,4,13,15,16,18,22,30,32,37,40,41,42,43,44,45,49,50,54,55,56],
[1,2,5,13,15,16,17,18,22,30,32,37,40,41,42,43,44,49,50,54,56],
[1,2,5,13,15,16,17,18,22,30,32,37,40,41,42,43,45,49,50,54,56],
[1,2,5,13,14,15,16,18,22,30,32,37,40,41,43,44,45,49,50,54,56],
[1,2,5,13,14,15,16,17,18,22,30,32,40,41,42,43,44,45,49,50,54,56],
[1,4,5,8,13,15,16,18,22,26,30,32,37,41,42,43,44,49,50,54,56],
[1,4,5,8,13,15,16,18,22,30,33,37,41,42,43,44,45,49,50,54,56],
[1,2,4,5,13,14,15,16,18,22,26,32,40,41,42,43,44,45,49,50,56],
[1,2,4,5,13,15,16,18,24,26,32,40,41,42,43,44,45,49,50,54,56],
[1,2,5,13,14,15,16,18,22,26,32,40,41,42,43,44,45,49,50,54,56],
[1,2,4,5,13,15,16,18,22,24,26,40,41,42,43,44,45,46,49,50,56],
[1,2,4,5,13,15,16,18,22,24,26,40,41,42,43,44,46,49,50,54,56],
[1,2,4,5,13,15,16,18,22,24,26,40,41,42,43,45,46,49,50,54,56],
[1,2,4,5,13,15,16,18,24,26,40,41,42,43,44,45,46,49,50,54,56],
[1,2,4,5,15,16,18,22,26,40,41,42,43,44,45,46,49,50,51,54,56],
[1,2,4,5,13,15,16,18,24,26,32,40,41,42,43,44,45,46,49,50,54],
[1,2,4,5,13,15,16,18,24,26,32,40,42,43,44,45,46,49,50,54,56],
[1,2,4,5,15,16,18,24,26,32,41,42,43,44,45,46,49,50,51,54,56],
[1,2,4,13,15,16,18,24,26,32,40,41,42,43,44,45,46,49,50,54,56],
[1,2,4,13,15,16,18,22,26,32,40,41,42,43,44,46,49,50,53,54,56],
[1,2,4,12,13,15,16,18,22,26,32,40,41,42,43,45,46,49,50,54,56],
[1,2,4,12,15,16,18,22,26,32,40,41,42,43,44,45,46,49,50,54,56],
[1,2,5,13,14,15,16,17,18,22,26,30,32,41,42,43,44,49,50,54,56],
[1,2,5,13,15,16,17,18,22,26,30,32,41,42,43,44,49,50,53,54,56],
[1,2,5,13,15,16,17,18,22,26,30,32,41,42,43,46,49,50,53,54,56],
[1,2,5,13,15,16,17,18,22,26,30,32,42,43,44,46,49,50,53,54,56],
[1,2,5,7,13,15,16,18,26,30,32,41,42,43,44,46,49,50,53,54,56],
[1,2,5,13,14,15,16,18,22,30,32,41,43,44,45,46,49,50,53,54,56],
[1,2,5,7,14,15,16,18,22,26,30,32,41,43,44,45,46,49,50,54,56],
[1,2,5,7,13,14,15,16,18,26,30,32,41,42,43,44,45,46,49,50,56],
[1,2,5,7,13,15,16,26,30,32,41,42,43,44,45,46,49,50,53,54,56],
[1,3,4,5,8,13,15,16,18,22,30,33,37,41,43,44,45,46,49,50,54,56],
[1,2,4,5,13,15,16,18,22,30,32,37,43,44,45,49,50,52,54,56,57],
[1,2,4,5,15,16,18,22,30,32,37,39,41,43,44,49,50,52,53,54,56],
[1,2,4,5,13,15,16,17,18,22,24,39,40,41,42,43,44,49,54,56,57],
[1,2,4,5,13,15,16,17,22,37,39,40,41,42,43,44,49,52,54,56,57],
[2,4,5,13,15,16,17,18,22,27,39,40,41,42,43,44,49,52,54,56,57],
[1,2,4,13,15,16,17,22,32,39,40,41,42,43,44,49,52,54,55,56,57],
[1,2,4,15,16,17,18,22,32,35,39,40,41,42,43,44,49,52,54,56,57],
[1,4,13,15,16,17,18,22,32,39,40,41,42,43,44,49,52,54,55,56,57],
[1,2,5,13,15,16,17,18,22,24,30,32,39,41,42,43,44,52,53,56,57],
[1,2,5,13,15,16,17,18,22,24,32,39,41,42,43,44,52,53,54,56,57],
[1,4,5,13,15,16,17,18,25,30,32,37,39,41,42,43,44,49,52,54,56],
[1,4,5,15,16,17,18,22,27,30,32,37,39,41,42,43,44,49,52,54,56],
[1,4,5,13,15,16,17,18,22,29,32,39,41,42,43,44,49,54,55,56,57],
[1,4,5,13,16,17,18,22,30,32,38,39,42,43,44,49,52,54,55,56,57],
[2,4,5,13,15,16,17,18,20,22,30,39,42,43,44,49,52,54,55,56,57],
[2,4,5,13,16,17,18,22,30,32,35,39,42,43,44,49,52,54,55,56,57],
[1,2,5,13,15,16,17,18,22,24,30,32,39,41,42,43,46,49,53,54,56],
[1,2,5,13,15,16,17,18,22,26,32,39,41,42,43,44,46,49,53,54,56],
[1,2,5,7,15,16,17,18,22,30,32,39,41,42,43,44,46,49,53,54,56],
[1,5,13,15,16,17,18,22,26,30,32,39,41,42,43,44,46,49,53,54,56],
[1,2,5,13,15,16,17,18,22,24,30,32,37,39,41,42,43,49,50,53,54,56],
[1,2,5,13,15,16,17,18,22,24,30,32,39,41,42,46,49,50,53,54,56],
[1,2,5,13,15,16,18,22,24,30,32,37,39,41,43,46,49,50,53,54,56],
[1,2,5,13,15,16,17,18,22,24,30,32,41,42,43,46,49,50,53,54,56],
[1,2,5,13,15,16,17,18,20,22,30,32,39,42,43,44,49,50,52,53,54,56],
[1,2,5,13,15,16,17,18,20,22,30,32,39,42,43,46,49,50,53,54,56],
[1,2,5,13,15,16,17,18,20,22,30,32,42,43,44,46,49,50,53,54,56],
[1,2,5,13,15,16,18,20,30,32,39,42,43,44,46,49,50,52,53,54,56],
[1,2,5,15,16,18,20,22,30,32,39,42,43,44,46,49,50,52,53,54,56],
[1,2,5,13,15,16,18,24,30,32,39,41,42,43,44,49,50,52,53,54,56],
[1,2,5,13,15,16,18,24,30,32,39,42,43,44,46,49,50,52,53,54,56],
[1,2,5,15,16,18,24,30,32,39,41,42,43,44,46,49,50,52,53,54,56],
[1,2,13,15,16,18,24,30,32,39,41,42,43,44,46,49,50,52,53,54,56],
[1,5,13,15,16,18,22,26,27,30,39,41,42,43,44,46,49,50,53,54,56],
[1,8,13,15,16,18,22,26,30,32,39,41,42,43,44,46,49,50,53,54,56],
[2,4,5,8,11,13,15,16,18,22,23,27,30,31,32,39,41,43,44,46,49],
[2,4,5,11,13,14,15,16,18,22,23,27,30,32,39,41,43,44,46,49,57],
[2,4,5,11,13,15,16,18,20,22,23,27,30,31,39,43,44,46,49,53,57],
[2,4,11,13,15,16,18,23,27,30,31,32,39,41,43,44,48,49,52,53,57],
[2,4,11,13,15,16,18,19,23,27,30,31,32,39,43,44,46,48,49,52,53,57],
[2,4,11,13,15,16,18,23,30,31,32,39,41,43,44,46,48,49,52,53,57],
[2,4,11,13,15,16,18,27,30,31,32,39,41,43,44,46,48,49,52,53,57],
[2,4,11,13,15,16,19,23,27,30,31,32,39,41,43,44,46,48,49,53,57],
[2,4,5,8,11,13,15,16,17,18,22,23,30,31,32,39,41,43,46,49,57],
[2,4,11,13,15,16,17,18,23,29,30,31,32,39,43,44,46,49,52,54,55,57],
[2,4,11,13,15,16,17,18,29,30,31,32,39,41,43,44,46,49,52,54,57],
[2,4,11,13,15,16,17,23,29,30,31,32,39,41,43,44,46,49,54,55,57],
[2,4,9,11,12,13,15,16,18,22,23,30,31,32,37,43,46,49,53,54,57],
[2,4,9,11,12,13,16,18,22,23,30,31,32,37,41,43,46,49,53,54,57],
[2,4,9,11,12,15,16,18,22,23,30,31,32,37,41,43,46,49,53,54,57],
[2,4,5,11,13,15,16,18,27,30,31,32,39,41,43,44,46,49,52,53,54],
[2,4,5,11,13,15,16,18,27,30,31,34,39,41,43,44,46,49,52,53,54,57],
[2,4,11,13,15,16,19,22,23,30,31,32,33,37,39,41,43,44,46,49,53],
[2,4,9,11,13,15,16,22,23,30,31,32,33,37,39,41,43,46,49,53,54],
[2,4,11,13,15,16,19,22,23,30,31,32,33,37,39,43,44,46,49,53,54],
[2,4,11,13,15,16,22,23,30,31,33,37,39,41,43,44,46,48,49,53,57],
[2,4,11,13,15,16,22,23,30,31,33,37,39,41,43,44,46,49,54,55,57],
[2,4,11,13,15,16,22,23,30,31,33,37,39,41,43,46,49,53,54,55,57],
[2,4,11,13,15,16,22,23,30,31,33,37,39,43,44,46,49,53,54,55,57],
[2,4,11,13,15,16,22,23,30,33,37,39,41,43,44,46,49,53,54,55,57],
[2,4,11,13,16,22,23,30,32,33,37,39,41,43,44,46,49,53,54,55,57],
[2,4,11,15,16,22,23,30,32,33,37,39,41,43,44,46,49,53,54,55,57],
[2,4,13,15,16,22,23,30,32,33,37,39,41,43,44,46,49,53,54,55,57],
[4,11,13,15,16,22,23,30,32,37,39,41,43,44,46,48,49,53,54,55,57],
[2,4,11,15,16,18,22,23,30,31,32,33,35,39,41,43,44,46,52,53,54],
[2,4,11,15,16,18,22,23,30,31,32,33,35,39,41,43,46,49,52,53,54],
[2,4,11,15,16,18,23,29,30,31,32,33,35,39,41,43,44,46,49,52,53,54],
[2,4,11,12,15,16,18,22,23,30,31,32,33,41,43,46,49,52,53,54,57],
[2,4,11,12,15,16,18,22,23,30,31,32,33,43,44,46,49,52,53,54,57],
[2,4,5,12,13,15,16,18,20,22,23,29,31,32,39,44,46,49,54,56,57],
[2,4,12,13,15,16,18,20,22,23,29,31,32,39,44,46,47,53,54,56,57],
[2,4,12,13,15,16,18,20,22,23,29,32,39,44,46,49,50,53,54,56,57],
[2,4,5,12,13,15,16,18,20,22,23,31,32,39,44,46,49,53,54,56,57],
[2,12,13,15,16,17,18,20,22,23,29,31,32,43,44,46,49,53,54,56,57],
[2,4,13,15,16,18,20,23,29,31,32,39,43,44,45,46,49,52,53,56,57],
[2,4,12,13,15,16,20,22,23,29,32,39,43,44,46,49,53,54,55,56,57],
[2,4,13,15,16,18,20,22,29,31,33,39,41,42,43,44,46,49,53,54,56],
[2,4,15,16,18,20,22,23,29,31,33,35,39,41,43,44,46,49,53,56,57],
[2,4,15,16,18,20,22,23,29,31,33,39,43,44,46,49,52,53,54,56,57],
[13,15,16,18,20,22,23,29,30,31,33,39,41,43,44,46,49,53,54,56,57],
[2,4,5,12,13,15,16,17,18,22,29,31,32,39,43,46,49,53,54,56,57],
[2,5,7,13,15,16,18,27,30,31,32,39,41,42,43,44,46,49,53,54,56],
[4,5,11,13,15,16,18,22,26,27,30,32,39,41,43,44,46,49,53,54,56],
[2,4,5,13,15,16,17,18,22,24,26,32,39,41,43,44,49,53,54,56,57],
[4,5,13,15,16,17,18,22,26,29,32,39,41,43,44,46,49,53,54,56,57],
[2,4,5,11,12,15,16,17,18,22,31,32,39,41,43,46,49,53,54,56,57],
[2,5,12,13,14,15,16,18,22,23,30,31,32,37,43,45,46,49,53,54,57],
[2,4,5,11,13,15,16,19,23,30,31,32,37,43,44,45,46,49,53,54,57],
[2,4,9,11,13,15,16,18,23,30,31,32,41,43,44,46,49,52,53,54,57],
[2,4,9,11,13,15,16,18,23,30,31,32,43,44,45,46,49,52,53,54,57],
[2,4,9,11,13,16,18,19,23,30,31,32,41,43,44,45,46,49,53,54,57],
[2,4,9,11,15,16,18,23,30,31,32,41,43,44,45,46,49,52,53,54,57],
[2,4,11,12,15,16,18,22,23,30,31,33,37,41,43,45,46,49,53,54,57],
[2,4,11,12,15,16,22,23,30,31,32,33,37,41,43,45,46,49,53,54,57],
[4,11,12,15,16,18,22,23,30,31,32,33,37,41,43,45,46,49,53,54,57],
[2,4,11,12,15,16,22,23,30,31,32,33,37,43,44,45,46,49,53,54,57],
[2,4,11,12,15,16,22,23,31,32,33,37,41,43,44,45,46,49,53,54,57],
[2,4,13,15,16,18,20,22,23,30,31,33,43,44,45,49,50,52,53,54,56],
[2,4,13,15,16,18,20,22,23,30,31,33,39,44,45,46,49,50,53,54,56],
[2,12,13,15,16,18,20,22,23,30,31,33,43,44,45,46,49,50,53,54,56],
[2,13,15,16,18,20,22,23,30,31,33,40,43,44,45,49,52,53,54,56,57],
[2,4,15,16,18,20,22,23,30,31,33,39,43,44,46,49,52,53,54,56,57],
[2,13,15,16,18,20,22,23,30,31,33,40,41,43,44,45,52,53,54,56,57],
[2,13,15,16,18,20,22,23,30,31,33,40,41,43,44,49,52,53,54,56,57],
[1,2,12,15,16,18,20,22,30,31,33,41,43,44,45,46,49,53,54,56,57],
[2,3,4,12,13,15,16,18,22,23,31,37,41,45,46,49,50,53,54,56,57],
[2,3,4,5,12,13,15,16,18,22,31,32,37,41,45,46,49,53,54,56,57],
[2,3,5,12,13,14,15,16,18,22,23,32,41,44,45,46,49,53,54,56,57],
[2,4,9,15,16,18,23,29,30,31,32,33,41,43,44,45,46,49,52,53,54],
[2,4,15,16,18,23,29,30,31,32,33,39,41,43,44,46,49,52,53,54,56],
[2,4,13,15,16,18,23,29,30,31,32,33,43,44,45,46,49,52,53,54,56],
[2,4,15,16,23,29,30,31,32,33,39,41,43,44,45,46,49,52,53,54,56],
[2,4,9,11,15,16,18,23,30,31,32,33,41,43,44,45,46,49,52,53,54],
[2,4,11,12,15,16,18,23,30,31,32,33,41,43,45,46,49,52,53,54,57],
[2,4,11,12,15,16,18,23,30,31,32,33,43,44,45,46,49,52,53,54,57],
[2,4,11,12,15,16,18,23,31,32,33,41,43,44,45,46,49,52,53,54,57],
[2,11,12,15,16,18,23,30,31,32,33,41,43,44,45,46,49,52,53,54,57],
[4,11,15,16,18,23,29,30,31,32,33,41,43,44,45,46,49,52,53,54,57],
[2,4,15,16,23,29,31,32,33,39,41,43,44,45,46,49,52,53,54,56,57],
[2,4,16,23,29,30,31,32,33,39,41,43,44,45,46,49,52,53,54,56,57],
[2,15,16,23,29,30,31,32,33,39,41,43,44,45,46,49,52,53,54,56,57],
[2,4,11,12,16,18,22,23,30,31,32,33,41,43,44,45,46,51,53,54,57],
[2,4,12,16,18,22,23,28,30,31,32,33,41,43,44,45,46,51,54,56,57],
[2,4,9,12,16,18,22,23,30,31,32,33,41,43,45,46,51,53,54,56,57],
[4,11,12,16,18,22,23,30,31,32,33,41,43,44,45,46,51,53,54,56,57],
[2,4,11,12,16,18,22,23,30,31,32,33,35,41,43,46,49,53,54,56,57],
[2,4,11,12,16,18,22,23,30,31,32,33,43,44,46,49,52,53,54,56,57],
[2,4,11,12,16,18,22,23,28,30,31,33,41,43,44,46,49,53,54,56,57],
[2,4,12,16,18,22,23,30,32,33,35,41,43,44,45,46,49,50,53,54,56],
[2,4,12,16,18,22,23,30,32,33,35,41,44,45,46,49,50,53,54,56,57],
[1,2,12,16,18,22,23,30,32,33,35,41,43,44,45,46,49,53,54,56,57],
[1,2,12,15,16,18,22,23,30,32,33,41,43,44,45,49,52,53,54,56,57],
[1,2,12,15,16,18,20,22,23,30,32,41,43,44,45,46,49,53,54,56,57],
[2,4,5,13,15,16,17,18,24,25,32,39,40,41,42,44,49,52,54,56,57],
[1,2,4,5,13,15,16,17,18,24,26,32,40,41,42,43,44,49,54,56,57],
[2,4,5,13,15,16,17,18,24,27,39,40,41,42,43,44,49,52,54,56,57],
[1,2,4,5,15,16,17,18,24,29,32,39,41,42,43,44,46,49,52,54,57],
[1,2,4,5,15,16,17,18,24,29,32,39,41,42,43,44,46,49,54,56,57],
[1,2,4,5,15,16,17,18,24,29,32,39,41,42,43,46,49,52,54,56,57],
[1,2,4,13,15,16,18,24,32,39,40,41,42,43,44,49,52,53,54,56,57],
[1,4,5,13,15,16,18,20,24,29,32,39,42,43,44,45,46,49,52,56,57],
[1,4,5,13,15,16,18,24,29,32,39,43,44,45,46,49,52,53,54,56,57],
[1,2,4,5,15,16,17,18,24,29,40,41,42,43,44,45,49,52,54,56,57],
[1,2,4,15,16,18,24,29,32,39,41,42,43,44,46,49,52,53,54,56,57],
[1,2,4,5,15,16,17,18,24,31,32,39,41,42,43,46,49,52,54,56,57],
[1,2,4,13,15,16,18,24,32,39,41,42,43,44,46,49,50,52,53,54,56],
[1,2,4,13,15,16,24,29,32,39,41,42,43,44,46,49,52,53,54,56,57],
[1,4,13,15,16,18,24,29,32,39,41,42,43,44,46,49,52,53,54,56,57],
[1,2,4,13,15,16,24,29,32,39,41,42,43,44,45,46,49,52,53,54,56],
[1,4,13,15,16,18,24,29,32,39,41,43,44,45,46,49,52,53,54,56,57],
[1,4,5,13,15,16,18,24,30,32,39,42,43,45,46,48,49,50,52,55,57],
[1,4,5,13,15,16,18,24,32,39,42,43,44,45,46,48,49,50,52,55,57],
[1,4,5,13,15,16,18,30,32,39,42,43,44,45,46,48,49,50,52,55,57],
[1,2,4,5,8,15,16,18,21,24,30,32,35,39,41,42,43,45,46,49,52],
[1,2,4,5,16,21,24,30,32,35,39,41,42,43,44,45,46,49,52,55,57],
[1,4,5,15,16,18,21,30,32,39,41,42,43,44,45,46,48,49,52,55,57],
[1,4,5,13,15,16,18,30,32,37,39,41,43,44,45,46,48,49,52,54,57],
[1,4,5,13,16,18,24,25,30,34,39,41,42,43,44,45,46,48,49,52,57],
[1,4,5,13,16,24,25,30,32,34,39,41,42,43,44,45,46,48,49,52,57],
[1,4,13,16,18,24,25,29,30,32,39,41,42,43,44,45,46,48,49,52,57],
[1,5,13,16,18,24,25,30,32,34,39,41,42,43,44,45,46,48,49,52,57],
[1,2,4,5,13,15,16,24,32,34,37,39,42,43,45,46,49,52,54,55,57],
[1,2,4,13,15,16,24,32,34,37,39,41,42,43,45,46,49,52,54,55,57],
[1,2,4,5,15,16,21,24,30,31,32,37,39,41,43,45,46,49,52,54,57],
[1,2,13,15,16,24,30,32,34,37,39,41,42,43,45,46,49,52,54,55,57],
[2,4,5,13,15,16,17,18,21,24,30,31,32,39,41,42,45,49,52,54,57],
[1,2,4,13,15,16,24,32,34,37,39,41,42,43,44,45,46,48,52,54,57],
[1,4,5,13,15,16,24,32,34,37,39,41,42,43,44,45,46,48,52,54,57],
[1,2,4,5,13,15,16,24,32,34,37,39,43,44,45,46,49,52,54,55,57],
[1,4,5,11,15,16,18,24,29,32,34,39,41,42,43,44,46,49,52,54,57],
[1,2,4,5,13,15,16,18,22,24,32,37,40,41,42,43,44,50,51,54,56],
[1,2,4,5,13,15,16,18,22,24,32,37,40,41,42,44,45,50,51,54,56],
[1,2,4,5,13,15,16,18,24,30,32,37,39,41,42,43,49,50,52,54,56],
[2,4,5,9,13,15,16,18,24,30,32,37,41,42,43,45,49,50,52,54,56],
[1,2,5,13,14,15,16,17,18,22,30,32,37,40,41,43,44,49,50,54,56],
[1,2,5,13,15,16,17,18,22,30,32,37,40,42,43,44,49,50,52,54,56],
[1,2,5,13,14,15,16,17,18,22,30,32,37,40,41,43,45,49,50,54,56],
[1,2,5,13,15,16,17,18,22,30,32,37,40,42,43,45,49,50,54,55,56],
[1,2,5,13,14,15,16,17,18,22,30,32,37,40,41,44,45,49,50,54,56],
[1,2,4,5,13,14,15,16,18,22,24,26,32,40,41,42,43,44,45,50,56],
[1,2,4,5,13,14,15,16,18,22,24,26,32,40,41,42,43,44,49,50,56],
[1,2,4,5,13,14,15,16,18,22,24,26,40,41,42,43,44,45,49,50,56],
[1,2,4,5,13,14,15,16,18,24,26,32,40,41,42,43,44,45,49,50,56],
[1,2,4,5,13,15,16,24,26,32,37,40,41,42,43,44,45,49,50,54,56],
[1,2,5,13,14,15,16,17,18,22,26,32,40,41,42,43,44,45,49,54,56],
[1,2,5,13,14,15,16,17,18,22,26,32,40,41,42,43,44,49,50,54,56],
[1,2,5,13,14,15,16,17,18,22,26,32,40,41,42,43,45,49,50,54,56],
[1,2,5,13,14,15,16,17,18,22,26,32,40,42,43,44,45,49,50,54,55,56],
[1,2,4,5,13,14,16,18,22,24,26,40,41,42,43,44,45,46,49,50,56],
[1,2,5,13,14,15,16,18,22,24,26,40,41,42,43,44,45,46,49,50,56],
[1,2,4,13,15,16,18,22,24,26,40,41,42,43,44,46,49,50,53,54,56],
[1,2,4,12,13,15,16,18,22,24,26,40,41,42,43,45,46,49,50,54,56],
[1,2,4,5,13,14,15,16,18,24,26,32,40,41,42,43,44,45,46,49,50],
[1,2,4,5,12,15,16,18,24,26,32,40,42,43,44,45,46,49,50,54,56],
[1,2,5,12,13,15,16,18,24,26,32,40,42,43,44,45,46,49,50,54,56],
[1,2,4,12,13,15,16,18,22,24,26,32,40,41,42,43,46,49,50,54,56],
[1,2,4,12,15,16,18,22,26,32,35,40,41,42,43,44,46,49,50,54,56],
[1,2,4,12,15,16,18,22,26,33,40,41,42,43,44,45,46,49,50,54,56],
[1,2,4,12,15,16,18,22,32,35,40,41,42,43,44,45,46,49,50,54,56],
[1,2,5,13,14,15,16,17,18,22,26,30,40,41,42,43,44,49,50,54,56],
[1,2,5,7,8,14,15,16,18,22,26,30,32,41,43,44,45,46,49,50,56],
[1,2,5,13,15,16,17,18,22,24,39,40,41,42,43,44,49,53,54,56,57],
[1,2,4,15,16,17,18,22,32,35,40,41,42,43,44,49,52,54,55,56,57],
[1,2,5,13,15,16,17,18,22,24,32,40,41,42,43,44,52,53,54,56,57],
[1,2,5,13,15,16,17,18,22,24,39,40,41,42,43,44,52,53,54,56,57],
[2,4,5,13,16,17,18,22,30,32,35,39,42,44,49,50,52,54,55,56,57],
[1,2,7,15,16,17,18,22,30,32,35,39,41,42,43,44,46,49,53,54,56],
[1,2,5,13,15,16,17,18,22,24,30,32,37,41,43,46,49,50,53,54,56],
[1,2,4,5,15,16,18,24,32,39,41,42,43,44,46,49,50,52,53,54,56],
[2,4,9,11,13,15,16,18,23,30,31,32,41,43,44,46,48,49,52,53,57],
[4,11,13,15,16,18,23,29,30,31,32,39,41,43,44,46,48,49,52,53,57],
[2,4,11,13,15,16,19,23,27,30,31,37,39,41,43,44,46,48,49,53,57],
[2,4,9,11,13,15,16,17,23,29,30,31,32,39,41,43,46,49,54,55,57],
[2,4,9,11,13,15,16,22,23,30,31,32,33,37,39,43,46,49,53,54,55],
[4,11,13,15,16,22,23,30,31,33,37,39,41,43,44,45,46,49,54,55,57],
[2,4,13,15,16,22,23,30,32,33,37,39,41,43,44,45,46,49,54,55,57],
[4,13,15,16,22,23,30,32,33,37,39,41,43,44,46,48,49,53,54,55,57],
[2,4,5,12,13,15,16,18,20,22,23,29,31,32,39,44,46,47,54,56,57],
[3,4,12,13,15,16,18,20,22,23,29,31,32,39,44,46,47,53,54,56,57],
[2,4,13,15,16,18,20,23,30,31,32,39,43,44,45,46,49,52,53,56,57],
[1,2,4,5,15,16,17,18,22,24,26,32,39,41,43,44,49,53,54,56,57],
[2,4,5,11,13,15,16,19,23,30,31,32,37,43,44,45,46,49,54,55,57],
[2,4,13,15,16,18,20,22,23,30,31,33,39,41,44,45,46,49,50,53,56],
[2,15,16,20,23,29,30,31,32,33,39,43,44,45,46,49,52,53,54,56,57],
[1,2,4,5,10,15,16,17,18,24,29,40,41,42,44,45,49,52,54,56,57],
[1,2,4,13,15,16,24,29,32,39,42,43,44,45,46,49,50,52,53,54,56],
[1,4,5,13,15,16,18,21,24,30,32,39,42,45,46,48,49,50,52,55,57],
[4,11,13,15,16,18,23,29,30,31,32,39,41,44,46,48,49,52,53,54,57],
[2,4,5,13,16,18,22,28,30,31,32,41,42,43,44,45,46,51,54,56,57],
[3,4,11,13,15,16,18,22,23,29,31,32,39,41,44,46,47,48,53,54,57]];
