return [[1,2,3,4,5,6,7,8,9,10,11,13,14,17,20,21,23,24,26,27,32],
[1,2,3,4,5,6,7,8,9,10,11,13,16,17,18,20,21,23,26,29,32],
[1,2,3,4,5,6,7,8,9,10,11,13,16,17,18,20,23,26,29,30,32],
[1,2,3,4,5,6,7,8,9,10,11,14,16,17,20,21,23,24,26,27,32],
[1,2,3,4,5,6,7,8,9,10,11,16,17,18,20,23,26,27,29,30,32],
[1,2,3,4,5,6,7,8,9,10,13,14,16,17,18,20,21,23,24,26,27],
[1,2,3,4,5,6,7,8,9,10,13,14,16,17,18,20,21,23,24,27,32],
[1,2,3,4,5,6,7,8,9,10,13,14,16,17,18,20,21,23,26,27,32],
[1,2,3,4,5,6,7,8,9,10,13,14,17,18,20,21,23,24,26,27,32],
[1,2,3,4,5,6,7,8,9,10,13,16,17,18,20,21,23,26,27,29,32],
[1,2,3,4,5,6,7,8,9,10,13,16,17,18,20,23,26,27,29,30,32],
[1,2,3,4,5,6,7,8,9,10,14,16,17,18,20,21,23,24,26,27,32],
[1,2,3,4,5,6,7,8,9,11,12,13,14,16,17,19,20,21,23,26,31],
[1,2,3,4,5,6,7,8,9,11,12,13,14,16,17,19,20,23,26,30,31],
[1,2,3,4,5,6,7,8,9,11,12,13,14,16,17,20,21,23,26,31,32],
[1,2,3,4,5,6,7,8,9,11,12,13,14,17,20,21,23,24,26,28,32],
[1,2,3,4,5,6,7,8,9,11,12,13,14,17,20,21,23,26,28,31,32],
[1,2,3,4,5,6,7,8,9,11,12,13,16,17,18,20,21,23,24,28,32],
[1,2,3,4,5,6,7,8,9,11,12,13,16,17,19,20,21,23,26,30,31],
[1,2,3,4,5,6,7,8,9,11,12,13,17,18,20,21,23,24,26,28,32],
[1,2,3,4,5,6,7,8,9,11,12,14,16,17,19,20,23,26,27,30,31],
[1,2,3,4,5,6,7,8,9,11,13,14,16,17,21,23,26,27,30,31,32],
[1,2,3,4,5,6,7,8,9,11,13,14,17,20,21,23,24,26,27,28,32],
[1,2,3,4,5,6,7,8,9,11,13,16,17,18,21,23,26,27,28,30,32],
[1,2,3,4,5,6,7,8,9,11,13,16,17,21,23,26,27,28,30,31,32],
[1,2,3,4,5,6,7,8,9,11,14,16,17,19,20,23,26,27,30,31,32],
[1,2,3,4,5,6,7,8,9,11,14,16,17,19,21,23,26,27,30,31,32],
[1,2,3,4,5,6,7,8,9,11,14,17,19,20,21,23,26,27,30,31,32],
[1,2,3,4,5,6,7,8,9,12,13,14,16,17,18,20,21,23,24,26,27],
[1,2,3,4,5,6,7,8,9,12,13,14,16,17,18,20,21,23,26,27,31],
[1,2,3,4,5,6,7,8,9,12,13,14,16,17,18,20,21,23,26,31,32],
[1,2,3,4,5,6,7,8,9,12,13,14,16,17,19,20,21,23,26,27,31],
[1,2,3,4,5,6,7,8,9,12,13,14,16,17,19,20,23,26,27,30,31],
[1,2,3,4,5,6,7,8,9,12,13,16,17,19,20,21,23,26,27,30,31],
[1,2,3,4,5,6,7,8,9,13,14,16,17,18,20,21,23,26,27,31,32],
[1,2,3,4,5,6,7,8,9,13,14,16,17,19,20,21,23,26,27,30,31],
[1,2,3,4,5,6,7,8,9,13,14,16,17,20,21,23,26,27,30,31,32],
[1,2,3,4,5,6,7,8,9,13,16,17,18,20,21,23,26,27,29,30,32],
[1,2,3,4,5,6,7,8,9,13,16,17,18,20,21,23,26,27,30,31,32],
[1,2,3,4,5,6,7,8,9,13,16,17,18,20,21,23,27,28,30,31,32],
[1,2,3,4,5,6,7,8,9,13,16,17,18,21,23,26,27,28,30,31,32],
[1,2,3,4,5,6,7,8,9,13,17,18,20,21,23,26,27,28,30,31,32],
[1,2,3,4,5,6,7,8,9,14,16,17,19,20,21,23,26,27,30,31,32],
[1,2,3,4,5,6,7,8,10,11,12,13,14,16,17,19,20,23,24,25,28],
[1,2,3,4,5,6,7,8,10,11,12,13,14,17,19,20,23,24,25,26,28],
[1,2,3,4,5,6,7,8,10,11,13,14,16,17,19,20,21,22,23,24,32],
[1,2,3,4,5,6,7,8,10,11,13,14,16,17,19,20,23,25,26,27,30],
[1,2,3,4,5,6,7,8,10,11,13,14,16,17,19,20,23,26,30,31,32],
[1,2,3,4,5,6,7,8,10,11,13,14,16,17,19,20,23,28,30,31,32],
[1,2,3,4,5,6,7,8,10,11,13,14,17,19,20,21,22,23,24,28,32],
[1,2,3,4,5,6,7,8,10,11,13,14,17,19,20,21,22,23,27,28,32],
[1,2,3,4,5,6,7,8,10,11,13,14,17,19,20,21,23,26,27,28,32],
[1,2,3,4,5,6,7,8,10,11,13,14,17,19,20,23,25,26,27,28,30],
[1,2,3,4,5,6,7,8,10,11,13,14,17,19,20,23,26,27,28,30,32],
[1,2,3,4,5,6,7,8,10,11,13,14,17,19,20,23,26,28,30,31,32],
[1,2,3,4,5,6,7,8,10,11,13,14,17,20,21,22,23,24,27,28,32],
[1,2,3,4,5,6,7,8,10,11,13,14,17,20,21,23,24,26,27,28,32],
[1,2,3,4,5,6,7,8,10,11,13,16,17,18,20,23,26,28,29,30,32],
[1,2,3,4,5,6,7,8,10,11,13,16,17,18,21,23,26,27,28,30,32],
[1,2,3,4,5,6,7,8,10,11,13,16,17,18,21,23,26,28,29,30,32],
[1,2,3,4,5,6,7,8,10,11,13,16,17,19,20,21,22,23,24,28,32],
[1,2,3,4,5,6,7,8,10,11,13,16,17,19,21,22,23,27,28,30,32],
[1,2,3,4,5,6,7,8,10,11,13,16,17,19,21,23,26,28,29,30,32],
[1,2,3,4,5,6,7,8,10,11,13,17,19,20,21,22,23,27,28,30,32],
[1,2,3,4,5,6,7,8,10,11,13,17,19,20,21,23,26,27,28,30,32],
[1,2,3,4,5,6,7,8,10,11,13,17,19,20,21,23,26,28,29,30,32],
[1,2,3,4,5,6,7,8,10,11,14,16,17,19,20,21,22,23,24,27,32],
[1,2,3,4,5,6,7,8,10,11,14,16,17,19,20,21,23,24,26,27,32],
[1,2,3,4,5,6,7,8,10,11,14,16,17,19,20,23,24,26,27,32,33],
[1,2,3,4,5,6,7,8,10,11,14,16,17,19,20,23,26,27,30,32,33],
[1,2,3,4,5,6,7,8,10,11,14,16,17,19,20,23,26,30,31,32,33],
[1,2,3,4,5,6,7,8,10,11,14,16,17,19,21,23,24,25,26,27,28],
[1,2,3,4,5,6,7,8,10,11,14,16,17,19,21,23,24,26,27,28,32],
[1,2,3,4,5,6,7,8,10,11,14,16,17,19,23,26,27,30,31,32,33],
[1,2,3,4,5,6,7,8,10,11,14,17,19,20,21,22,23,24,27,28,32],
[1,2,3,4,5,6,7,8,10,11,14,17,19,20,21,23,24,26,27,28,32],
[1,2,3,4,5,6,7,8,10,11,16,17,18,21,23,26,27,28,29,30,32],
[1,2,3,4,5,6,7,8,10,11,16,17,19,20,21,23,24,26,27,29,32],
[1,2,3,4,5,6,7,8,10,11,16,17,19,21,23,26,27,28,29,30,32],
[1,2,3,4,5,6,7,8,10,11,17,18,20,21,23,24,26,27,28,29,32],
[1,2,3,4,5,6,7,8,10,11,17,19,20,21,23,24,26,27,28,29,32],
[1,2,3,4,5,6,7,8,10,11,17,19,20,21,23,26,27,28,29,30,32],
[1,2,3,4,5,6,7,8,10,13,14,16,17,19,20,21,23,27,28,31,32],
[1,2,3,4,5,6,7,8,10,13,14,16,17,19,20,23,25,27,28,30,31],
[1,2,3,4,5,6,7,8,10,13,14,16,17,19,20,23,26,27,30,31,32],
[1,2,3,4,5,6,7,8,10,13,14,16,17,19,20,23,27,28,30,31,32],
[1,2,3,4,5,6,7,8,10,13,14,17,18,20,21,23,24,26,27,28,32],
[1,2,3,4,5,6,7,8,10,13,14,17,18,20,21,23,26,27,28,31,32],
[1,2,3,4,5,6,7,8,10,13,14,17,19,20,23,26,27,28,30,31,32],
[1,2,3,4,5,6,7,8,10,13,16,17,19,20,21,22,23,27,28,30,32],
[1,2,3,4,5,6,7,8,10,14,16,17,19,20,21,23,24,27,28,31,32],
[1,2,3,4,5,6,7,8,10,14,16,17,19,20,23,24,26,27,31,32,33],
[1,2,3,4,5,6,7,8,10,14,16,17,19,20,23,26,27,30,31,32,33],
[1,2,3,4,5,6,7,8,10,14,17,18,20,21,23,24,26,27,28,31,32],
[1,2,3,4,5,6,7,8,10,14,17,19,20,21,23,24,26,27,28,31,32],
[1,2,3,4,5,6,7,8,10,14,17,19,20,23,24,26,27,28,31,32,33],
[1,2,3,4,5,6,7,8,10,16,17,18,19,20,21,23,24,26,27,29,32],
[1,2,3,4,5,6,7,8,10,16,17,18,19,20,21,23,24,27,28,29,32],
[1,2,3,4,5,6,7,8,10,16,17,18,19,20,21,23,24,27,28,31,32],
[1,2,3,4,5,6,7,8,10,17,18,19,20,21,23,24,26,27,28,29,32],
[1,2,3,4,5,6,7,8,10,17,18,19,20,21,23,24,26,27,28,31,32],
[1,2,3,4,5,6,7,8,11,12,14,17,19,20,21,23,24,26,27,28,31],
[1,2,3,4,5,6,7,8,11,12,16,17,19,21,23,25,26,27,28,30,31],
[1,2,3,4,5,6,7,8,11,13,14,17,19,20,21,23,26,28,30,31,32],
[1,2,3,4,5,6,7,8,11,13,16,17,19,20,21,23,26,29,30,31,32],
[1,2,3,4,5,6,7,8,11,13,16,17,19,20,21,23,28,29,30,31,32],
[1,2,3,4,5,6,7,8,11,13,17,19,20,21,23,26,28,29,30,31,32],
[1,2,3,4,5,6,7,8,11,14,16,17,19,20,23,26,27,30,31,32,33],
[1,2,3,4,5,6,7,8,11,14,17,19,20,21,23,26,27,28,30,31,32],
[1,2,3,4,5,6,8,9,10,11,13,14,16,17,19,20,21,22,23,24,29],
[1,2,3,4,5,6,8,9,10,11,13,14,16,17,19,20,21,23,24,26,29],
[1,2,3,4,5,6,8,9,10,11,13,14,16,17,19,20,23,24,26,29,31],
[1,2,3,4,5,6,8,9,10,11,13,14,16,17,19,20,23,26,29,30,31],
[1,2,3,4,5,6,8,9,10,11,13,14,16,17,19,21,23,24,25,26,29],
[1,2,3,4,5,6,8,9,10,11,13,14,16,17,19,23,24,25,26,29,31],
[1,2,3,4,5,6,8,9,10,11,13,14,16,17,20,21,22,23,24,29,32],
[1,2,3,4,5,6,8,9,10,11,13,14,16,17,20,21,23,24,26,29,32],
[1,2,3,4,5,6,8,9,10,11,13,14,16,17,20,23,24,26,29,31,32],
[1,2,3,4,5,6,8,9,10,11,13,14,16,17,20,23,26,29,30,31,32],
[1,2,3,4,5,6,8,9,10,11,13,14,16,17,21,23,24,25,26,29,31],
[1,2,3,4,5,6,8,9,10,11,13,14,16,17,21,23,24,26,29,31,32],
[1,2,3,4,5,6,8,9,10,11,13,16,17,18,20,21,23,24,26,29,32],
[1,2,3,4,5,6,8,9,10,11,13,16,17,19,20,23,24,26,29,30,31],
[1,2,3,4,5,6,8,9,10,11,13,16,17,19,23,24,25,26,29,30,31],
[1,2,3,4,5,6,8,9,10,11,13,17,18,20,21,23,24,26,28,29,32],
[1,2,3,4,5,6,8,9,10,11,13,17,18,20,23,24,26,28,29,30,32],
[1,2,3,4,5,6,8,9,10,11,14,16,17,19,20,21,23,24,26,27,29],
[1,2,3,4,5,6,8,9,10,11,14,16,17,19,20,22,23,24,27,30,32],
[1,2,3,4,5,6,8,9,10,11,14,16,17,19,20,23,24,25,26,27,30],
[1,2,3,4,5,6,8,9,10,11,14,16,17,19,23,24,25,26,27,30,31],
[1,2,3,4,5,6,8,9,10,11,14,16,17,21,23,24,26,27,29,31,32],
[1,2,3,4,5,6,8,9,10,11,16,17,19,23,24,25,26,27,29,30,31],
[1,2,3,4,5,6,8,9,10,11,17,18,20,21,23,24,26,27,28,29,32],
[1,2,3,4,5,6,8,9,10,11,17,18,20,23,24,26,27,28,29,30,32],
[1,2,3,4,5,6,8,9,10,13,14,16,17,20,21,22,23,24,27,29,32],
[1,2,3,4,5,6,8,9,10,13,16,17,18,20,23,24,26,27,29,30,31],
[1,2,3,4,5,6,8,9,10,13,16,17,18,20,23,24,27,29,30,31,32],
[1,2,3,4,5,6,8,9,10,14,16,17,19,20,23,24,25,26,27,30,31],
[1,2,3,4,5,6,8,9,11,12,13,14,16,17,19,20,23,24,25,26,31],
[1,2,3,4,5,6,8,9,11,12,13,14,16,17,19,20,23,25,26,30,31],
[1,2,3,4,5,6,8,9,11,12,13,14,16,17,19,21,23,24,25,26,31],
[1,2,3,4,5,6,8,9,11,12,13,14,16,17,20,21,23,24,26,31,32],
[1,2,3,4,5,6,8,9,11,12,13,14,17,20,21,23,24,26,28,31,32],
[1,2,3,4,5,6,8,9,11,12,13,16,17,18,21,23,24,26,28,29,31],
[1,2,3,4,5,6,8,9,11,12,13,16,17,19,20,21,23,26,29,30,31],
[1,2,3,4,5,6,8,9,11,12,13,16,17,19,20,23,24,25,26,30,31],
[1,2,3,4,5,6,8,9,11,12,13,16,17,19,20,23,24,26,29,30,31],
[1,2,3,4,5,6,8,9,11,12,13,17,18,20,21,23,24,26,28,29,31],
[1,2,3,4,5,6,8,9,11,12,13,17,18,20,21,23,24,26,28,31,32],
[1,2,3,4,5,6,8,9,11,12,13,17,19,20,21,23,26,28,29,30,31],
[1,2,3,4,5,6,8,9,11,12,13,17,19,20,23,24,25,26,28,30,31],
[1,2,3,4,5,6,8,9,11,12,13,17,19,20,23,24,26,28,29,30,31],
[1,2,3,4,5,6,8,9,11,12,14,16,17,19,21,23,24,25,26,27,31],
[1,2,3,4,5,6,8,9,11,12,17,19,20,23,24,25,26,27,28,30,31],
[1,2,3,4,5,6,8,9,11,13,14,16,17,19,20,21,22,23,24,29,32],
[1,2,3,4,5,6,8,9,11,13,14,16,17,19,20,21,23,24,29,31,32],
[1,2,3,4,5,6,8,9,11,13,14,16,17,19,20,21,23,26,29,31,32],
[1,2,3,4,5,6,8,9,11,13,14,16,17,19,20,23,26,29,30,31,32],
[1,2,3,4,5,6,8,9,11,13,14,16,17,19,21,23,24,25,26,29,31],
[1,2,3,4,5,6,8,9,11,13,14,16,17,19,21,23,26,29,30,31,32],
[1,2,3,4,5,6,8,9,11,13,14,16,17,20,21,23,24,26,29,31,32],
[1,2,3,4,5,6,8,9,11,13,16,17,18,20,23,24,28,29,30,31,32],
[1,2,3,4,5,6,8,9,11,13,16,17,19,20,21,22,23,24,29,30,32],
[1,2,3,4,5,6,8,9,11,13,16,17,19,20,21,23,24,29,30,31,32],
[1,2,3,4,5,6,8,9,11,13,16,17,19,20,21,23,26,29,30,31,32],
[1,2,3,4,5,6,8,9,11,13,16,17,20,21,23,24,28,29,30,31,32],
[1,2,3,4,5,6,8,9,11,13,17,18,20,21,23,24,26,28,29,31,32],
[1,2,3,4,5,6,8,9,11,13,17,18,20,23,24,26,28,29,30,31,32],
[1,2,3,4,5,6,8,9,11,14,16,17,19,20,21,23,24,26,27,29,32],
[1,2,3,4,5,6,8,9,11,14,16,17,19,20,21,23,24,26,29,31,32],
[1,2,3,4,5,6,8,9,11,14,16,17,19,21,23,24,26,27,29,31,32],
[1,2,3,4,5,6,8,9,11,14,16,17,19,21,23,26,27,29,30,31,32],
[1,2,3,4,5,6,8,9,11,16,17,19,20,21,22,23,24,27,29,30,32],
[1,2,3,4,5,6,8,9,11,16,17,19,21,23,24,25,26,27,29,30,31],
[1,2,3,4,5,6,8,9,12,13,14,16,17,18,20,21,23,24,26,31,32],
[1,2,3,4,5,6,8,9,13,16,17,18,20,21,23,26,27,29,30,31,32],
[1,2,3,4,5,6,8,9,13,17,18,20,21,23,26,27,28,29,30,31,32],
[1,2,3,4,5,6,8,9,14,16,17,19,20,21,23,24,26,27,29,31,32],
[1,2,3,4,5,6,8,10,11,12,13,14,16,17,19,20,23,24,25,26,31],
[1,2,3,4,5,6,8,10,11,12,13,14,16,17,19,20,23,24,25,28,31],
[1,2,3,4,5,6,8,10,11,12,13,14,16,17,19,23,24,25,26,28,31],
[1,2,3,4,5,6,8,10,11,12,13,14,17,19,20,23,24,25,26,28,31],
[1,2,3,4,5,6,8,10,11,13,14,16,17,19,20,21,22,23,24,29,32],
[1,2,3,4,5,6,8,10,11,13,14,16,17,19,20,23,24,25,28,30,31],
[1,2,3,4,5,6,8,10,11,13,14,16,17,19,20,23,24,28,30,31,32],
[1,2,3,4,5,6,8,10,11,13,14,16,17,19,20,23,26,29,30,31,32],
[1,2,3,4,5,6,8,10,11,13,14,16,17,19,21,23,24,25,26,28,31],
[1,2,3,4,5,6,8,10,11,13,14,16,17,19,21,23,24,25,26,29,31],
[1,2,3,4,5,6,8,10,11,13,14,16,17,21,23,24,25,26,28,31,32],
[1,2,3,4,5,6,8,10,11,13,16,17,18,20,23,24,26,28,29,30,31],
[1,2,3,4,5,6,8,10,11,13,16,17,18,20,23,24,28,29,30,31,32],
[1,2,3,4,5,6,8,10,11,13,16,17,18,20,23,26,28,29,30,31,32],
[1,2,3,4,5,6,8,10,11,13,16,17,19,20,21,22,23,24,28,29,32],
[1,2,3,4,5,6,8,10,11,13,16,17,19,20,22,23,24,28,29,30,32],
[1,2,3,4,5,6,8,10,11,13,16,17,19,20,23,24,26,28,29,30,31],
[1,2,3,4,5,6,8,10,11,13,16,17,19,20,23,24,28,29,30,31,32],
[1,2,3,4,5,6,8,10,11,13,16,17,19,20,23,26,28,29,30,31,32],
[1,2,3,4,5,6,8,10,11,13,16,17,19,21,23,24,25,26,28,29,31],
[1,2,3,4,5,6,8,10,11,13,16,17,19,23,24,25,26,28,29,30,31],
[1,2,3,4,5,6,8,10,11,14,16,17,19,20,21,23,24,26,27,29,32],
[1,2,3,4,5,6,8,10,11,14,16,17,19,21,23,24,25,26,27,28,31],
[1,2,3,4,5,6,8,10,11,14,16,17,19,21,23,24,25,27,28,31,32],
[1,2,3,4,5,6,8,10,11,14,16,17,19,21,23,24,26,27,28,31,32],
[1,2,3,4,5,6,8,10,11,14,16,17,19,21,23,24,26,27,29,31,32],
[1,2,3,4,5,6,8,10,11,14,16,17,19,21,23,26,27,29,30,31,32],
[1,2,3,4,5,6,8,10,11,14,16,17,19,23,24,25,27,28,30,31,32],
[1,2,3,4,5,6,8,10,11,14,16,17,21,23,24,25,26,27,28,31,32],
[1,2,3,4,5,6,8,10,11,16,17,19,20,23,24,26,28,29,30,31,33],
[1,2,3,4,5,6,8,10,11,16,17,19,20,23,24,28,29,30,31,32,33],
[1,2,3,4,5,6,8,10,11,16,17,19,20,23,26,28,29,30,31,32,33],
[1,2,3,4,5,6,8,10,11,16,17,19,21,23,24,25,27,28,30,31,32],
[1,2,3,4,5,6,8,10,11,16,17,19,21,23,24,26,27,28,29,31,32],
[1,2,3,4,5,6,8,10,11,16,17,19,21,23,24,27,28,29,30,31,32],
[1,2,3,4,5,6,8,10,11,16,17,19,21,23,26,27,28,29,30,31,32],
[1,2,3,4,5,6,8,10,11,16,17,19,23,24,26,27,28,29,30,31,32],
[1,2,3,4,5,6,8,10,11,16,17,19,23,24,26,27,28,30,31,32,33],
[1,2,3,4,5,6,8,10,11,16,17,19,23,24,26,28,29,30,31,32,33],
[1,2,3,4,5,6,8,10,14,16,17,19,20,21,23,24,26,27,29,31,32],
[1,2,3,4,5,6,8,10,16,17,18,19,20,21,23,24,26,27,29,31,32],
[1,2,3,4,5,6,8,10,16,17,18,19,20,21,23,24,27,28,29,31,32],
[1,2,3,4,5,6,8,10,16,17,18,19,21,23,24,26,27,28,29,31,32],
[1,2,3,4,5,6,8,10,17,18,19,20,21,23,24,26,27,28,29,31,32],
[1,2,3,4,5,6,8,11,12,13,14,16,17,19,21,23,24,25,26,28,31],
[1,2,3,4,5,6,8,11,12,13,16,17,19,20,23,24,26,28,29,30,31],
[1,2,3,4,5,6,8,11,13,16,17,19,20,21,22,23,24,28,29,30,32],
[1,2,3,4,5,7,8,9,11,12,13,14,17,20,21,23,24,26,27,28,32],
[1,2,3,4,5,7,8,9,11,12,13,14,17,20,21,23,26,27,28,31,32],
[1,2,3,4,5,7,8,9,11,12,13,16,17,20,21,23,27,28,29,30,32],
[1,2,3,4,5,7,8,9,11,12,13,17,18,20,21,23,24,26,27,28,32],
[1,2,3,4,5,7,8,9,11,12,13,17,18,20,21,23,26,27,28,29,32],
[1,2,3,4,5,7,8,9,11,12,13,17,20,21,23,26,27,28,29,30,32],
[1,2,3,4,5,7,8,9,11,12,13,17,20,21,23,26,27,28,30,31,32],
[1,2,3,4,5,7,8,9,12,13,14,16,17,18,20,21,23,26,27,31,32],
[1,2,3,4,5,7,8,10,11,12,13,14,16,17,19,20,21,23,26,27,29],
[1,2,3,4,5,7,8,10,11,12,13,14,16,17,19,20,23,24,25,27,28],
[1,2,3,4,5,7,8,10,11,12,13,14,16,17,19,21,23,24,25,27,28],
[1,2,3,4,5,7,8,10,11,12,13,14,17,19,20,21,23,26,27,28,29],
[1,2,3,4,5,7,8,10,11,12,13,14,17,20,21,23,24,26,27,28,32],
[1,2,3,4,5,7,8,10,11,12,13,14,17,20,21,23,26,27,28,29,32],
[1,2,3,4,5,7,8,10,11,12,13,16,17,18,21,23,24,27,28,29,32],
[1,2,3,4,5,7,8,10,11,12,14,16,17,19,20,21,23,24,26,27,29],
[1,2,3,4,5,7,8,10,11,12,14,16,17,19,20,23,24,27,28,32,33],
[1,2,3,4,5,7,8,10,11,12,14,17,20,21,23,24,26,27,28,29,32],
[1,2,3,4,5,7,8,10,11,12,16,17,19,20,23,24,27,28,29,32,33],
[1,2,3,4,5,7,8,10,12,13,14,16,17,18,20,21,23,24,27,28,32],
[1,2,3,4,5,7,8,10,12,13,14,17,18,20,21,23,24,26,27,28,32],
[1,2,3,4,5,7,8,10,12,13,16,17,18,20,21,23,24,27,28,29,32],
[1,2,3,4,5,7,8,10,13,14,16,17,19,20,21,23,27,28,29,31,32],
[1,2,3,4,5,7,8,11,12,13,14,17,19,20,21,23,26,27,28,29,32],
[1,2,3,4,5,7,8,11,12,13,14,17,19,20,21,23,26,27,28,31,32],
[1,2,3,4,5,7,8,11,12,13,16,17,19,20,21,23,27,28,29,30,32],
[1,2,3,4,5,7,8,11,12,13,16,17,19,20,21,23,28,29,30,31,32],
[1,2,3,4,5,7,8,11,12,13,16,17,19,21,23,27,28,29,30,31,32],
[1,2,3,4,5,7,8,11,12,14,16,17,19,20,23,24,27,28,31,32,33],
[1,2,3,4,5,7,8,11,13,14,17,19,20,21,23,26,27,28,30,31,32],
[1,2,3,4,5,7,8,12,13,14,16,17,18,20,21,23,24,27,28,31,32],
[1,2,3,4,5,7,8,12,13,14,16,17,19,20,21,23,27,28,29,31,32],
[1,2,3,4,5,7,8,12,13,14,17,19,20,21,23,26,27,28,29,31,32],
[1,2,3,4,5,7,8,12,13,16,17,19,20,21,23,27,28,29,30,31,32],
[1,2,3,4,5,8,9,10,11,13,14,16,17,19,21,23,24,25,26,27,29],
[1,2,3,4,5,8,9,10,11,13,14,16,17,21,23,24,25,26,27,29,31],
[1,2,3,4,5,8,9,10,11,13,17,18,20,21,23,24,26,27,28,29,32],
[1,2,3,4,5,8,9,11,12,13,14,16,17,20,21,23,24,26,29,31,32],
[1,2,3,4,5,8,9,11,12,13,14,16,17,21,23,24,26,27,29,31,32],
[1,2,3,4,5,8,9,11,12,13,16,17,19,21,23,25,26,27,29,30,31],
[1,2,3,4,5,8,9,11,12,13,16,17,21,23,24,25,26,27,28,29,31],
[1,2,3,4,5,8,9,11,12,13,16,17,21,23,25,26,27,28,29,30,31],
[1,2,3,4,5,8,9,11,12,13,16,17,21,23,26,27,28,29,30,31,32],
[1,2,3,4,5,8,9,11,12,13,16,17,23,24,25,26,27,28,29,30,31],
[1,2,3,4,5,8,9,11,12,13,17,18,20,21,23,24,26,27,28,29,32],
[1,2,3,4,5,8,9,11,12,13,17,18,20,21,23,24,26,28,29,31,32],
[1,2,3,4,5,8,9,11,12,13,17,19,20,21,23,26,27,28,29,30,31],
[1,2,3,4,5,8,9,11,12,13,17,19,21,23,25,26,27,28,29,30,31],
[1,2,3,4,5,8,9,11,12,13,17,20,21,23,26,27,28,29,30,31,32],
[1,2,3,4,5,8,9,12,13,16,17,18,20,21,23,24,27,28,29,31,32],
[1,2,3,4,5,8,10,11,12,13,14,16,17,21,23,24,26,27,28,29,32],
[1,2,3,4,5,8,10,11,12,13,14,17,19,20,23,24,25,26,27,28,31],
[1,2,3,4,5,8,10,11,12,13,14,17,19,20,23,24,26,27,28,29,31],
[1,2,3,4,5,8,10,11,12,13,14,17,20,21,23,24,26,27,28,29,32],
[1,2,3,4,5,8,10,11,12,13,16,17,18,21,23,24,26,27,28,29,32],
[1,2,3,4,5,8,10,11,12,14,16,17,19,20,23,24,26,27,29,31,33],
[1,2,3,4,5,8,10,11,12,14,17,19,20,23,24,26,27,28,29,31,33],
[1,2,3,4,5,8,10,11,12,14,17,20,23,24,26,27,28,29,31,32,33],
[1,2,3,4,5,8,10,11,14,16,17,19,21,23,24,26,27,28,29,31,32],
[1,2,3,4,5,8,10,12,13,14,16,17,18,20,21,23,24,26,27,29,31],
[1,2,3,4,5,8,10,12,13,14,17,18,20,21,23,24,26,27,28,29,31],
[1,2,3,4,5,8,10,12,13,14,17,18,20,21,23,24,26,27,28,29,32],
[1,2,3,4,5,8,10,13,14,16,17,19,20,21,23,24,27,28,29,31,32],
[1,2,3,4,5,8,11,12,13,14,17,19,20,21,23,26,27,28,29,31,32],
[1,2,3,4,5,8,12,13,14,16,17,19,20,21,23,24,27,28,29,31,32],
[1,2,3,4,6,7,8,9,11,13,16,17,18,21,23,26,27,28,29,30,32],
[1,2,3,4,6,7,8,9,12,13,14,16,17,18,20,21,23,26,27,31,32],
[1,2,3,4,6,7,8,9,12,13,16,17,18,20,21,23,26,27,28,31,32],
[1,2,3,4,6,7,8,9,13,16,17,18,20,21,23,26,27,28,29,30,32],
[1,2,3,4,6,7,8,9,13,16,17,18,20,21,23,26,27,28,30,31,32],
[1,2,3,4,6,7,8,10,11,12,13,14,16,17,21,23,24,25,26,27,28],
[1,2,3,4,6,7,8,10,11,13,14,16,17,19,20,21,22,23,28,29,32],
[1,2,3,4,6,7,8,10,11,14,16,17,19,21,23,24,26,27,28,32,33],
[1,2,3,4,6,7,8,10,11,14,16,17,19,21,23,26,27,28,29,32,33],
[1,2,3,4,6,7,8,10,11,14,17,19,20,21,22,23,26,27,28,29,32],
[1,2,3,4,6,7,8,10,11,14,17,19,20,21,23,26,27,28,29,32,33],
[1,2,3,4,6,7,8,10,11,16,17,19,21,23,24,26,27,28,29,32,33],
[1,2,3,4,6,7,8,10,13,14,16,17,19,20,21,22,23,24,27,28,32],
[1,2,3,4,6,7,8,10,13,14,16,17,19,20,21,22,23,26,27,28,29],
[1,2,3,4,6,7,8,10,13,14,16,17,19,20,21,22,23,27,28,29,32],
[1,2,3,4,6,7,8,10,14,16,17,19,20,21,23,26,27,28,29,32,33],
[1,2,3,4,6,7,8,11,12,13,14,16,17,19,21,23,25,26,27,28,31],
[1,2,3,4,6,7,8,11,12,13,14,16,17,19,23,25,26,27,28,30,31],
[1,2,3,4,6,7,8,11,12,14,16,17,19,20,23,24,27,28,31,32,33],
[1,2,3,4,6,7,8,11,12,14,16,17,19,21,23,24,26,27,28,31,33],
[1,2,3,4,6,7,8,11,12,14,16,17,19,21,23,24,27,28,31,32,33],
[1,2,3,4,6,7,8,11,12,14,16,17,21,23,24,26,27,28,31,32,33],
[1,2,3,4,6,7,8,12,13,14,16,17,18,20,21,23,24,27,28,31,32],
[1,2,3,4,6,7,8,12,13,14,16,17,18,20,21,23,26,27,28,31,32],
[1,2,3,4,6,7,8,12,13,14,16,17,19,20,23,25,26,27,28,30,31],
[1,2,3,4,6,8,9,10,11,13,14,16,17,21,23,24,25,26,27,29,31],
[1,2,3,4,6,8,9,11,12,14,16,17,19,20,21,22,23,24,26,27,29],
[1,2,3,4,6,8,9,11,12,14,16,17,19,21,23,24,26,27,29,31,33],
[1,2,3,4,6,8,9,11,12,14,16,17,21,23,24,26,27,28,29,31,33],
[1,2,3,4,6,8,9,11,12,14,16,17,21,23,24,26,27,28,31,32,33],
[1,2,3,4,6,8,9,11,12,14,17,19,20,21,22,23,24,26,27,28,29],
[1,2,3,4,6,8,9,11,13,16,17,19,21,23,25,26,27,28,29,30,31],
[1,2,3,4,6,8,9,11,14,16,17,19,21,23,24,26,27,29,31,32,33],
[1,2,3,4,6,8,9,11,14,16,17,21,23,24,26,27,28,29,31,32,33],
[1,2,3,4,6,8,9,11,16,17,19,21,23,24,25,26,27,28,29,30,31],
[1,2,3,4,6,8,9,12,13,14,16,17,19,20,21,22,23,24,27,29,31],
[1,2,3,4,6,8,9,12,13,14,16,17,20,21,22,23,24,27,28,29,31],
[1,2,3,4,6,8,9,12,13,16,17,19,20,21,22,23,24,27,28,29,31],
[1,2,3,4,6,8,9,13,14,16,17,20,21,22,23,24,27,28,29,31,32],
[1,2,3,4,6,8,9,13,16,17,18,20,21,23,26,27,28,29,30,31,32],
[1,2,3,4,6,8,9,13,16,17,19,20,21,22,23,24,27,28,29,30,31],
[1,2,3,4,6,8,9,13,16,17,20,21,22,23,24,27,28,29,30,31,32],
[1,2,3,4,6,8,9,16,17,19,20,21,22,23,24,27,28,29,30,31,32],
[1,2,3,4,6,8,10,11,13,14,16,17,19,20,23,28,29,30,31,32,33],
[1,2,3,4,6,8,10,11,13,14,16,17,19,21,23,25,26,27,28,29,31],
[1,2,3,4,6,8,10,11,13,14,16,17,21,23,24,25,26,27,28,29,31],
[1,2,3,4,6,8,10,11,14,16,17,19,21,23,24,25,26,27,28,29,31],
[1,2,3,4,6,8,10,11,14,16,17,19,23,26,27,28,29,30,31,32,33],
[1,2,3,4,6,8,10,11,14,17,19,20,23,26,27,28,29,30,31,32,33],
[1,2,3,4,6,8,10,13,14,16,17,18,20,21,23,24,26,27,28,29,31],
[1,2,3,4,6,8,10,13,14,16,17,18,20,21,23,24,27,28,29,31,32],
[1,2,3,4,6,8,10,13,14,16,17,18,20,21,23,26,27,28,29,31,32],
[1,2,3,4,6,8,10,13,14,16,17,19,20,22,23,24,27,28,30,31,32],
[1,2,3,4,6,8,10,13,14,16,17,19,20,22,23,27,28,29,30,31,32],
[1,2,3,4,6,8,10,13,16,17,19,20,22,23,24,27,28,29,30,31,32],
[1,2,3,4,6,8,10,14,16,17,19,20,21,23,26,27,28,29,31,32,33],
[1,2,3,4,6,8,11,12,14,16,17,19,21,23,24,26,27,28,29,31,33],
[1,2,3,4,6,8,12,13,14,16,17,19,20,21,22,23,24,27,28,29,31],
[1,2,3,4,8,9,11,12,14,16,17,21,23,24,26,27,28,29,31,32,33],
[1,2,3,4,8,9,12,13,14,16,17,20,21,22,23,24,27,28,29,31,32],
[1,2,3,5,6,7,8,9,11,12,14,16,17,18,20,21,23,24,26,32,33],
[1,2,3,5,6,7,8,9,11,14,17,19,20,21,22,23,25,26,27,30,32],
[1,2,3,5,6,7,8,10,11,14,17,19,20,21,22,23,24,25,27,28,32],
[1,2,3,5,6,7,8,16,17,18,19,20,21,23,24,25,27,28,30,31,32],
[1,2,3,5,6,8,9,10,11,16,17,18,19,20,23,24,25,26,29,30,33],
[1,2,3,5,6,8,9,11,12,14,16,17,19,20,21,23,24,26,29,31,33],
[1,2,3,5,7,8,9,11,12,14,16,17,19,21,22,23,24,25,27,32,33],
[1,2,3,5,7,8,9,12,13,14,16,17,18,20,21,22,23,24,25,27,32],
[1,2,3,5,7,8,11,12,14,16,17,19,21,23,24,25,27,28,31,32,33],
[1,2,3,5,8,9,10,11,12,14,17,19,20,22,23,24,25,26,27,29,33],
[1,2,3,5,8,9,10,11,14,16,17,19,21,22,23,24,25,27,29,32,33],
[1,2,3,5,8,9,11,12,14,16,17,19,21,23,24,25,26,27,29,31,33],
[1,2,3,5,8,9,11,12,17,19,20,23,24,25,26,27,28,29,30,31,33],
[1,2,3,6,7,8,10,11,14,16,17,19,21,22,23,24,25,27,28,32,33],
[1,2,3,4,5,6,7,8,9,10,11,13,14,16,17,18,20,21,23,24,26,32],
[1,2,3,4,5,6,7,8,9,10,11,13,14,16,17,18,21,23,24,26,27,32],
[1,2,3,4,5,6,7,8,9,10,11,13,14,16,17,20,21,22,23,24,27,32],
[1,2,3,4,5,6,7,8,9,10,11,13,16,17,18,21,23,26,27,29,30,32],
[1,2,3,4,5,6,7,8,9,10,11,13,17,18,20,21,23,24,26,27,28,32],
[1,2,3,4,5,6,7,8,9,10,11,16,17,18,20,21,23,24,26,27,29,32],
[1,2,3,4,5,6,7,8,9,11,12,13,14,16,17,18,20,21,23,24,26,32],
[1,2,3,4,5,6,7,8,9,11,12,13,14,16,17,19,20,23,25,26,27,30],
[1,2,3,4,5,6,7,8,9,11,12,13,16,17,21,23,25,26,27,28,30,31],
[1,2,3,4,5,6,7,8,9,11,12,14,17,20,21,23,24,26,27,28,31,32],
[1,2,3,4,5,6,7,8,9,11,13,14,16,17,19,20,21,23,26,30,31,32],
[1,2,3,4,5,6,7,8,9,11,13,14,17,20,21,23,26,27,28,30,31,32],
[1,2,3,4,5,6,7,8,9,12,13,14,16,17,18,20,21,23,24,27,31,32],
[1,2,3,4,5,6,7,8,9,12,13,16,17,18,20,21,23,24,27,28,31,32],
[1,2,3,4,5,6,7,8,9,12,13,16,17,18,20,21,23,26,27,28,30,31],
[1,2,3,4,5,6,7,8,9,12,14,16,17,18,20,21,23,24,26,27,31,32],
[1,2,3,4,5,6,7,8,10,11,12,13,14,16,17,19,21,23,24,25,26,28],
[1,2,3,4,5,6,7,8,10,11,13,16,17,19,20,21,22,23,28,29,30,32],
[1,2,3,4,5,6,7,8,10,11,14,17,19,20,23,26,27,28,30,31,32,33],
[1,2,3,4,5,6,7,8,10,11,16,17,18,19,21,23,24,26,27,28,29,32],
[1,2,3,4,5,6,7,8,10,13,14,16,17,18,20,21,23,24,27,28,31,32],
[1,2,3,4,5,6,7,8,11,12,14,16,17,19,21,23,24,25,26,27,28,31],
[1,2,3,4,5,6,8,9,10,11,13,14,16,17,19,20,23,24,25,26,30,31],
[1,2,3,4,5,6,8,9,10,11,13,14,16,17,21,23,24,25,26,27,31,32],
[1,2,3,4,5,6,8,9,10,11,13,14,16,17,21,23,26,27,29,30,31,32],
[1,2,3,4,5,6,8,9,10,11,14,16,17,19,20,21,22,23,24,27,29,32],
[1,2,3,4,5,6,8,9,10,11,14,16,17,19,21,23,24,25,26,27,29,31],
[1,2,3,4,5,6,8,9,11,12,13,14,16,17,19,20,21,23,24,26,29,31],
[1,2,3,4,5,6,8,9,11,12,13,16,17,18,20,21,23,24,26,29,31,32],
[1,2,3,4,5,6,8,9,11,12,13,16,17,18,20,21,23,24,28,29,31,32],
[1,2,3,4,5,6,8,9,11,12,13,16,17,18,20,23,24,26,28,29,30,31],
[1,2,3,4,5,6,8,9,11,12,13,16,17,19,20,21,23,24,28,29,30,31],
[1,2,3,4,5,6,8,9,11,12,14,16,17,19,20,23,24,25,26,27,30,31],
[1,2,3,4,5,6,8,9,11,12,16,17,19,21,23,24,25,26,27,28,30,31],
[1,2,3,4,5,6,8,9,13,16,17,18,20,21,23,24,27,28,29,30,31,32],
[1,2,3,4,5,6,8,10,11,12,13,16,17,19,20,23,24,25,26,28,30,31],
[1,2,3,4,5,6,8,10,11,16,17,18,20,23,24,26,28,29,30,31,32,33],
[1,2,3,4,5,6,8,10,11,16,17,19,21,23,24,25,26,27,28,29,30,31],
[1,2,3,4,5,7,8,9,11,12,13,16,17,18,20,21,23,24,27,28,29,32],
[1,2,3,4,5,7,8,10,11,12,13,17,18,20,21,23,24,26,27,28,29,32],
[1,2,3,4,5,7,8,11,12,13,17,19,20,21,23,26,27,28,29,30,31,32],
[1,2,3,4,5,8,9,11,12,13,14,16,17,19,21,23,24,25,26,27,29,31],
[1,2,3,4,5,8,9,11,12,13,14,17,20,21,23,24,26,27,28,29,31,32],
[1,2,3,4,5,8,9,11,12,13,16,17,18,21,23,24,26,27,28,29,31,32],
[1,2,3,4,5,8,9,11,12,13,16,17,19,21,23,24,25,27,28,29,30,31],
[1,2,3,4,5,8,9,11,12,13,17,19,20,23,24,25,26,27,28,29,30,31],
[1,2,3,4,5,8,9,11,12,16,17,19,21,23,24,25,26,27,28,29,30,31],
[1,2,3,4,5,8,9,12,13,14,16,17,18,20,21,23,24,26,27,29,31,32],
[1,2,3,4,5,8,10,11,12,14,16,17,19,20,23,24,27,28,29,31,32,33],
[1,2,3,4,5,8,10,12,13,14,16,17,18,20,21,23,24,27,28,29,31,32],
[1,2,3,4,6,8,10,11,14,16,17,19,21,23,24,26,27,28,29,31,32,33],
[1,2,3,4,6,8,10,13,14,16,17,19,20,21,22,23,24,27,28,29,31,32],
[1,2,3,4,5,6,7,8,9,10,11,13,17,18,20,21,23,26,27,28,29,30,32],
[1,2,3,4,5,6,7,8,9,11,12,13,14,16,17,19,21,23,25,26,27,30,31],
[1,2,3,4,5,6,7,8,9,12,13,14,17,18,20,21,23,24,26,27,28,31,32],
[1,2,3,4,5,6,7,8,10,11,12,13,14,16,17,19,20,23,25,26,28,30,31],
[1,2,3,4,5,6,7,8,10,11,16,17,19,20,21,22,23,24,27,28,29,30,32],
[1,2,3,4,5,6,8,9,10,13,14,16,17,18,20,21,23,24,26,27,29,31,32],
[1,2,3,4,5,6,8,10,16,17,18,19,20,23,24,26,27,28,29,30,31,32,33],
[1,2,3,4,5,8,10,11,12,13,14,16,17,19,21,23,24,25,26,27,28,29,31],
[1,2,3,4,5,6,7,8,9,11,12,13,14,17,19,20,21,23,25,26,27,28,30,31],
[1,2,3,4,5,6,7,8,9,11,12,13,16,17,18,20,21,23,26,28,29,30,31,32],
[1,2,3,4,5,6,7,8,10,11,13,14,16,17,19,21,23,25,26,27,28,30,31,32],
[1,2,3,4,5,6,7,8,10,13,16,17,18,19,20,21,23,26,27,28,29,30,31,32],
[1,2,3,4,5,6,8,9,10,11,14,16,17,19,20,23,24,26,27,29,30,31,32,33],
[1,2,3,4,5,7,8,9,11,12,13,14,16,17,19,20,21,23,26,27,29,30,31,32],
[1,2,3,4,5,7,8,10,11,12,13,14,16,17,19,20,21,22,23,24,27,28,29,32],
[1,2,3,4,5,6,7,8,9,10,11,12,13,14,16,17,19,20,21,22,23,24,25,26,27],
[1,2,3,4,5,6,7,8,9,10,11,13,14,16,17,19,20,21,22,23,26,27,29,30,32],
[1,2,3,4,5,6,7,8,9,11,12,13,14,16,17,18,21,23,24,25,26,27,28,31,32],
[1,2,3,4,5,6,8,9,10,11,13,16,17,18,21,23,24,25,26,27,28,29,30,31,32],
[1,2,3,4,5,6,7,8,9,11,12,13,14,16,17,19,20,21,22,23,24,25,27,28,30,31,32],
[1,2,3,4,5,6,7,8,9,11,12,16,17,18,19,20,21,23,24,26,27,28,29,30,31,32,33],
[1,2,3,4,6,7,8,9,11,12,13,14,16,17,19,20,21,22,23,26,27,28,29,30,31,32,33],
[1,2,3,4,5,6,7,8,9,10,11,12,13,14,16,17,18,20,23,24,25,26,27,28,30,31,32,33],
[1,2,3,4,5,6,7,8,9,10,11,12,13,16,17,18,19,20,21,22,23,24,25,26,27,28,29,30],
[1,2,3,4,5,6,7,8,9,10,11,12,13,14,15,16,17,18,19,20,21,22,24,25,26,27,28,29,30,31,32,33],
[1,2,3,4,5,6,7,8,9,10,11,12,13,14,15,16,18,19,20,21,22,23,24,25,26,27,28,29,30,31,32,33],
[1,2,3,4,5,6,7,9,10,11,12,13,14,15,16,17,18,19,20,21,22,23,24,25,26,27,28,29,30,31,32,33]];
