return [[1,2,3,4,5,6,7,8,9,10,11,16,19,25,26,27,29,32,36,37,38],
[1,2,3,4,5,6,7,8,9,10,11,16,19,25,26,27,32,34,36,37,38],
[1,2,3,4,5,6,7,8,9,10,11,16,21,23,25,27,28,31,32,34,36],
[1,2,3,4,5,6,7,8,9,10,11,16,21,23,25,27,28,31,34,36,38],
[1,2,3,4,5,6,7,8,9,10,11,16,23,25,26,27,28,32,34,36,38],
[1,2,3,4,5,6,7,8,9,10,11,16,25,26,27,28,32,34,36,37,38],
[1,2,3,4,5,6,7,8,9,10,11,19,23,25,27,28,29,31,32,34,36],
[1,2,3,4,5,6,7,8,9,10,14,16,20,23,25,26,27,28,31,32,36],
[1,2,3,4,5,6,7,8,9,10,14,16,20,23,25,26,27,28,32,36,38],
[1,2,3,4,5,6,7,8,9,10,14,16,23,25,26,27,28,32,34,36,38],
[1,2,3,4,5,6,7,8,9,10,14,16,23,25,26,27,32,33,34,36,38],
[1,2,3,4,5,6,7,8,9,10,14,16,23,25,27,28,32,33,34,36,38],
[1,2,3,4,5,6,7,8,9,10,14,19,20,23,25,26,27,31,34,36,38],
[1,2,3,4,5,6,7,8,9,10,14,19,20,23,25,26,31,32,34,36,38],
[1,2,3,4,5,6,7,8,9,10,14,19,20,23,25,27,28,31,34,36,38],
[1,2,3,4,5,6,7,8,9,10,16,19,20,25,26,27,29,32,36,37,38],
[1,2,3,4,5,6,7,8,9,10,16,20,23,25,26,27,28,29,31,32,36],
[1,2,3,4,5,6,7,8,9,10,16,21,23,25,27,28,31,32,33,34,36],
[1,2,3,4,5,6,7,8,9,10,16,21,23,25,27,28,31,33,34,36,38],
[1,2,3,4,5,6,7,8,9,10,19,20,23,25,26,27,29,31,34,36,38],
[1,2,3,4,5,6,7,8,9,11,13,15,16,23,25,26,27,29,36,37,38],
[1,2,3,4,5,6,7,8,9,11,13,15,16,23,25,26,27,34,36,37,38],
[1,2,3,4,5,6,7,8,9,11,13,15,23,25,26,27,29,34,36,37,38],
[1,2,3,4,5,6,7,8,9,11,13,16,23,25,26,27,28,34,36,37,38],
[1,2,3,4,5,6,7,8,9,11,14,16,22,23,25,27,28,29,32,36,37],
[1,2,3,4,5,6,7,8,9,11,14,16,22,23,25,27,29,32,36,37,38],
[1,2,3,4,5,6,7,8,9,11,14,19,21,23,25,30,32,34,36,37,38],
[1,2,3,4,5,6,7,8,9,11,14,19,23,25,27,28,29,31,32,34,36],
[1,2,3,4,5,6,7,8,9,11,14,19,23,25,28,30,32,34,36,37,38],
[1,2,3,4,5,6,7,8,9,11,14,21,22,23,25,27,28,31,32,34,36],
[1,2,3,4,5,6,7,8,9,11,14,22,23,25,27,28,29,31,32,34,36],
[1,2,3,4,5,6,7,8,9,11,14,22,23,25,27,28,29,32,34,36,37],
[1,2,3,4,5,6,7,8,9,11,15,16,21,23,25,27,28,31,34,36,38],
[1,2,3,4,5,6,7,8,9,11,16,17,21,23,25,26,32,34,36,37,38],
[1,2,3,4,5,6,7,8,9,11,16,17,21,25,26,27,32,34,36,37,38],
[1,2,3,4,5,6,7,8,9,11,16,17,23,25,26,27,32,34,36,37,38],
[1,2,3,4,5,6,7,8,9,11,16,19,21,25,26,27,29,32,36,37,38],
[1,2,3,4,5,6,7,8,9,11,16,19,21,25,26,27,32,34,36,37,38],
[1,2,3,4,5,6,7,8,9,11,16,21,22,23,25,28,29,30,32,36,37],
[1,2,3,4,5,6,7,8,9,11,16,21,22,23,25,29,30,32,36,37,38],
[1,2,3,4,5,6,7,8,9,11,16,23,25,26,27,28,32,34,36,37,38],
[1,2,3,4,5,6,7,8,9,13,15,16,20,23,25,26,27,29,36,37,38],
[1,2,3,4,5,6,7,8,9,13,20,23,25,26,27,28,29,31,34,36,37],
[1,2,3,4,5,6,7,8,9,14,15,19,21,23,25,27,31,33,34,36,38],
[1,2,3,4,5,6,7,8,9,14,15,19,21,25,26,27,31,33,34,36,38],
[1,2,3,4,5,6,7,8,9,14,15,19,23,25,26,27,31,33,34,36,38],
[1,2,3,4,5,6,7,8,9,14,15,20,22,23,25,26,27,29,31,36,37],
[1,2,3,4,5,6,7,8,9,14,15,20,22,23,25,26,27,29,36,37,38],
[1,2,3,4,5,6,7,8,9,14,16,17,22,23,25,26,27,28,32,36,37],
[1,2,3,4,5,6,7,8,9,14,16,17,22,23,25,26,27,32,33,36,37],
[1,2,3,4,5,6,7,8,9,14,16,17,23,25,26,27,28,32,34,36,37],
[1,2,3,4,5,6,7,8,9,14,16,19,20,25,26,27,29,31,32,36,37],
[1,2,3,4,5,6,7,8,9,14,16,19,20,25,26,27,29,32,36,37,38],
[1,2,3,4,5,6,7,8,9,14,16,20,21,22,25,27,28,31,32,36,37],
[1,2,3,4,5,6,7,8,9,14,16,20,21,22,25,28,30,31,32,36,37],
[1,2,3,4,5,6,7,8,9,14,16,20,22,23,25,26,27,29,36,37,38],
[1,2,3,4,5,6,7,8,9,14,16,20,22,23,25,28,30,31,32,36,37],
[1,2,3,4,5,6,7,8,9,14,16,20,23,25,26,27,28,32,36,37,38],
[1,2,3,4,5,6,7,8,9,14,16,20,23,25,26,28,30,32,36,37,38],
[1,2,3,4,5,6,7,8,9,14,16,23,25,26,27,28,32,34,36,37,38],
[1,2,3,4,5,6,7,8,9,14,16,23,25,26,28,30,32,34,36,37,38],
[1,2,3,4,5,6,7,8,9,14,16,23,25,26,30,32,33,34,36,37,38],
[1,2,3,4,5,6,7,8,9,14,17,22,23,25,26,27,28,32,34,36,37],
[1,2,3,4,5,6,7,8,9,14,19,20,23,25,26,30,31,32,34,36,37],
[1,2,3,4,5,6,7,8,9,14,19,20,23,25,26,30,31,32,34,36,38],
[1,2,3,4,5,6,7,8,9,14,19,20,23,25,26,30,32,34,36,37,38],
[1,2,3,4,5,6,7,8,9,14,19,20,23,25,28,30,31,32,34,36,37],
[1,2,3,4,5,6,7,8,9,14,19,20,23,25,28,30,32,34,36,37,38],
[1,2,3,4,5,6,7,8,9,14,19,21,23,25,30,32,34,35,36,37,38],
[1,2,3,4,5,6,7,8,9,14,19,21,25,26,27,31,32,34,35,36,37],
[1,2,3,4,5,6,7,8,9,14,19,21,25,26,30,31,32,34,35,36,37],
[1,2,3,4,5,6,7,8,9,14,19,21,25,26,30,31,34,35,36,37,38],
[1,2,3,4,5,6,7,8,9,14,19,21,25,26,30,32,34,35,36,37,38],
[1,2,3,4,5,6,7,8,9,14,19,23,25,26,29,31,32,34,35,36,37],
[1,2,3,4,5,6,7,8,9,14,19,23,25,26,30,31,32,34,35,36,37],
[1,2,3,4,5,6,7,8,9,14,19,23,25,26,30,32,34,35,36,37,38],
[1,2,3,4,5,6,7,8,9,14,19,25,26,27,28,29,31,32,34,36,37],
[1,2,3,4,5,6,7,8,9,14,20,23,25,26,28,30,31,32,34,36,37],
[1,2,3,4,5,6,7,8,9,14,20,23,25,26,28,30,32,34,36,37,38],
[1,2,3,4,5,6,7,8,9,14,21,22,23,25,27,28,31,32,33,34,36],
[1,2,3,4,5,6,7,8,9,14,21,22,25,26,27,31,32,34,35,36,37],
[1,2,3,4,5,6,7,8,9,14,23,25,26,27,28,29,31,32,34,36,37],
[1,2,3,4,5,6,7,8,9,16,17,21,23,25,26,32,33,34,36,37,38],
[1,2,3,4,5,6,7,8,9,16,17,21,25,26,27,32,33,34,36,37,38],
[1,2,3,4,5,6,7,8,9,16,21,22,23,25,27,28,31,32,33,34,36],
[1,2,3,4,5,6,7,8,9,16,21,23,25,26,30,32,33,34,36,37,38],
[1,2,3,4,5,6,7,8,10,14,16,23,25,26,27,31,32,33,34,36,38],
[1,2,3,4,5,6,7,8,11,13,15,16,21,23,25,27,28,31,34,36,38],
[1,2,3,4,5,6,7,8,11,14,19,21,25,27,28,30,31,32,34,36,37],
[1,2,3,4,5,6,7,8,11,14,21,22,23,25,27,28,30,31,32,34,36],
[1,2,3,4,5,6,7,8,11,14,21,22,25,27,28,30,31,32,34,36,37],
[1,2,3,4,5,6,7,8,11,16,19,21,25,27,28,30,31,32,34,36,37],
[1,2,3,4,5,6,7,8,11,16,21,22,23,25,27,28,30,31,32,34,36],
[1,2,3,4,5,6,7,8,11,16,21,22,25,27,28,30,31,32,34,36,37],
[1,2,3,4,5,6,7,8,14,16,21,22,25,27,28,30,31,32,34,36,37],
[1,2,3,4,5,6,7,9,10,11,16,19,25,26,27,29,32,34,36,37,38],
[1,2,3,4,5,6,7,9,10,11,16,23,25,26,27,28,29,32,34,36,37],
[1,2,3,4,5,6,7,9,10,11,16,23,25,26,27,28,32,34,36,37,38],
[1,2,3,4,5,6,7,9,10,11,16,23,25,26,27,29,32,34,36,37,38],
[1,2,3,4,5,6,7,9,10,14,16,20,23,25,26,27,28,31,32,34,36],
[1,2,3,4,5,6,7,9,10,19,20,25,26,27,28,29,31,32,34,36,37],
[1,2,3,4,5,6,7,9,11,15,16,23,25,26,27,29,32,34,36,37,38],
[1,2,3,4,5,6,7,9,14,15,16,20,22,23,25,26,27,29,36,37,38],
[1,2,3,4,5,6,7,9,14,15,19,21,25,26,27,31,33,34,36,37,38],
[1,2,3,4,5,6,7,9,14,15,22,23,25,26,27,31,32,33,34,36,37],
[1,2,3,4,5,6,7,9,14,16,17,22,23,25,26,27,28,32,34,36,37],
[1,2,3,4,5,6,7,9,14,16,20,23,24,25,26,28,31,32,34,36,37],
[1,2,3,4,5,6,7,9,14,16,20,23,25,26,27,28,31,32,34,36,37],
[1,2,3,4,5,6,7,9,15,16,19,21,25,26,27,31,32,33,34,36,37],
[1,2,3,4,5,6,7,9,15,16,19,21,25,26,27,31,33,34,36,37,38],
[1,2,3,4,5,6,7,9,15,16,19,21,25,26,27,32,33,34,36,37,38],
[1,2,3,4,5,6,7,9,15,16,21,22,23,25,26,27,31,32,33,34,36],
[1,2,3,4,5,6,7,9,15,16,21,22,23,25,26,31,32,33,34,36,37],
[1,2,3,4,5,6,7,9,15,16,21,22,25,26,27,31,32,33,34,36,37],
[1,2,3,4,5,6,7,9,15,16,21,23,24,25,26,31,32,33,34,36,37],
[1,2,3,4,5,6,7,9,15,16,21,23,24,25,26,31,32,33,34,36,38],
[1,2,3,4,5,6,7,9,15,16,21,23,24,25,26,32,33,34,36,37,38],
[1,2,3,4,5,6,7,9,15,16,22,23,25,26,27,31,32,33,34,36,37],
[1,2,3,4,5,6,7,9,16,21,23,24,25,26,30,32,33,34,36,37,38],
[1,2,3,4,5,6,8,9,10,11,16,23,25,26,27,28,29,32,34,36,38],
[1,2,3,4,5,6,8,9,10,11,19,21,25,27,28,29,31,32,34,36,38],
[1,2,3,4,5,6,8,9,10,11,19,23,25,27,28,29,31,32,34,36,38],
[1,2,3,4,5,6,8,9,10,14,16,23,25,26,27,28,31,32,33,36,38],
[1,2,3,4,5,6,8,9,10,14,16,23,25,26,27,28,32,33,34,36,38],
[1,2,3,4,5,6,8,9,10,14,19,20,23,25,26,28,29,31,32,36,38],
[1,2,3,4,5,6,8,9,10,14,19,20,23,25,26,28,31,32,34,36,38],
[1,2,3,4,5,6,8,9,10,14,19,20,25,26,27,28,29,31,32,36,38],
[1,2,3,4,5,6,8,9,10,14,19,23,25,26,27,29,31,32,34,36,38],
[1,2,3,4,5,6,8,9,10,14,19,23,25,26,28,29,31,32,34,36,38],
[1,2,3,4,5,6,8,9,10,14,19,23,25,27,28,29,31,32,34,36,38],
[1,2,3,4,5,6,8,9,10,14,19,25,26,27,28,29,31,32,34,36,38],
[1,2,3,4,5,6,8,9,10,14,23,25,26,27,28,29,31,32,34,36,38],
[1,2,3,4,5,6,8,9,10,14,23,25,26,27,28,31,32,33,34,36,38],
[1,2,3,4,5,6,8,9,10,16,19,20,25,26,27,28,29,31,32,36,38],
[1,2,3,4,5,6,8,9,10,16,19,20,25,26,27,28,29,32,36,37,38],
[1,2,3,4,5,6,8,9,10,16,19,21,25,26,27,28,29,31,32,36,38],
[1,2,3,4,5,6,8,9,10,16,21,23,25,27,28,31,32,33,34,36,38],
[1,2,3,4,5,6,8,9,10,16,21,25,26,27,28,29,31,32,34,36,38],
[1,2,3,4,5,6,8,9,10,16,23,25,26,27,28,29,31,32,34,36,38],
[1,2,3,4,5,6,8,9,10,16,23,25,26,27,28,31,32,33,34,36,38],
[1,2,3,4,5,6,8,9,10,19,21,25,26,27,28,29,31,32,34,36,38],
[1,2,3,4,5,6,8,9,11,14,16,22,23,25,27,28,29,32,36,37,38],
[1,2,3,4,5,6,8,9,11,14,19,21,25,27,28,29,32,34,36,37,38],
[1,2,3,4,5,6,8,9,11,14,21,22,23,25,27,28,29,31,32,34,36],
[1,2,3,4,5,6,8,9,11,14,21,22,23,25,28,29,30,32,36,37,38],
[1,2,3,4,5,6,8,9,11,15,16,21,23,25,27,28,29,31,34,36,38],
[1,2,3,4,5,6,8,9,11,16,17,21,23,25,26,27,29,32,34,36,38],
[1,2,3,4,5,6,8,9,11,16,17,21,23,25,27,28,29,32,34,36,38],
[1,2,3,4,5,6,8,9,11,16,17,23,25,26,27,28,29,32,34,36,38],
[1,2,3,4,5,6,8,9,11,16,17,23,25,26,27,28,29,32,36,37,38],
[1,2,3,4,5,6,8,9,11,16,17,23,25,26,27,28,32,34,36,37,38],
[1,2,3,4,5,6,8,9,11,16,21,22,23,25,28,29,30,32,36,37,38],
[1,2,3,4,5,6,8,9,11,17,23,25,26,27,28,29,32,34,36,37,38],
[1,2,3,4,5,6,8,9,13,15,16,20,23,25,26,27,28,29,36,37,38],
[1,2,3,4,5,6,8,9,13,15,23,25,26,27,28,29,31,34,35,36,38],
[1,2,3,4,5,6,8,9,14,15,19,21,25,26,27,29,31,35,36,37,38],
[1,2,3,4,5,6,8,9,14,16,17,22,23,25,26,27,28,29,32,36,37],
[1,2,3,4,5,6,8,9,14,16,17,22,23,25,26,27,28,29,36,37,38],
[1,2,3,4,5,6,8,9,14,16,17,22,23,25,26,27,29,32,36,37,38],
[1,2,3,4,5,6,8,9,14,16,17,22,23,25,26,27,32,33,36,37,38],
[1,2,3,4,5,6,8,9,14,16,17,22,23,25,27,28,29,32,36,37,38],
[1,2,3,4,5,6,8,9,14,16,17,23,25,26,27,28,29,32,36,37,38],
[1,2,3,4,5,6,8,9,14,16,17,23,25,26,27,28,32,33,34,36,38],
[1,2,3,4,5,6,8,9,14,16,17,23,25,26,27,28,32,34,36,37,38],
[1,2,3,4,5,6,8,9,14,16,19,20,25,26,27,29,31,32,36,37,38],
[1,2,3,4,5,6,8,9,14,16,20,21,22,25,27,28,29,31,32,36,37],
[1,2,3,4,5,6,8,9,14,16,20,22,23,25,26,27,28,29,31,36,38],
[1,2,3,4,5,6,8,9,14,16,20,22,23,25,26,27,28,29,36,37,38],
[1,2,3,4,5,6,8,9,14,16,20,23,24,25,26,28,30,32,36,37,38],
[1,2,3,4,5,6,8,9,14,16,20,23,25,26,27,28,29,32,36,37,38],
[1,2,3,4,5,6,8,9,14,16,20,25,26,27,28,29,31,32,36,37,38],
[1,2,3,4,5,6,8,9,14,16,21,25,26,27,28,29,31,32,36,37,38],
[1,2,3,4,5,6,8,9,14,17,22,23,25,26,27,28,29,32,35,36,37],
[1,2,3,4,5,6,8,9,14,17,22,23,25,26,27,28,29,35,36,37,38],
[1,2,3,4,5,6,8,9,14,17,22,23,25,26,27,28,31,32,34,35,36],
[1,2,3,4,5,6,8,9,14,17,22,23,25,26,27,28,32,34,35,36,37],
[1,2,3,4,5,6,8,9,14,19,20,25,26,27,28,29,31,32,36,37,38],
[1,2,3,4,5,6,8,9,14,19,20,25,26,27,28,29,31,34,36,37,38],
[1,2,3,4,5,6,8,9,14,19,23,25,26,27,29,31,32,33,34,36,38],
[1,2,3,4,5,6,8,9,14,19,23,25,26,28,29,31,32,34,35,36,38],
[1,2,3,4,5,6,8,9,14,19,23,25,26,28,29,32,34,35,36,37,38],
[1,2,3,4,5,6,8,9,14,21,22,23,25,27,28,29,31,32,34,35,36],
[1,2,3,4,5,6,8,9,14,23,24,25,26,28,30,31,32,34,35,36,38],
[1,2,3,4,5,6,8,9,14,23,25,26,27,28,29,31,32,34,35,36,38],
[1,2,3,4,5,6,8,9,15,16,20,21,22,23,25,27,28,29,31,36,38],
[1,2,3,4,5,6,8,9,15,16,21,22,23,25,27,28,29,31,35,36,38],
[1,2,3,4,5,6,8,9,15,16,21,22,25,26,27,29,31,35,36,37,38],
[1,2,3,4,5,6,8,9,15,16,21,22,25,27,28,29,31,35,36,37,38],
[1,2,3,4,5,6,8,9,15,16,21,25,26,27,28,29,31,35,36,37,38],
[1,2,3,4,5,6,8,9,15,19,21,25,26,27,29,31,34,35,36,37,38],
[1,2,3,4,5,6,8,9,16,17,21,22,23,25,27,28,29,35,36,37,38],
[1,2,3,4,5,6,8,9,16,17,21,22,23,25,27,28,31,32,33,34,36],
[1,2,3,4,5,6,8,9,16,17,21,22,23,25,28,29,32,35,36,37,38],
[1,2,3,4,5,6,8,9,16,17,21,23,25,26,27,28,29,32,34,36,38],
[1,2,3,4,5,6,8,9,16,17,21,23,25,26,27,28,31,32,33,34,36],
[1,2,3,4,5,6,8,9,16,17,21,23,25,26,27,28,32,33,34,36,38],
[1,2,3,4,5,6,8,9,16,17,22,23,25,26,27,28,29,35,36,37,38],
[1,2,3,4,5,6,8,9,16,19,20,25,26,27,28,29,31,32,36,37,38],
[1,2,3,4,5,6,8,9,16,21,23,24,25,26,28,31,32,33,34,36,38],
[1,2,3,4,5,6,8,9,16,21,23,24,25,28,30,31,32,33,34,36,38],
[1,2,3,4,5,6,8,9,16,21,23,25,26,27,28,29,31,32,34,36,38],
[1,2,3,4,5,6,8,9,16,21,23,25,26,27,28,31,32,33,34,36,38],
[1,2,3,4,5,6,8,9,17,21,23,25,26,27,28,29,32,34,35,36,38],
[1,2,3,4,5,6,8,9,17,21,25,26,27,28,29,32,34,35,36,37,38],
[1,2,3,4,5,6,8,9,21,23,25,26,27,28,29,31,32,34,35,36,38],
[1,2,3,4,5,6,8,10,14,16,23,25,26,27,28,31,32,33,34,36,38],
[1,2,3,4,5,6,8,10,16,19,21,25,26,27,28,29,31,32,34,36,38],
[1,2,3,4,5,6,8,11,13,15,16,21,23,25,27,28,29,31,34,36,38],
[1,2,3,4,5,6,8,11,14,19,21,23,25,28,29,30,31,32,34,36,38],
[1,2,3,4,5,6,8,11,16,17,23,25,26,27,28,29,32,34,36,37,38],
[1,2,3,4,5,6,8,11,16,19,21,25,27,28,29,30,31,32,36,37,38],
[1,2,3,4,5,6,8,11,16,19,21,25,27,28,30,31,32,34,36,37,38],
[1,2,3,4,5,6,8,14,16,17,22,23,25,26,27,28,29,35,36,37,38],
[1,2,3,4,5,6,8,14,16,17,23,25,26,27,28,31,32,33,34,36,38],
[1,2,3,4,5,6,8,16,17,21,23,25,26,27,28,31,32,33,34,36,38],
[1,2,3,4,5,6,8,16,17,21,25,26,27,28,29,32,34,35,36,37,38],
[1,2,3,4,5,6,8,16,19,21,25,26,27,28,29,31,32,34,36,37,38],
[1,2,3,4,5,6,9,10,11,16,23,25,26,27,28,29,32,34,36,37,38],
[1,2,3,4,5,6,9,10,14,16,23,25,26,27,28,31,32,33,34,36,38],
[1,2,3,4,5,6,9,10,14,19,20,23,25,26,28,29,31,32,34,36,38],
[1,2,3,4,5,6,9,11,16,17,21,23,25,27,28,29,32,34,36,37,38],
[1,2,3,4,5,6,9,11,16,17,23,25,26,27,28,29,32,34,36,37,38],
[1,2,3,4,5,7,8,9,10,11,14,19,21,23,25,27,29,31,32,34,36],
[1,2,3,4,5,7,8,9,10,11,14,19,21,23,25,27,29,32,34,36,38],
[1,2,3,4,5,7,8,9,10,11,14,19,21,23,25,28,29,31,32,34,36],
[1,2,3,4,5,7,8,9,10,11,14,19,21,23,25,28,29,32,34,36,38],
[1,2,3,4,5,7,8,9,10,11,14,19,21,25,27,28,29,31,32,34,36],
[1,2,3,4,5,7,8,9,10,11,14,19,23,25,27,28,29,31,32,34,36],
[1,2,3,4,5,7,8,9,10,11,14,21,23,25,27,28,29,31,32,34,36],
[1,2,3,4,5,7,8,9,10,11,16,19,21,25,26,27,29,32,36,37,38],
[1,2,3,4,5,7,8,9,10,11,16,19,21,25,26,27,32,34,36,37,38],
[1,2,3,4,5,7,8,9,10,11,19,21,25,26,27,29,32,34,36,37,38],
[1,2,3,4,5,7,8,9,10,13,14,21,23,25,26,27,28,29,31,34,36],
[1,2,3,4,5,7,8,9,10,13,14,21,23,25,26,27,28,31,34,36,38],
[1,2,3,4,5,7,8,9,10,13,14,21,23,25,26,27,29,31,34,36,38],
[1,2,3,4,5,7,8,9,10,13,14,21,23,25,27,28,29,31,34,36,38],
[1,2,3,4,5,7,8,9,10,13,16,21,23,25,26,27,28,29,31,34,36],
[1,2,3,4,5,7,8,9,10,13,16,21,23,25,26,27,28,31,34,36,38],
[1,2,3,4,5,7,8,9,10,14,16,19,20,21,25,26,27,29,31,36,38],
[1,2,3,4,5,7,8,9,10,14,16,19,20,21,25,26,27,29,36,37,38],
[1,2,3,4,5,7,8,9,10,14,16,19,20,21,25,26,29,32,36,37,38],
[1,2,3,4,5,7,8,9,10,14,16,19,20,25,26,27,29,32,36,37,38],
[1,2,3,4,5,7,8,9,10,14,16,19,21,25,26,27,29,32,36,37,38],
[1,2,3,4,5,7,8,9,10,14,16,20,21,23,24,25,26,28,31,36,38],
[1,2,3,4,5,7,8,9,10,14,16,20,23,25,26,27,28,29,31,32,36],
[1,2,3,4,5,7,8,9,10,14,16,21,23,25,26,27,28,29,31,32,36],
[1,2,3,4,5,7,8,9,10,14,16,21,23,25,26,27,28,31,32,34,36],
[1,2,3,4,5,7,8,9,10,14,16,21,23,25,26,27,28,31,34,36,38],
[1,2,3,4,5,7,8,9,10,14,16,21,23,25,26,27,29,31,32,33,36],
[1,2,3,4,5,7,8,9,10,14,16,21,23,25,26,27,29,31,33,36,38],
[1,2,3,4,5,7,8,9,10,14,16,21,23,25,26,27,29,32,33,36,38],
[1,2,3,4,5,7,8,9,10,14,16,21,23,25,26,27,31,32,33,34,36],
[1,2,3,4,5,7,8,9,10,14,16,21,23,25,26,27,31,33,34,36,38],
[1,2,3,4,5,7,8,9,10,14,16,21,23,25,26,29,31,32,33,36,38],
[1,2,3,4,5,7,8,9,10,14,16,21,23,25,27,28,31,33,34,36,38],
[1,2,3,4,5,7,8,9,10,14,19,20,23,25,26,27,29,31,34,36,38],
[1,2,3,4,5,7,8,9,10,14,19,21,25,26,27,29,32,34,36,37,38],
[1,2,3,4,5,7,8,9,10,14,21,23,25,26,27,28,29,31,32,34,36],
[1,2,3,4,5,7,8,9,10,16,21,23,25,26,27,28,29,31,32,34,36],
[1,2,3,4,5,7,8,9,11,13,15,16,21,23,25,26,27,29,34,36,38],
[1,2,3,4,5,7,8,9,11,14,16,21,22,23,25,27,28,29,32,36,37],
[1,2,3,4,5,7,8,9,11,14,21,22,23,25,27,28,29,31,32,34,36],
[1,2,3,4,5,7,8,9,13,14,15,20,21,23,25,26,27,29,31,36,38],
[1,2,3,4,5,7,8,9,13,14,15,21,23,25,26,27,29,31,34,35,36],
[1,2,3,4,5,7,8,9,13,14,15,21,23,25,26,27,29,31,34,36,38],
[1,2,3,4,5,7,8,9,13,14,15,21,23,25,26,29,31,34,35,36,38],
[1,2,3,4,5,7,8,9,13,15,16,20,21,23,25,26,27,29,31,36,38],
[1,2,3,4,5,7,8,9,14,15,16,20,21,22,23,25,27,29,31,36,38],
[1,2,3,4,5,7,8,9,14,15,16,20,21,23,25,26,27,29,31,36,38],
[1,2,3,4,5,7,8,9,14,15,16,20,22,23,25,26,27,29,36,37,38],
[1,2,3,4,5,7,8,9,14,15,16,21,22,23,25,26,27,29,31,33,36],
[1,2,3,4,5,7,8,9,14,15,16,21,22,23,25,26,27,29,33,36,38],
[1,2,3,4,5,7,8,9,14,15,16,21,22,23,25,27,29,31,33,36,38],
[1,2,3,4,5,7,8,9,14,15,16,21,23,25,26,27,29,31,33,36,38],
[1,2,3,4,5,7,8,9,14,15,19,21,23,25,26,27,29,31,33,36,38],
[1,2,3,4,5,7,8,9,14,15,19,21,23,25,26,27,29,31,34,36,38],
[1,2,3,4,5,7,8,9,14,15,19,21,23,25,26,27,31,33,34,36,38],
[1,2,3,4,5,7,8,9,14,15,19,21,23,25,26,29,31,34,35,36,38],
[1,2,3,4,5,7,8,9,14,16,17,21,22,23,25,26,27,28,31,32,36],
[1,2,3,4,5,7,8,9,14,16,17,21,22,23,25,26,27,31,32,33,36],
[1,2,3,4,5,7,8,9,14,16,17,21,23,25,26,27,28,31,32,34,36],
[1,2,3,4,5,7,8,9,14,16,17,21,23,25,26,27,31,32,33,34,36],
[1,2,3,4,5,7,8,9,14,16,17,21,23,25,26,27,32,33,34,36,38],
[1,2,3,4,5,7,8,9,14,16,19,21,25,26,27,29,32,33,36,37,38],
[1,2,3,4,5,7,8,9,14,16,21,22,23,25,26,27,28,29,31,32,36],
[1,2,3,4,5,7,8,9,14,16,21,22,23,25,26,27,29,31,32,33,36],
[1,2,3,4,5,7,8,9,14,17,21,22,23,25,26,27,31,32,33,34,36],
[1,2,3,4,5,7,8,10,11,14,19,21,23,25,27,29,31,32,34,36,38],
[1,2,3,4,5,7,8,10,13,14,16,21,23,25,26,27,29,31,34,36,38],
[1,2,3,4,5,7,8,10,13,14,16,21,23,25,26,29,31,32,34,36,38],
[1,2,3,4,5,7,8,10,14,16,21,23,25,26,27,29,31,32,33,36,38],
[1,2,3,4,5,7,8,10,14,16,21,23,25,26,27,29,31,32,34,36,38],
[1,2,3,4,5,7,8,10,14,16,21,23,25,26,27,31,32,33,34,36,38],
[1,2,3,4,5,7,8,13,14,15,16,20,21,23,25,26,27,29,31,36,38],
[1,2,3,4,5,7,8,13,14,16,17,21,23,25,26,27,28,31,32,34,36],
[1,2,3,4,5,7,9,10,11,16,19,21,25,26,27,29,32,34,36,37,38],
[1,2,3,4,5,7,9,14,15,16,21,22,23,25,26,27,29,31,32,33,36],
[1,2,3,4,5,7,9,14,15,16,21,23,25,26,27,29,31,32,33,34,36],
[1,2,3,4,5,7,9,14,15,19,21,23,25,26,27,29,31,33,34,36,38],
[1,2,3,4,5,7,10,14,16,21,23,25,26,27,29,31,32,33,34,36,38],
[1,2,3,4,5,8,9,10,13,14,21,23,25,26,27,28,29,31,34,36,38],
[1,2,3,4,5,8,9,10,13,16,21,23,25,26,27,28,29,31,34,36,38],
[1,2,3,4,5,8,9,10,14,16,20,21,23,24,25,26,28,29,31,36,38],
[1,2,3,4,5,8,9,10,14,16,20,21,23,24,25,28,29,31,32,36,38],
[1,2,3,4,5,8,9,10,14,16,20,21,24,25,26,28,29,31,32,36,38],
[1,2,3,4,5,8,9,10,14,16,20,23,24,25,26,28,29,31,32,36,38],
[1,2,3,4,5,8,9,10,14,16,21,23,24,25,26,28,29,31,32,36,38],
[1,2,3,4,5,8,9,10,14,16,21,23,25,26,27,28,29,31,32,36,38],
[1,2,3,4,5,8,9,10,14,16,21,23,25,26,27,29,31,32,33,36,38],
[1,2,3,4,5,8,9,10,14,19,21,25,26,27,28,29,31,32,34,36,38],
[1,2,3,4,5,8,9,10,14,19,21,25,26,27,28,29,32,34,36,37,38],
[1,2,3,4,5,8,9,10,14,21,23,25,26,27,28,29,31,32,34,36,38],
[1,2,3,4,5,8,9,10,16,21,23,25,26,27,28,29,31,32,34,36,38],
[1,2,3,4,5,8,9,13,14,15,21,23,25,26,27,29,31,34,35,36,38],
[1,2,3,4,5,8,9,13,14,21,23,25,26,27,28,29,31,34,35,36,38],
[1,2,3,4,5,8,9,13,15,16,21,23,25,26,27,28,29,31,34,36,38],
[1,2,3,4,5,8,9,13,15,21,23,25,26,27,28,29,31,34,35,36,38],
[1,2,3,4,5,8,9,14,15,16,21,22,23,25,26,27,29,31,33,36,38],
[1,2,3,4,5,8,9,14,16,17,21,23,25,26,27,28,31,32,33,34,36],
[1,2,3,4,5,8,9,14,16,17,21,23,25,26,27,28,32,33,34,36,38],
[1,2,3,4,5,8,9,14,16,21,23,24,25,26,28,29,31,32,35,36,38],
[1,2,3,4,5,8,9,14,17,21,23,25,26,27,28,29,32,34,35,36,38],
[1,2,3,4,5,8,9,14,21,23,25,26,27,28,29,31,32,34,35,36,38],
[1,2,3,4,5,8,10,13,14,16,21,23,25,26,27,28,29,31,34,36,38],
[1,2,3,4,5,8,10,14,16,21,23,25,26,27,28,29,31,32,34,36,38],
[1,2,3,4,5,8,13,14,16,17,21,23,25,26,27,28,29,31,35,36,38],
[1,2,3,4,5,8,13,14,17,21,23,25,26,27,28,29,31,34,35,36,38],
[1,2,3,4,5,8,14,16,17,21,23,25,26,27,28,29,31,32,34,36,38],
[1,2,3,4,5,8,14,16,17,21,23,25,26,27,28,31,32,33,34,36,38],
[1,2,3,4,5,8,14,17,21,23,25,26,27,28,29,31,32,34,35,36,38],
[1,2,3,4,6,7,8,9,10,14,16,20,23,25,26,27,28,29,31,32,36],
[1,2,3,4,6,7,8,9,10,14,16,20,23,25,26,27,28,29,31,36,38],
[1,2,3,4,6,7,8,9,10,14,16,20,23,25,26,27,28,29,32,36,38],
[1,2,3,4,6,7,8,9,10,14,19,20,23,25,26,27,29,31,34,36,38],
[1,2,3,4,6,7,8,9,10,14,19,20,23,25,27,28,29,31,34,36,38],
[1,2,3,4,6,7,8,9,10,14,19,20,25,26,27,28,29,31,34,36,38],
[1,2,3,4,6,7,8,9,10,14,20,23,25,26,27,28,29,31,34,36,38],
[1,2,3,4,6,7,8,9,11,14,17,21,23,25,27,28,29,32,34,36,38],
[1,2,3,4,6,7,8,9,11,14,19,21,23,25,28,29,30,32,34,36,38],
[1,2,3,4,6,7,8,9,11,14,21,22,23,25,27,28,29,31,32,34,36],
[1,2,3,4,6,7,8,9,14,15,19,21,25,26,27,29,31,34,35,36,38],
[1,2,3,4,6,7,8,9,14,16,17,21,22,23,25,26,27,29,33,36,38],
[1,2,3,4,6,7,8,9,14,16,17,21,22,23,25,27,28,31,32,33,36],
[1,2,3,4,6,7,8,9,14,16,17,21,22,23,25,27,29,32,33,36,38],
[1,2,3,4,6,7,8,9,14,16,21,23,24,25,28,30,32,33,34,36,38],
[1,2,3,4,6,7,8,9,14,17,21,22,23,25,27,28,31,32,33,34,36],
[1,2,3,4,6,7,8,9,16,17,21,22,23,25,27,28,31,32,33,34,36],
[1,2,3,4,6,7,8,14,16,17,21,22,23,25,27,28,31,32,33,34,36],
[1,2,3,5,6,7,8,9,10,11,15,16,17,18,23,25,26,27,32,34,36],
[1,2,3,5,6,7,8,9,10,11,15,16,17,18,23,25,26,30,32,34,36],
[1,2,3,5,6,7,8,9,10,11,15,16,17,23,25,26,27,32,33,34,36],
[1,2,3,5,6,7,8,9,10,11,15,16,17,23,25,26,27,33,34,36,38],
[1,2,3,5,6,7,8,9,10,11,15,18,19,21,25,27,30,31,32,34,36],
[1,2,3,5,6,7,8,9,10,11,15,19,21,23,25,30,31,32,33,34,36],
[1,2,3,5,6,7,8,9,10,11,15,19,21,23,25,30,32,33,34,36,38],
[1,2,3,5,6,7,8,9,10,11,15,19,23,25,26,30,32,33,34,36,38],
[1,2,3,5,6,7,8,9,10,11,15,19,23,25,27,30,31,32,33,34,36],
[1,2,3,5,6,7,8,9,10,11,16,17,23,25,26,27,32,33,34,36,38],
[1,2,3,5,6,7,8,9,10,11,16,17,23,25,27,30,32,33,34,36,38],
[1,2,3,5,6,7,8,9,10,11,16,18,21,25,27,28,30,32,34,36,37],
[1,2,3,5,6,7,8,9,10,11,18,19,21,25,27,28,30,31,32,34,36],
[1,2,3,5,6,7,8,9,10,11,18,19,21,25,27,28,30,32,34,36,37],
[1,2,3,5,6,7,8,9,10,15,16,17,18,20,22,23,25,27,28,30,36],
[1,2,3,5,6,7,8,9,10,15,16,17,18,23,25,26,27,30,33,34,36],
[1,2,3,5,6,7,8,9,10,15,16,17,18,23,25,26,30,32,33,34,36],
[1,2,3,5,6,7,8,9,10,15,16,17,23,25,26,27,30,33,34,36,38],
[1,2,3,5,6,7,8,9,10,15,16,18,19,20,21,25,27,30,36,37,38],
[1,2,3,5,6,7,8,9,10,15,16,18,19,20,25,26,27,30,36,37,38],
[1,2,3,5,6,7,8,9,10,15,16,18,19,21,25,26,30,31,32,33,36],
[1,2,3,5,6,7,8,9,10,15,16,18,20,22,23,25,27,28,30,31,36],
[1,2,3,5,6,7,8,9,10,15,16,18,20,22,23,25,28,30,31,32,36],
[1,2,3,5,6,7,8,9,10,15,16,18,23,25,26,30,31,32,33,34,36],
[1,2,3,5,6,7,8,9,10,15,17,18,23,25,26,27,30,31,33,34,36],
[1,2,3,5,6,7,8,9,10,15,17,18,23,25,26,30,31,32,33,34,36],
[1,2,3,5,6,7,8,9,10,15,18,19,20,25,26,27,30,34,36,37,38],
[1,2,3,5,6,7,8,9,11,15,16,17,21,23,25,30,32,34,36,37,38],
[1,2,3,5,6,7,8,9,11,16,17,18,21,22,25,27,28,30,32,36,37],
[1,2,3,5,6,7,9,10,14,15,19,20,25,26,27,30,33,34,36,37,38],
[1,2,3,5,6,7,9,10,15,16,20,23,24,25,26,30,31,33,34,36,38],
[1,2,3,5,6,7,9,11,15,16,17,21,22,23,25,28,30,32,34,36,37],
[1,2,3,5,6,8,9,10,14,15,19,20,23,25,26,27,29,31,33,36,38],
[1,2,3,5,6,8,9,10,14,16,17,20,23,25,26,27,28,30,33,36,38],
[1,2,3,5,6,8,9,11,14,17,22,23,25,28,29,30,32,35,36,37,38],
[1,2,3,5,6,8,9,11,15,16,17,23,25,26,28,29,32,35,36,37,38],
[1,2,3,5,6,8,12,14,16,17,23,25,26,28,29,30,32,35,36,37,38],
[1,2,3,5,6,9,10,12,14,15,20,23,25,26,27,28,29,31,34,36,38],
[1,2,3,5,7,8,9,10,11,13,14,15,17,21,23,25,27,30,34,36,38],
[1,2,3,5,7,8,9,10,11,13,14,15,17,21,25,27,30,34,36,37,38],
[1,2,3,5,7,8,9,10,11,13,14,15,19,21,25,27,30,34,36,37,38],
[1,2,3,5,7,8,9,10,11,13,15,16,17,18,21,25,26,27,34,36,37],
[1,2,3,5,7,8,9,10,11,13,15,16,17,21,23,25,26,27,34,36,38],
[1,2,3,5,7,8,9,10,11,13,15,16,17,21,25,26,27,34,36,37,38],
[1,2,3,5,7,8,9,10,11,14,15,17,19,21,25,27,30,33,34,36,38],
[1,2,3,5,7,8,9,10,11,14,15,17,19,21,25,27,30,34,36,37,38],
[1,2,3,5,7,8,9,10,11,14,15,17,21,23,25,27,30,33,34,36,38],
[1,2,3,5,7,8,9,10,11,14,17,19,21,25,27,30,32,33,34,36,38],
[1,2,3,5,7,8,9,10,11,14,17,19,21,25,27,30,32,34,36,37,38],
[1,2,3,5,7,8,9,10,11,15,16,17,21,23,25,26,27,32,33,34,36],
[1,2,3,5,7,8,9,10,11,15,16,17,21,23,25,26,27,33,34,36,38],
[1,2,3,5,7,8,9,10,11,15,16,17,21,23,25,26,30,32,34,36,38],
[1,2,3,5,7,8,9,10,11,15,16,17,21,23,25,26,32,33,34,36,38],
[1,2,3,5,7,8,9,10,11,15,16,17,21,23,25,27,30,33,34,36,38],
[1,2,3,5,7,8,9,10,11,15,16,17,21,23,25,30,32,33,34,36,38],
[1,2,3,5,7,8,9,10,11,15,16,18,19,21,25,26,27,29,32,36,37],
[1,2,3,5,7,8,9,10,11,15,16,21,22,23,25,27,29,31,32,33,36],
[1,2,3,5,7,8,9,10,11,16,17,18,21,22,25,27,28,30,32,36,37],
[1,2,3,5,7,8,9,10,11,16,17,18,21,25,27,28,30,32,34,36,37],
[1,2,3,5,7,8,9,10,13,15,16,17,18,21,25,26,27,34,36,37,38],
[1,2,3,5,7,8,9,10,13,15,16,20,21,23,25,26,27,29,31,36,38],
[1,2,3,5,7,8,9,10,14,15,16,19,20,21,25,26,27,29,36,37,38],
[1,2,3,5,7,8,9,10,14,15,16,20,21,23,25,26,27,29,31,36,38],
[1,2,3,5,7,8,9,10,14,15,16,20,21,23,25,27,29,31,33,36,38],
[1,2,3,5,7,8,9,10,14,15,16,20,23,25,26,27,29,31,33,36,38],
[1,2,3,5,7,8,9,10,14,15,16,21,23,25,26,27,29,31,33,36,38],
[1,2,3,5,7,8,9,10,14,15,19,20,23,25,26,27,29,31,33,36,38],
[1,2,3,5,7,8,9,10,14,15,19,21,23,25,27,30,31,33,34,36,38],
[1,2,3,5,7,8,9,10,14,15,19,21,25,26,27,30,31,33,34,36,38],
[1,2,3,5,7,8,9,10,15,16,17,18,21,25,26,27,31,32,33,34,36],
[1,2,3,4,5,6,7,8,9,10,11,16,19,20,25,27,28,29,32,36,37,38],
[1,2,3,4,5,6,7,8,9,10,11,16,19,21,25,27,28,32,34,36,37,38],
[1,2,3,4,5,6,7,8,9,10,11,16,21,23,25,27,28,32,33,34,36,38],
[1,2,3,4,5,6,7,8,9,10,11,16,23,25,26,27,28,29,31,32,34,36],
[1,2,3,4,5,6,7,8,9,10,11,19,20,23,25,27,28,29,31,34,36,38],
[1,2,3,4,5,6,7,8,9,10,14,16,23,25,26,27,28,31,32,33,34,36],
[1,2,3,4,5,6,7,8,9,10,14,19,20,23,25,28,30,31,32,34,36,38],
[1,2,3,4,5,6,7,8,9,10,14,19,23,25,26,27,31,32,33,34,36,38],
[1,2,3,4,5,6,7,8,9,10,16,19,20,25,26,27,28,29,31,32,36,37],
[1,2,3,4,5,6,7,8,9,10,16,21,23,25,28,30,31,32,33,34,36,38],
[1,2,3,4,5,6,7,8,9,11,13,15,16,20,23,25,27,28,29,36,37,38],
[1,2,3,4,5,6,7,8,9,11,13,15,16,21,23,25,27,28,34,36,37,38],
[1,2,3,4,5,6,7,8,9,11,13,16,20,23,25,26,27,28,29,36,37,38],
[1,2,3,4,5,6,7,8,9,11,13,20,23,25,26,27,28,29,34,36,37,38],
[1,2,3,4,5,6,7,8,9,11,14,16,20,22,23,25,27,28,29,36,37,38],
[1,2,3,4,5,6,7,8,9,11,14,16,20,23,25,27,28,29,32,36,37,38],
[1,2,3,4,5,6,7,8,9,11,14,19,20,23,25,28,29,30,32,36,37,38],
[1,2,3,4,5,6,7,8,9,11,14,19,21,22,23,25,27,29,31,32,34,36],
[1,2,3,4,5,6,7,8,9,11,14,19,21,25,27,28,30,32,34,36,37,38],
[1,2,3,4,5,6,7,8,9,11,15,16,17,21,23,25,26,27,34,36,37,38],
[1,2,3,4,5,6,7,8,9,11,16,17,21,23,25,26,27,32,33,34,36,38],
[1,2,3,4,5,6,7,8,9,13,15,16,20,23,25,26,27,28,29,31,36,37],
[1,2,3,4,5,6,7,8,9,14,15,19,21,25,26,27,31,34,35,36,37,38],
[1,2,3,4,5,6,7,8,9,14,16,17,23,25,26,27,32,33,34,36,37,38],
[1,2,3,4,5,6,7,8,9,14,16,20,23,24,25,26,28,30,31,32,36,37],
[1,2,3,4,5,6,7,8,9,14,19,20,21,22,25,28,29,30,31,32,36,37],
[1,2,3,4,5,6,7,8,9,14,19,20,23,25,26,30,31,34,35,36,37,38],
[1,2,3,4,5,6,7,8,9,16,17,21,22,23,25,26,27,31,32,33,34,36],
[1,2,3,4,5,6,7,8,9,16,21,23,24,25,26,30,31,32,33,34,36,38],
[1,2,3,4,5,6,7,8,14,16,21,22,23,25,27,28,30,31,32,33,34,36],
[1,2,3,4,5,6,7,9,11,15,16,19,21,25,26,27,29,32,34,36,37,38],
[1,2,3,4,5,6,7,9,14,16,20,23,24,25,26,28,30,32,34,36,37,38],
[1,2,3,4,5,6,7,15,16,21,23,24,25,26,30,31,32,33,34,36,37,38],
[1,2,3,4,5,6,8,9,10,11,16,21,23,25,27,28,29,31,32,34,36,38],
[1,2,3,4,5,6,8,9,10,14,16,20,23,25,26,27,28,29,31,32,36,38],
[1,2,3,4,5,6,8,9,10,14,19,20,23,25,26,27,28,29,31,34,36,38],
[1,2,3,4,5,6,8,9,11,14,19,21,23,25,27,28,29,31,32,34,36,38],
[1,2,3,4,5,6,8,9,11,16,17,21,22,23,25,27,28,29,32,36,37,38],
[1,2,3,4,5,6,8,9,11,16,17,21,25,26,27,28,29,32,34,36,37,38],
[1,2,3,4,5,6,8,9,13,15,21,25,26,27,28,29,31,34,35,36,37,38],
[1,2,3,4,5,6,8,9,14,16,17,22,23,25,26,28,29,32,35,36,37,38],
[1,2,3,4,5,6,8,9,14,17,23,25,26,27,28,29,32,34,35,36,37,38],
[1,2,3,4,5,7,8,9,10,11,14,19,21,23,25,27,28,29,31,34,36,38],
[1,2,3,4,5,7,8,9,10,11,14,19,21,25,27,28,29,32,34,36,37,38],
[1,2,3,4,5,7,8,9,10,13,15,16,21,23,25,26,27,29,31,34,36,38],
[1,2,3,4,5,7,8,9,10,14,16,20,21,23,24,25,26,28,29,31,32,36],
[1,2,3,4,5,7,8,9,10,14,16,20,21,23,24,25,26,29,31,32,36,38],
[1,2,3,4,5,7,8,9,14,16,17,21,22,23,25,27,28,31,32,33,34,36],
[1,2,3,4,5,7,8,10,13,14,16,21,23,25,26,27,28,29,31,32,34,36],
[1,2,3,4,5,8,9,10,11,14,19,21,23,25,27,28,29,31,32,34,36,38],
[1,2,3,4,5,8,9,10,14,16,21,23,25,26,27,28,31,32,33,34,36,38],
[1,2,3,4,6,7,8,9,10,14,16,20,23,24,25,26,28,29,31,32,36,38],
[1,2,3,5,6,7,8,9,10,11,15,16,17,23,25,26,30,32,33,34,36,38],
[1,2,3,5,6,7,8,9,10,11,15,19,21,23,25,27,30,31,33,34,36,38],
[1,2,3,5,6,7,8,9,10,15,16,17,18,23,25,26,27,31,32,33,34,36],
[1,2,3,5,6,7,8,9,11,15,16,17,21,22,23,25,30,32,33,36,37,38],
[1,2,3,5,7,8,9,10,13,14,15,19,20,23,25,26,27,29,31,34,36,38],
[1,2,3,5,7,8,9,10,14,15,16,19,20,21,25,26,27,29,31,33,36,38],
[1,2,3,4,5,6,7,8,9,10,11,16,20,23,25,26,27,28,29,32,36,37,38],
[1,2,3,4,5,6,7,8,9,10,14,16,20,23,25,26,27,28,31,33,34,36,38],
[1,2,3,4,5,6,7,8,9,10,14,19,20,23,25,26,27,28,29,31,32,34,36],
[1,2,3,4,5,6,7,8,9,11,14,16,20,22,23,25,28,29,30,32,36,37,38],
[1,2,3,4,5,6,7,8,9,14,16,17,22,23,25,26,27,28,31,32,33,34,36],
[1,2,3,4,5,6,7,8,9,14,16,20,22,23,25,26,27,28,29,31,32,36,37],
[1,2,3,4,5,6,7,9,11,13,15,16,20,23,25,26,27,28,29,34,36,37,38],
[1,2,3,4,5,6,8,9,10,11,16,19,21,25,26,27,28,29,32,34,36,37,38],
[1,2,3,4,5,6,8,9,11,14,19,21,23,25,28,29,30,32,34,35,36,37,38],
[1,2,3,4,5,6,8,9,14,19,21,25,26,27,28,29,31,32,34,35,36,37,38],
[1,2,3,4,5,7,8,9,10,13,14,16,20,21,23,25,26,27,28,29,31,36,38],
[1,2,3,4,5,7,8,9,10,14,19,21,23,25,26,27,29,31,32,33,34,36,38],
[1,2,3,5,6,7,8,9,10,14,15,19,20,23,25,26,27,30,31,33,34,36,38],
[1,2,3,5,6,8,9,11,15,16,17,21,22,23,25,28,29,30,32,35,36,37,38],
[1,2,3,4,5,6,7,8,9,10,14,16,19,20,23,25,26,27,29,31,32,33,36,38],
[1,2,3,4,5,6,8,9,11,14,17,21,22,23,25,27,28,29,32,34,35,36,37,38],
[1,2,3,4,5,6,7,8,9,10,11,13,15,16,20,23,25,26,27,28,29,31,34,36,38],
[1,2,3,4,5,6,7,8,9,10,11,14,19,20,23,25,26,27,28,29,32,34,36,37,38],
[1,2,3,4,5,6,7,8,9,10,11,14,19,21,23,25,27,28,30,31,32,33,34,36,38],
[1,2,3,4,5,6,7,8,9,10,14,16,20,23,24,25,26,28,30,31,32,33,34,36,38],
[1,2,3,4,5,6,7,8,9,10,11,15,16,19,21,23,25,26,27,29,31,32,33,34,36,38],
[1,2,3,4,5,6,7,8,9,11,14,16,17,21,22,23,25,27,28,30,32,33,34,36,37,38],
[1,2,3,4,5,7,8,9,10,11,13,14,16,17,21,23,25,26,27,28,29,32,34,36,37,38],
[1,2,3,4,6,7,8,9,10,14,16,17,21,23,24,25,26,27,28,29,31,32,33,34,36,38],
[1,2,3,5,6,7,8,9,10,11,15,16,17,18,19,21,25,26,27,30,32,33,34,36,37,38],
[1,2,3,5,6,7,8,9,10,11,15,16,17,18,21,22,23,25,27,28,30,31,32,33,34,36],
[1,2,3,4,5,6,7,8,9,10,11,13,15,16,18,19,20,21,25,26,27,28,29,31,34,36,37,38],
[1,2,3,4,5,6,7,8,9,10,11,14,16,19,20,21,22,23,25,27,28,29,30,31,32,33,36,38],
[1,2,3,4,5,6,7,8,9,10,14,16,18,19,20,21,24,25,26,27,28,30,31,32,33,34,36,37,38],
[1,2,3,4,5,6,7,8,9,11,13,15,16,17,18,21,22,23,25,26,27,28,29,31,32,34,35,36,37],
[1,2,3,4,5,6,7,8,9,10,11,13,15,16,18,19,20,21,23,24,25,26,28,29,30,31,32,34,35,36,37,38],
[1,2,3,4,5,6,7,8,9,13,14,15,16,17,18,20,21,22,23,24,25,26,27,28,30,31,33,34,35,36,37,38],
[1,2,3,4,5,6,7,8,9,10,11,12,13,14,15,16,17,18,19,20,21,22,23,24,25,26,27,28,29,30,31,32,33,34,35,37,38],
[1,2,3,4,5,6,7,8,9,10,11,12,13,14,15,16,17,18,19,20,21,22,23,24,26,27,28,29,30,31,32,33,34,35,36,37,38]];
