return [[1,2,3,4,5,6,7,8,9,10,11,12,15,16,17,18,20,22,24],
[1,2,3,4,5,6,7,8,9,10,11,12,15,17,18,21,22,23,24],
[1,2,3,4,5,6,7,8,9,10,11,12,15,17,19,22,23,24,26],
[1,2,3,4,5,6,7,8,9,10,11,12,15,17,21,22,23,24,26],
[1,2,3,4,5,6,7,8,9,10,11,12,15,18,21,22,23,24,26],
[1,2,3,4,5,6,7,8,9,10,11,12,16,17,18,21,22,23,24],
[1,2,3,4,5,6,7,8,9,10,11,12,16,17,19,22,23,24,26],
[1,2,3,4,5,6,7,8,9,10,11,12,16,17,21,22,23,24,26],
[1,2,3,4,5,6,7,8,9,10,11,14,16,17,18,19,20,22,24],
[1,2,3,4,5,6,7,8,9,10,11,14,16,17,18,19,21,23,25],
[1,2,3,4,5,6,7,8,9,10,11,14,16,17,18,21,23,24,25],
[1,2,3,4,5,6,7,8,9,10,11,14,16,17,21,22,23,24,26],
[1,2,3,4,5,6,7,8,9,10,11,16,18,19,20,23,24,25,26],
[1,2,3,4,5,6,7,8,9,11,12,15,16,17,18,19,20,22,24],
[1,2,3,4,5,6,7,8,9,11,12,15,17,18,19,20,22,24,26],
[1,2,3,4,5,6,7,8,9,11,12,15,17,18,19,22,23,24,26],
[1,2,3,4,5,6,7,8,9,11,12,15,17,18,21,22,23,24,26],
[1,2,3,4,5,6,7,8,9,11,12,16,17,18,19,20,22,24,26],
[1,2,3,4,5,6,7,8,9,11,14,16,17,18,19,20,22,24,26],
[1,2,3,4,5,6,7,8,9,11,16,17,18,19,21,23,24,25,26],
[1,2,3,4,5,6,7,8,9,12,16,17,18,19,20,21,22,24,26],
[1,2,3,4,5,6,7,8,9,12,16,17,18,19,20,21,24,25,26],
[1,2,3,4,5,6,7,8,10,11,12,15,18,20,21,22,23,24,26],
[1,2,3,4,5,6,7,8,10,11,12,16,17,18,20,21,22,24,28],
[1,2,3,4,5,6,7,8,10,11,14,16,17,18,19,20,21,22,28],
[1,2,3,4,5,6,7,8,10,12,13,14,16,17,18,21,22,24,28],
[1,2,3,4,5,6,7,8,10,12,13,14,16,17,18,21,23,24,28],
[1,2,3,4,5,6,7,8,10,12,13,16,17,18,20,21,22,24,28],
[1,2,3,4,5,6,7,8,10,12,13,16,17,18,20,21,24,25,28],
[1,2,3,4,5,6,7,8,10,12,13,16,17,18,21,23,24,25,28],
[1,2,3,4,5,6,7,8,11,12,16,17,18,19,20,21,22,24,26],
[1,2,3,4,5,6,7,8,11,14,16,17,18,19,20,21,22,24,26],
[1,2,3,4,5,6,7,9,10,11,12,13,15,17,18,20,21,22,24],
[1,2,3,4,5,6,7,9,10,11,12,13,15,17,18,20,21,22,28],
[1,2,3,4,5,6,7,9,10,11,12,13,15,18,20,21,22,23,24],
[1,2,3,4,5,6,7,9,10,11,12,13,15,18,20,21,22,23,28],
[1,2,3,4,5,6,7,9,10,11,12,13,15,18,20,22,23,24,27],
[1,2,3,4,5,6,7,9,10,11,12,13,16,17,18,20,21,22,24],
[1,2,3,4,5,6,7,9,10,11,12,13,16,17,18,20,21,22,28],
[1,2,3,4,5,6,7,9,10,11,12,13,20,21,22,23,24,26,27],
[1,2,3,4,5,6,7,9,11,12,13,14,16,17,18,19,21,22,24],
[1,2,3,4,5,6,7,9,11,13,14,16,18,19,20,21,22,24,27],
[1,2,3,4,5,7,8,10,11,12,15,16,18,20,22,24,26,27,28],
[1,2,3,4,5,7,8,10,11,12,15,16,18,20,23,24,26,27,28],
[1,2,3,4,5,7,8,10,11,12,15,18,20,21,22,23,24,26,28],
[1,2,3,4,5,7,8,10,11,12,15,18,20,22,23,24,26,27,28],
[1,2,3,4,5,7,8,10,11,12,16,17,18,20,21,22,24,26,28],
[1,2,3,4,5,7,8,10,11,14,16,17,18,20,21,22,24,26,28],
[1,2,3,4,5,7,8,10,11,14,16,18,20,21,23,24,25,26,28],
[1,2,3,4,5,7,8,12,14,16,17,18,19,21,23,24,25,26,28],
[1,2,3,4,5,7,9,10,11,12,13,15,17,20,21,22,24,26,28],
[1,2,3,4,5,6,7,8,9,10,11,12,15,16,17,19,20,22,24,26],
[1,2,3,4,5,6,7,8,9,10,11,12,15,17,18,20,21,22,24,26],
[1,2,3,4,5,6,7,8,9,10,11,12,16,17,18,20,21,22,24,26],
[1,2,3,4,5,6,7,8,10,11,13,14,16,17,18,20,21,22,24,28],
[1,2,3,4,5,6,7,9,11,12,13,14,16,18,19,21,22,23,24,27],
[1,2,3,4,5,6,7,8,9,10,11,14,16,17,18,19,20,21,24,25,26],
[1,2,3,4,5,6,7,8,9,11,12,14,16,17,18,19,21,22,23,24,26],
[1,2,3,4,5,7,9,10,11,12,13,15,18,20,21,22,23,24,26,27,28],
[1,2,3,4,5,6,7,8,9,10,11,12,15,16,17,18,20,21,23,24,25,26],
[1,2,3,4,5,6,7,8,9,10,11,12,15,16,18,19,20,22,23,24,26,27],
[1,2,3,4,5,6,7,8,9,10,11,12,13,14,15,16,17,18,19,22,23,24,27,28]];
