return [[1,2,3,4,5,6,8,9,10,13,14,16,20,22,24,27,28,29,30,35],
[1,2,3,4,5,6,8,9,10,13,14,16,20,22,24,27,28,29,30,39],
[1,2,3,4,5,6,8,9,10,13,14,16,20,22,24,27,28,29,35,39],
[1,2,3,4,5,6,8,9,10,13,14,16,20,22,24,27,29,30,35,39],
[1,2,3,4,5,6,8,9,10,13,14,16,20,22,24,28,29,30,32,39],
[1,2,3,4,5,6,8,9,10,13,14,16,20,22,24,28,30,32,34,39],
[1,2,3,4,5,6,8,9,10,13,14,16,20,22,24,28,32,34,35,39],
[1,2,3,4,5,6,8,9,10,13,14,16,20,22,24,29,30,32,35,39],
[1,2,3,4,5,6,8,9,10,13,14,16,20,22,24,30,32,34,35,39],
[1,2,3,4,5,6,8,9,10,13,14,16,22,24,27,28,29,30,34,35],
[1,2,3,4,5,6,8,9,10,13,14,16,22,24,27,29,30,34,35,39],
[1,2,3,4,5,6,8,9,10,13,14,20,21,22,28,29,30,32,38,39],
[1,2,3,4,5,6,8,9,10,13,14,20,21,24,28,29,30,32,38,39],
[1,2,3,4,5,6,8,9,10,13,14,20,22,24,28,32,34,35,38,39],
[1,2,3,4,5,6,8,9,10,13,14,20,22,28,29,30,32,34,38,39],
[1,2,3,4,5,6,8,9,10,13,14,20,22,28,29,32,34,35,38,39],
[1,2,3,4,5,6,8,9,10,13,14,21,22,28,29,30,32,34,38,39],
[1,2,3,4,5,6,8,9,10,13,14,21,24,28,29,30,32,34,38,39],
[1,2,3,4,5,6,8,9,10,13,16,20,21,22,24,26,29,30,36,39],
[1,2,3,4,5,6,8,9,10,13,16,20,21,22,24,28,29,30,36,39],
[1,2,3,4,5,6,8,9,10,13,16,20,22,24,26,28,30,32,34,39],
[1,2,3,4,5,6,8,9,10,13,16,20,22,24,27,28,29,30,31,39],
[1,2,3,4,5,6,8,9,10,13,16,20,22,24,27,28,30,31,34,39],
[1,2,3,4,5,6,8,9,10,13,16,20,22,24,28,29,30,31,36,39],
[1,2,3,4,5,6,8,9,10,13,16,20,22,24,28,30,31,34,36,39],
[1,2,3,4,5,6,8,9,10,13,16,20,22,26,28,29,32,34,38,39],
[1,2,3,4,5,6,8,9,10,13,16,20,22,26,29,32,34,35,38,39],
[1,2,3,4,5,6,8,9,10,13,16,20,22,27,28,29,30,31,34,39],
[1,2,3,4,5,6,8,9,10,13,16,20,22,28,29,30,31,34,36,39],
[1,2,3,4,5,6,8,9,10,13,16,20,22,28,29,32,34,35,38,39],
[1,2,3,4,5,6,8,9,10,13,16,20,24,26,29,32,34,35,38,39],
[1,2,3,4,5,6,8,9,10,13,16,21,22,24,26,28,30,32,34,39],
[1,2,3,4,5,6,8,9,10,13,16,21,22,24,26,29,30,34,36,39],
[1,2,3,4,5,6,8,9,10,13,20,21,22,24,26,28,30,32,34,39],
[1,2,3,4,5,6,8,9,10,13,20,21,22,24,26,28,32,34,38,39],
[1,2,3,4,5,6,8,9,10,13,20,21,22,26,28,29,32,34,38,39],
[1,2,3,4,5,6,8,9,10,13,20,21,22,28,29,30,32,34,38,39],
[1,2,3,4,5,6,8,9,10,16,20,21,22,24,26,29,30,34,36,39],
[1,2,3,4,5,6,8,9,13,14,16,20,22,24,28,30,32,34,35,39],
[1,2,3,4,5,6,8,9,13,14,16,21,22,24,27,28,29,30,34,35],
[1,2,3,4,5,6,8,9,13,14,16,21,22,24,27,28,30,32,34,35],
[1,2,3,4,5,6,8,9,13,14,16,21,22,27,28,29,30,32,34,35],
[1,2,3,4,5,6,8,9,13,14,16,21,24,27,28,29,30,32,34,35],
[1,2,3,4,5,6,8,9,13,14,16,22,24,27,28,30,32,34,35,39],
[1,2,3,4,5,6,8,9,13,14,20,21,22,24,28,30,32,34,35,39],
[1,2,3,4,5,6,8,9,13,14,20,21,22,24,28,32,34,35,38,39],
[1,2,3,4,5,6,8,9,13,14,20,21,24,28,29,30,31,32,35,38],
[1,2,3,4,5,6,8,9,13,14,20,21,24,28,29,30,31,32,38,39],
[1,2,3,4,5,6,8,9,13,14,20,21,24,28,29,31,32,35,38,39],
[1,2,3,4,5,6,8,9,13,14,20,21,24,29,30,31,32,35,38,39],
[1,2,3,4,5,6,8,9,13,14,21,22,24,27,28,30,32,34,35,39],
[1,2,3,4,5,6,8,9,13,14,21,22,27,28,29,30,32,34,35,39],
[1,2,3,4,5,6,8,9,13,16,20,21,22,23,24,26,28,29,32,35],
[1,2,3,4,5,6,8,9,13,16,20,21,22,23,24,26,28,29,32,39],
[1,2,3,4,5,6,8,9,13,16,20,21,22,23,24,26,29,32,35,39],
[1,2,3,4,5,6,8,9,13,16,20,21,22,24,26,28,30,32,34,39],
[1,2,3,4,5,6,8,9,13,16,20,21,22,24,26,29,30,32,36,39],
[1,2,3,4,5,6,8,9,13,16,20,21,22,24,26,29,32,35,36,39],
[1,2,3,4,5,6,8,9,13,16,20,21,22,24,26,30,32,34,36,39],
[1,2,3,4,5,6,8,9,13,16,20,21,22,24,26,32,34,35,36,39],
[1,2,3,4,5,6,8,9,13,16,20,21,22,24,28,29,30,31,35,36],
[1,2,3,4,5,6,8,9,13,16,20,21,22,24,28,29,30,31,36,39],
[1,2,3,4,5,6,8,9,13,16,20,21,22,24,28,30,31,32,34,35],
[1,2,3,4,5,6,8,9,13,16,20,21,22,24,28,30,31,34,36,39],
[1,2,3,4,5,6,8,9,13,16,20,21,22,24,28,31,32,34,35,39],
[1,2,3,4,5,6,8,9,13,16,20,21,22,24,29,30,31,35,36,39],
[1,2,3,4,5,6,8,9,13,16,20,21,22,24,29,30,32,35,36,39],
[1,2,3,4,5,6,8,9,13,16,20,21,22,26,29,32,34,35,36,39],
[1,2,3,4,5,6,8,9,13,16,20,21,22,29,30,31,32,35,36,39],
[1,2,3,4,5,6,8,9,13,16,20,21,22,29,31,32,34,35,36,39],
[1,2,3,4,5,6,8,9,13,16,20,21,23,24,26,28,29,32,35,38],
[1,2,3,4,5,6,8,9,13,16,20,21,23,24,26,28,29,32,38,39],
[1,2,3,4,5,6,8,9,13,16,20,21,23,24,26,29,32,35,38,39],
[1,2,3,4,5,6,8,9,13,16,20,21,23,24,28,29,31,32,35,38],
[1,2,3,4,5,6,8,9,13,16,20,21,23,24,29,31,32,35,38,39],
[1,2,3,4,5,6,8,9,13,16,20,21,24,29,30,31,32,35,36,39],
[1,2,3,4,5,6,8,9,13,16,20,22,24,27,28,30,31,34,35,39],
[1,2,3,4,5,6,8,9,13,16,20,22,24,28,30,31,32,34,35,39],
[1,2,3,4,5,6,8,9,13,16,20,22,29,30,31,32,34,35,36,39],
[1,2,3,4,5,6,8,9,13,16,20,23,24,28,29,31,32,35,38,39],
[1,2,3,4,5,6,8,9,13,16,20,24,29,30,31,32,34,35,36,39],
[1,2,3,4,5,6,8,9,13,16,21,22,27,28,29,30,31,32,34,35],
[1,2,3,4,5,6,8,9,13,16,21,22,27,28,29,30,31,32,34,39],
[1,2,3,4,5,6,8,9,13,16,21,22,27,28,29,31,32,34,35,39],
[1,2,3,4,5,6,8,9,13,16,21,22,27,29,30,31,32,34,35,39],
[1,2,3,4,5,6,8,9,13,16,21,22,29,30,31,32,34,35,36,39],
[1,2,3,4,5,6,8,9,13,16,21,24,27,28,29,30,31,32,34,35],
[1,2,3,4,5,6,8,9,13,16,21,24,27,28,29,30,31,32,34,39],
[1,2,3,4,5,6,8,9,13,16,21,24,27,29,30,31,32,34,35,39],
[1,2,3,4,5,6,8,9,13,16,21,24,29,30,31,32,34,35,36,39],
[1,2,3,4,5,6,8,9,13,20,21,22,29,30,31,32,34,35,36,39],
[1,2,3,4,5,6,8,9,16,20,21,22,24,26,29,30,32,35,36,39],
[1,2,3,4,5,6,8,9,16,20,21,22,24,26,30,32,34,35,36,39],
[1,2,3,4,5,6,8,9,16,20,21,22,24,27,28,30,31,34,35,39],
[1,2,3,4,5,6,8,9,16,20,21,22,24,27,28,30,31,34,35,40],
[1,2,3,4,5,6,8,9,16,20,21,22,24,28,29,30,31,35,36,40],
[1,2,3,4,5,6,8,9,16,20,21,22,26,29,30,32,34,35,36,39],
[1,2,3,4,5,6,8,9,16,20,21,22,27,28,29,30,31,34,35,40],
[1,2,3,4,5,6,8,9,16,20,21,22,28,29,30,31,34,35,36,40],
[1,2,3,4,5,6,8,9,16,20,21,22,29,30,31,32,34,35,36,39],
[1,2,3,4,5,6,8,9,16,20,21,24,26,29,30,32,34,35,36,39],
[1,2,3,4,5,6,8,9,16,20,21,24,29,30,31,32,34,35,36,39],
[1,2,3,4,5,6,9,10,13,14,20,21,22,24,28,29,30,32,38,39],
[1,2,3,4,5,6,9,13,14,18,20,21,22,24,28,29,30,31,32,35],
[1,2,3,4,5,6,9,13,14,18,20,21,22,24,28,29,30,31,32,39],
[1,2,3,4,5,6,9,13,14,18,20,21,22,24,28,29,30,32,38,39],
[1,2,3,4,5,6,9,13,14,18,20,21,22,24,28,30,32,34,38,39],
[1,2,3,4,5,6,9,13,14,18,20,21,22,24,29,30,31,32,35,39],
[1,2,3,4,5,6,9,13,14,18,20,21,24,28,29,30,31,32,35,38],
[1,2,3,4,5,6,9,13,14,18,20,21,24,28,29,30,31,32,38,39],
[1,2,3,4,5,6,9,13,14,18,20,21,24,29,30,31,32,35,38,39],
[1,2,3,4,5,6,9,13,16,18,20,21,22,24,28,30,31,32,34,35],
[1,2,3,4,5,6,9,13,16,18,20,21,22,24,28,31,32,34,35,40],
[1,2,3,4,5,6,9,13,16,18,20,21,22,24,29,30,31,32,35,36],
[1,2,3,4,5,6,9,13,16,18,20,21,22,24,29,30,31,35,36,40],
[1,2,3,4,5,6,9,13,16,18,20,21,22,24,30,31,32,34,35,36],
[1,2,3,4,5,6,9,13,16,18,20,22,24,29,30,31,32,35,36,39],
[1,2,3,4,5,6,9,13,16,18,20,22,24,30,31,32,34,35,36,39],
[1,2,3,4,5,6,9,13,16,18,20,22,29,30,31,32,34,35,36,39],
[1,2,3,4,5,6,9,13,16,18,20,24,29,30,31,32,34,35,36,39],
[1,2,3,4,5,6,9,13,16,18,21,22,24,28,30,31,32,34,35,40],
[1,2,3,4,5,6,9,13,16,20,21,22,23,24,26,28,29,32,35,38],
[1,2,3,4,5,6,9,13,16,20,21,22,23,24,26,28,32,34,35,38],
[1,2,3,4,5,6,9,13,16,20,21,22,23,24,28,29,31,32,35,40],
[1,2,3,4,5,6,9,13,16,20,21,22,23,24,28,29,32,35,38,40],
[1,2,3,4,5,6,9,13,16,20,21,22,23,28,29,31,32,35,38,40],
[1,2,3,4,5,6,9,13,16,20,21,22,24,29,30,31,32,35,36,39],
[1,2,3,4,5,6,9,13,16,20,21,23,24,28,29,31,32,35,38,40],
[1,2,3,4,5,6,9,13,16,21,22,23,24,27,28,29,30,31,34,39],
[1,2,3,4,5,6,9,13,16,21,22,23,24,27,28,30,31,32,34,39],
[1,2,3,4,5,6,9,13,16,21,22,23,24,27,28,31,32,34,35,39],
[1,2,3,4,5,6,9,13,16,21,22,23,27,28,29,30,31,32,34,39],
[1,2,3,4,5,6,9,13,16,21,22,23,28,29,31,32,34,35,38,40],
[1,2,3,4,5,6,9,13,16,21,23,24,27,28,29,30,31,32,34,39],
[1,2,3,4,5,6,9,13,16,21,23,24,28,29,31,32,34,35,38,40],
[1,2,3,4,5,6,9,13,18,20,21,22,24,28,31,32,34,35,38,40],
[1,2,3,4,5,6,9,13,18,20,21,22,24,29,30,31,32,35,36,39],
[1,2,3,4,5,6,9,13,18,20,21,22,24,30,31,32,34,35,36,39],
[1,2,3,4,5,6,9,13,18,20,21,22,29,30,31,32,34,35,36,39],
[1,2,3,4,5,6,9,14,18,20,21,22,24,28,30,32,34,35,38,39],
[1,2,3,4,5,6,9,16,18,20,21,22,24,28,30,31,32,34,35,40],
[1,2,3,4,5,6,9,16,20,21,22,23,24,27,28,29,30,31,35,40],
[1,2,3,4,5,6,9,16,20,21,22,23,24,27,28,29,30,31,39,40],
[1,2,3,4,5,6,9,16,20,21,22,23,24,27,29,30,31,35,39,40],
[1,2,3,4,5,6,9,16,20,21,22,23,24,28,29,30,31,32,35,40],
[1,2,3,4,5,6,9,16,20,21,22,23,24,28,30,31,32,34,35,39],
[1,2,3,4,5,6,9,16,20,21,22,23,24,28,30,31,32,34,35,40],
[1,2,3,4,5,6,9,16,20,21,22,23,24,30,31,32,34,35,39,40],
[1,2,3,4,5,6,9,16,20,21,22,23,28,29,31,32,34,35,38,40],
[1,2,3,4,5,6,9,16,21,22,23,24,27,28,29,30,31,34,39,40],
[1,2,3,4,5,6,9,16,21,22,23,24,27,28,30,31,32,34,35,39],
[1,2,3,4,5,6,9,18,20,21,22,28,29,30,31,32,34,35,38,40],
[1,2,3,4,5,6,9,18,20,21,22,29,30,31,32,34,35,38,39,40],
[1,2,3,4,5,6,9,18,20,21,24,29,30,31,32,34,35,38,39,40],
[1,2,3,4,5,6,9,20,21,22,23,24,28,30,31,32,34,35,39,40],
[1,2,3,4,5,6,9,20,21,22,23,24,28,31,32,34,35,38,39,40],
[1,2,3,4,5,8,9,10,13,14,16,20,22,24,27,28,29,30,35,39],
[1,2,3,4,5,8,9,10,13,14,16,22,24,27,28,29,30,34,35,39],
[1,2,3,4,5,8,9,10,13,16,20,21,22,24,26,28,29,30,36,39],
[1,2,3,4,5,8,9,10,13,16,20,22,24,26,28,29,30,32,34,39],
[1,2,3,4,5,8,9,10,13,16,20,22,24,26,28,29,30,34,36,39],
[1,2,3,4,5,8,9,10,13,16,20,22,24,26,28,29,32,34,35,39],
[1,2,3,4,5,8,9,10,13,16,20,22,24,28,29,30,31,34,36,39],
[1,2,3,4,5,8,9,10,13,16,20,22,26,28,29,32,34,35,38,39],
[1,2,3,4,5,8,9,10,13,16,20,24,26,28,29,32,34,35,38,39],
[1,2,3,4,5,8,9,10,13,16,21,22,24,26,28,29,30,34,36,39],
[1,2,3,4,5,8,9,10,13,20,21,22,24,26,28,29,30,34,36,39],
[1,2,3,4,5,8,9,10,16,20,21,22,24,26,28,29,30,34,36,39],
[1,2,3,4,5,8,9,13,16,20,21,22,23,24,26,28,29,32,35,39],
[1,2,3,4,5,8,9,13,16,20,24,26,28,29,31,32,34,35,38,39],
[1,2,3,4,5,8,9,13,16,21,22,27,28,29,30,31,32,34,35,39],
[1,2,3,4,5,8,9,13,16,21,24,26,28,29,31,32,34,35,38,39],
[1,2,3,4,5,8,9,13,16,21,24,27,28,29,30,31,32,34,35,39],
[1,2,3,4,5,8,9,14,18,20,21,24,28,29,30,32,34,35,38,39],
[1,2,3,4,5,8,9,16,20,21,24,26,28,29,31,32,34,35,38,39],
[1,2,3,4,5,8,9,18,20,21,24,28,29,30,31,32,34,35,38,39],
[1,2,3,4,5,9,10,13,16,20,22,24,26,28,29,32,34,35,38,39],
[1,2,3,4,5,9,13,14,18,20,21,22,24,28,29,30,31,32,35,39],
[1,2,3,4,5,9,13,16,18,20,21,22,24,28,29,30,31,35,36,40],
[1,2,3,4,5,9,13,16,18,20,22,24,28,29,30,31,34,35,36,40],
[1,2,3,4,5,9,13,16,18,21,22,24,28,29,30,31,32,34,35,40],
[1,2,3,4,5,9,13,16,18,21,22,24,28,29,30,31,34,35,36,40],
[1,2,3,4,5,9,13,16,20,22,23,24,26,28,29,32,34,35,38,39],
[1,2,3,4,5,9,13,16,20,23,24,26,28,29,31,32,34,35,38,39],
[1,2,3,4,5,9,14,18,20,21,22,24,28,29,30,32,34,35,38,39],
[1,2,3,4,5,9,16,18,20,21,22,24,28,29,30,31,32,34,35,40],
[1,2,3,4,5,9,16,18,20,21,22,24,28,29,30,31,34,35,36,40],
[1,2,3,4,5,9,16,20,21,22,23,24,27,28,29,30,31,35,39,40],
[1,2,3,4,5,9,16,20,21,23,24,26,28,29,31,32,34,35,38,39],
[1,2,3,4,5,9,16,21,22,23,24,27,28,29,30,31,34,35,39,40],
[1,2,3,4,5,9,18,20,21,22,24,28,29,30,32,34,35,38,39,40],
[1,2,3,4,5,9,18,20,21,22,28,29,30,31,32,34,35,38,39,40],
[1,2,3,4,5,9,18,20,21,24,28,29,30,31,32,34,35,38,39,40],
[1,2,3,4,6,7,8,9,10,14,20,28,29,30,31,32,34,38,39,40],
[1,2,3,4,6,7,8,9,14,16,20,24,28,30,31,32,34,35,38,40],
[1,2,3,4,6,7,8,9,14,16,23,24,27,28,31,32,34,35,38,40],
[1,2,3,4,6,7,8,9,14,20,24,28,30,31,32,34,35,38,39,40],
[1,2,3,4,6,8,9,10,11,12,13,14,16,22,27,28,29,30,31,40],
[1,2,3,4,6,8,9,10,11,12,13,14,16,22,27,28,29,30,34,40],
[1,2,3,4,6,8,9,10,11,12,13,14,16,27,28,29,30,31,34,40],
[1,2,3,4,6,8,9,10,11,12,13,14,22,27,28,29,30,31,34,40],
[1,2,3,4,6,8,9,10,11,12,13,16,20,22,29,30,31,34,36,39],
[1,2,3,4,6,8,9,10,11,12,13,16,22,27,28,29,30,31,34,40],
[1,2,3,4,6,8,9,10,11,13,14,16,20,22,27,28,29,30,31,40],
[1,2,3,4,6,8,9,10,11,13,14,16,20,24,27,28,29,30,31,40],
[1,2,3,4,6,8,9,10,11,13,14,16,22,24,27,28,30,34,35,40],
[1,2,3,4,6,8,9,10,11,13,14,16,22,27,28,29,30,34,35,40],
[1,2,3,4,6,8,9,10,11,14,16,20,22,27,28,29,30,34,35,40],
[1,2,3,4,6,8,9,10,12,13,16,17,22,27,28,29,30,31,34,39],
[1,2,3,4,6,8,9,10,12,16,17,20,22,26,29,30,34,36,39,40],
[1,2,3,4,6,8,9,10,12,16,17,20,22,26,29,31,34,36,39,40],
[1,2,3,4,6,8,9,10,12,16,17,20,22,29,30,31,34,36,39,40],
[1,2,3,4,6,8,9,10,13,14,16,19,20,24,26,28,29,31,38,40],
[1,2,3,4,6,8,9,10,13,14,16,20,22,23,24,26,27,29,35,39],
[1,2,3,4,6,8,9,10,13,14,16,20,23,24,26,28,29,31,38,40],
[1,2,3,4,6,8,9,10,13,14,16,20,23,24,26,28,29,35,38,40],
[1,2,3,4,6,8,9,10,13,16,19,20,26,28,29,31,32,34,38,40],
[1,2,3,4,6,8,9,10,14,16,20,22,24,26,29,30,35,36,39,40],
[1,2,3,4,6,8,9,10,16,17,20,21,22,26,28,29,30,34,36,40],
[1,2,3,4,6,8,9,10,16,17,20,21,22,26,29,30,34,36,39,40],
[1,2,3,4,6,8,9,11,12,13,14,16,20,22,29,30,31,32,35,39],
[1,2,3,4,6,8,9,11,12,16,20,22,29,30,31,32,34,35,36,40],
[1,2,3,4,6,8,9,11,13,14,16,20,24,27,28,29,30,31,35,40],
[1,2,3,4,6,8,9,11,13,14,16,20,24,28,29,31,32,35,38,40],
[1,2,3,4,6,8,9,11,14,16,20,22,27,28,29,30,31,32,35,40],
[1,2,3,4,6,8,9,11,14,16,20,22,27,28,29,30,32,34,35,40],
[1,2,3,4,6,8,9,11,14,16,20,24,28,29,30,31,32,35,38,40],
[1,2,3,4,6,8,9,11,14,16,20,24,28,30,31,32,34,35,38,40],
[1,2,3,4,6,8,9,11,14,20,22,27,28,29,30,31,32,34,35,40],
[1,2,3,4,6,8,9,11,16,20,22,27,28,29,30,31,32,34,35,40],
[1,2,3,4,6,8,9,12,13,14,15,21,22,24,27,28,30,31,34,40],
[1,2,3,4,6,8,9,12,13,14,15,21,24,26,27,31,34,35,39,40],
[1,2,3,4,6,8,9,12,13,14,15,21,24,26,31,34,35,36,39,40],
[1,2,3,4,6,8,9,12,13,14,21,22,27,28,29,30,31,32,34,39],
[1,2,3,4,6,8,9,12,13,14,21,22,27,29,30,31,32,34,35,39],
[1,2,3,4,6,8,9,12,13,16,21,22,26,29,31,32,34,35,36,39],
[1,2,3,4,6,8,9,12,13,16,21,22,27,29,30,31,32,34,35,39],
[1,2,3,4,6,8,9,12,13,16,21,22,29,30,31,32,34,35,36,39],
[1,2,3,4,6,8,9,12,16,17,21,22,26,27,29,32,34,35,39,40],
[1,2,3,4,6,8,9,13,14,16,19,20,21,24,28,29,30,31,32,35],
[1,2,3,4,6,8,9,13,14,16,21,23,24,27,28,29,31,35,38,40],
[1,2,3,4,6,8,9,13,14,20,21,23,24,26,29,31,32,35,38,39],
[1,2,3,4,6,8,9,13,14,21,23,24,27,28,31,32,34,35,38,39],
[1,2,3,4,6,8,9,14,18,20,21,24,26,30,31,34,35,36,39,40],
[1,2,3,4,6,9,13,16,20,22,23,24,26,28,31,32,34,35,40,41],
[1,2,3,4,8,9,13,14,20,21,23,24,26,28,29,31,32,35,38,39],
[1,2,3,5,6,8,9,13,16,21,22,25,27,29,30,32,34,35,36,39],
[1,2,3,5,6,8,9,13,16,21,22,27,29,30,31,32,34,35,36,39],
[1,2,3,6,8,9,12,13,14,21,22,25,27,29,30,32,34,35,36,39],
[1,2,3,6,8,9,12,13,16,21,22,25,27,29,30,32,34,35,36,39],
[1,2,3,6,8,9,12,13,16,21,22,27,29,30,31,32,34,35,36,39],
[1,2,6,8,9,10,12,13,14,15,21,24,26,27,34,35,36,37,38,39],
[1,2,3,4,5,6,8,9,10,13,14,16,20,22,24,27,28,30,34,35,39],
[1,2,3,4,5,6,8,9,10,13,14,16,22,24,25,29,30,32,34,35,39],
[1,2,3,4,5,6,8,9,10,13,14,20,21,22,24,28,30,32,34,38,39],
[1,2,3,4,5,6,8,9,10,13,16,20,21,22,24,26,28,29,30,32,39],
[1,2,3,4,5,6,8,9,10,13,16,20,21,22,24,26,28,30,34,36,39],
[1,2,3,4,5,6,8,9,10,13,16,21,22,24,25,26,29,30,32,34,39],
[1,2,3,4,5,6,8,9,13,16,20,21,22,24,30,31,32,34,35,36,39],
[1,2,3,4,5,6,8,9,13,16,21,22,24,27,28,30,31,32,34,35,39],
[1,2,3,4,5,6,8,9,13,16,21,22,24,27,29,30,31,34,35,36,39],
[1,2,3,4,5,6,9,10,13,14,21,22,24,25,28,29,30,32,34,38,39],
[1,2,3,4,5,6,9,10,13,16,20,22,24,25,26,29,32,34,35,38,39],
[1,2,3,4,5,6,9,13,14,16,21,22,24,25,27,28,29,30,32,34,35],
[1,2,3,4,5,6,9,13,16,18,20,21,22,24,28,29,30,31,32,35,40],
[1,2,3,4,5,6,9,13,16,20,21,22,23,24,28,31,32,34,35,38,40],
[1,2,3,4,5,6,9,13,16,21,22,23,24,25,27,28,29,30,32,34,39],
[1,2,3,4,5,6,9,13,16,21,22,23,24,25,28,29,32,34,35,38,40],
[1,2,3,4,5,8,9,13,14,18,20,21,24,28,29,30,31,32,35,38,39],
[1,2,3,4,5,8,9,13,16,20,21,23,24,26,28,29,31,32,35,38,39],
[1,2,3,4,6,7,8,9,10,11,14,16,20,28,29,30,31,32,34,38,40],
[1,2,3,4,6,7,8,9,10,13,14,16,24,27,29,31,34,35,38,39,40],
[1,2,3,4,6,7,8,9,10,14,16,20,24,27,28,30,31,34,39,40,41],
[1,2,3,4,6,7,8,9,10,16,17,20,28,29,30,31,32,34,38,39,40],
[1,2,3,4,6,7,8,9,11,14,16,20,27,28,29,30,31,32,34,35,40],
[1,2,3,4,6,7,8,9,11,14,16,20,28,29,30,31,32,34,35,38,40],
[1,2,3,4,6,7,8,9,13,14,16,23,24,27,28,31,32,34,35,38,39],
[1,2,3,4,6,7,8,9,14,16,20,23,24,26,29,31,32,35,38,39,40],
[1,2,3,4,6,7,8,9,14,21,24,27,28,30,31,32,34,35,38,39,40],
[1,2,3,4,6,7,8,9,14,21,24,27,29,30,31,32,34,35,38,39,40],
[1,2,3,4,6,8,9,10,11,13,14,16,20,22,24,27,28,29,30,35,40],
[1,2,3,4,6,8,9,10,13,14,16,20,22,23,24,26,27,28,29,35,40],
[1,2,3,4,6,8,9,10,13,14,16,20,22,24,26,28,30,32,34,39,41],
[1,2,3,4,6,8,9,10,13,16,19,20,24,26,28,30,31,34,36,40,41],
[1,2,3,4,6,8,9,11,12,13,14,16,22,27,29,30,31,32,34,35,39],
[1,2,3,4,6,8,9,11,13,14,16,19,20,24,28,29,30,31,32,35,40],
[1,2,3,4,6,8,9,12,13,16,17,21,22,26,29,30,31,32,34,36,39],
[1,2,3,4,6,8,9,12,13,16,17,21,22,27,28,29,30,31,32,34,39],
[1,2,3,6,8,9,12,13,14,21,22,25,26,27,29,32,34,35,36,38,39],
[1,2,3,4,5,6,8,9,10,13,16,20,22,24,27,29,30,31,34,35,36,39],
[1,2,3,4,5,6,8,9,10,13,16,21,22,24,27,28,29,30,31,34,36,39],
[1,2,3,4,5,6,8,9,11,13,16,20,21,22,28,29,30,31,32,34,35,36],
[1,2,3,4,5,6,8,9,11,13,16,20,22,27,28,29,30,31,32,34,35,39],
[1,2,3,4,5,6,8,9,13,14,16,21,22,24,25,27,29,30,32,34,35,39],
[1,2,3,4,5,6,8,9,13,14,21,24,27,28,29,30,31,32,34,35,38,39],
[1,2,3,4,5,6,8,9,13,16,20,21,24,26,29,31,32,34,35,36,38,39],
[1,2,3,4,5,6,8,9,13,18,20,21,24,29,30,31,32,34,35,36,38,39],
[1,2,3,5,6,8,9,13,16,21,24,25,27,29,30,31,32,34,35,36,38,39],
[1,2,3,4,5,6,8,9,10,11,13,14,16,20,22,27,28,29,30,32,34,35,39],
[1,2,3,4,5,6,8,9,10,13,14,16,20,22,23,24,26,28,29,32,35,38,39],
[1,2,3,4,5,6,8,9,10,13,16,20,22,24,25,26,29,30,32,34,35,36,39],
[1,2,3,4,6,8,9,11,12,13,14,16,21,22,27,28,29,30,31,32,34,35,40],
[1,2,3,4,6,8,9,12,16,17,20,21,22,26,29,30,31,32,34,35,36,39,40],
[1,2,3,4,6,8,9,13,14,16,19,20,21,23,24,26,28,29,31,32,35,38,40],
[1,2,3,4,5,6,8,9,10,11,13,16,20,22,24,27,28,29,30,31,34,35,36,40],
[1,2,3,4,5,6,8,9,10,16,17,20,21,22,24,27,28,29,30,31,34,36,39,40],
[1,2,3,4,5,6,8,9,13,14,16,20,21,22,23,24,27,28,29,30,31,32,33,35,39],
[1,2,3,4,5,8,9,13,16,18,20,21,22,24,26,28,29,30,31,32,33,34,35,36,39],
[1,2,6,9,10,12,13,14,15,18,21,22,23,24,25,26,27,34,35,36,37,38,39,40,41],
[1,2,3,4,5,6,7,8,9,10,11,13,14,16,20,24,27,28,29,30,31,32,34,35,38,39],
[1,2,3,4,5,6,7,8,9,16,17,20,21,23,24,27,28,29,30,31,32,34,35,38,39,40],
[1,2,3,4,5,6,8,9,10,13,14,18,20,21,22,24,25,26,29,30,32,34,35,36,38,39],
[1,2,3,4,5,6,8,9,10,11,13,14,15,18,20,21,22,24,27,28,29,30,31,34,35,36,38,39,40],
[1,2,3,4,5,6,8,9,10,13,15,16,17,20,21,22,23,24,26,27,28,29,31,34,35,36,38,39,40],
[1,2,3,4,5,6,7,8,9,10,14,16,17,20,21,22,23,24,25,26,27,28,29,30,32,34,35,37,38,39,40],
[1,2,3,4,5,6,7,9,10,11,13,14,16,18,20,22,23,24,25,27,28,29,30,31,32,34,35,38,39,40,41],
[1,2,3,4,5,6,8,9,10,11,13,14,16,18,19,20,21,22,24,25,26,28,29,30,32,34,35,36,37,38,40],
[1,2,3,4,5,6,7,8,10,11,12,13,14,15,16,17,18,19,20,21,22,23,24,25,26,27,28,29,30,31,32,33,34,35,36,37,38,39,40,41]];
