return [[3,4,19,21,38,39,42,45,59,60,68,85,88,99,103,104,105,106,107,109,110],
[3,4,19,21,38,39,42,45,59,60,68,85,88,99,103,105,106,107,108,109,110],
[3,4,19,21,38,39,42,45,59,60,68,85,88,99,101,105,106,107,108,109,110],
[3,5,19,21,31,38,39,42,45,59,60,68,85,88,99,101,104,105,107,108,110],
[3,4,19,21,31,38,39,42,45,59,60,68,85,88,99,103,105,106,108,109,110],
[3,4,19,21,31,38,39,42,45,59,60,68,88,99,101,103,105,106,107,108,110],
[3,4,19,21,31,38,39,42,45,59,60,68,85,88,99,103,105,106,107,108,110],
[3,4,19,21,31,38,39,42,45,59,60,68,85,88,99,101,104,105,107,108,110],
[3,4,19,21,31,38,39,42,45,59,60,68,85,88,99,101,105,106,107,108,110],
[3,4,19,21,31,38,39,42,45,59,60,68,85,88,101,104,105,106,107,108,110],
[3,4,6,7,9,10,11,12,13,16,19,21,31,32,36,38,39,40,42,43,44,45,46,47,51,53,55,59,60,61,66,68,70,71,80,83,85,88,89,90,91,92,95,97,99,100,101,103,104,105,106,107,108,109,111,112],
[3,4,19,21,31,38,39,42,45,59,60,66,68,85,88,99,101,103,104,105,106,107,110],
[3,4,19,21,31,36,38,39,42,45,52,59,60,68,82,85,88,99,103,104,105,107,108,109,110],
[3,4,19,21,38,39,42,45,59,60,68,85,88,99,101,103,104,106,107,109,110],
[3,4,19,21,38,39,41,42,45,59,60,68,85,88,99,101,104,105,106,107,109,110],
[3,4,19,21,31,38,39,42,45,52,59,60,68,85,99,103,104,105,106,107,109,110],
[3,4,19,21,38,39,41,42,45,59,60,68,88,99,103,104,105,106,107,109,110],
[3,4,5,19,21,31,36,38,39,42,45,52,59,60,65,82,85,88,99,103,104,105,106,107,108,109,110,111,112],
[3,4,19,21,24,38,39,41,42,59,60,68,85,88,99,101,103,104,105,106,107,109,110],
[3,4,5,11,19,21,22,31,36,38,39,41,43,45,51,52,59,60,65,66,68,74,77,82,85,88,99,103,104,105,106,107,108,109,110,111,112],
[3,4,19,38,39,41,42,45,52,59,60,68,85,88,99,103,104,105,106,107,109,110],
[3,4,19,21,31,38,39,42,45,52,59,60,68,85,88,103,105,106,107,108,109,110],
[3,4,19,21,31,38,39,42,45,59,60,68,85,99,103,105,106,107,108,109,110],
[3,4,10,19,21,24,34,38,39,41,42,43,45,53,57,59,60,61,67,68,70,80,82,88,97,99,100,101,103,105,106,107,108,109,110],
[3,4,19,21,38,39,42,43,59,60,68,85,88,99,103,105,106,107,108,109,110],
[3,4,19,38,39,42,45,52,59,60,68,85,88,99,103,105,106,107,108,109,110],
[3,4,19,21,38,39,42,45,59,60,68,85,88,97,99,101,106,107,108,109,110],
[3,4,19,21,24,38,39,42,43,53,59,60,67,68,85,88,97,99,101,105,106,107,108,109,110],
[3,4,19,21,38,39,42,45,59,60,67,68,85,88,99,101,105,106,108,109,110],
[3,4,19,21,38,39,41,45,59,60,67,68,85,88,99,101,105,106,107,108,109,110],
[3,4,21,38,39,42,45,59,60,67,68,85,88,99,101,105,106,107,108,109,110],
[3,4,19,21,39,42,45,59,60,67,68,85,88,99,101,105,106,107,108,109,110],
[4,19,21,38,39,42,45,59,60,67,68,85,88,99,101,105,106,107,108,109,110],
[3,4,19,38,39,41,42,45,59,60,68,85,88,99,101,105,106,107,108,109,110],
[3,19,21,38,39,42,45,59,60,67,68,85,88,99,101,105,106,107,108,109,110],
[3,5,19,21,31,38,39,42,45,59,60,66,68,85,88,99,101,104,105,107,110],
[3,4,5,19,21,31,38,39,42,45,59,60,68,82,85,88,99,101,104,105,108,110],
[3,5,9,19,21,31,38,39,42,45,59,60,68,85,88,99,101,104,107,108,110],
[3,5,19,21,31,38,39,42,45,59,60,68,82,85,88,99,104,105,107,108,110],
[3,4,5,19,21,31,38,39,42,45,59,60,85,88,99,101,104,105,106,107,108,110],
[3,4,5,19,21,31,38,39,42,45,60,68,85,88,99,101,104,105,107,108,110],
[3,5,9,19,21,31,38,39,42,59,60,68,82,85,88,99,101,104,105,107,108,110],
[3,4,5,19,21,31,38,39,41,45,51,59,60,66,68,77,85,88,99,101,104,105,106,107,108,110],
[3,5,19,31,38,39,42,45,52,59,60,68,85,88,99,101,104,105,107,108,110],
[3,4,19,21,31,38,39,42,45,59,60,68,85,88,99,103,106,108,109,110,111],
[3,4,19,21,31,38,39,42,45,59,60,68,82,85,88,99,105,106,108,109,110],
[3,4,19,21,31,38,39,42,45,59,60,68,82,88,99,103,105,106,108,109,110],
[3,4,19,31,38,39,42,45,52,59,60,68,85,88,99,103,105,106,108,109,110,111],
[3,4,10,19,21,31,38,39,42,45,59,60,68,88,99,101,103,105,106,108,110],
[3,4,19,21,31,38,39,42,45,59,60,61,68,88,101,103,105,106,107,108,110],
[3,10,19,21,31,38,39,42,45,59,60,68,88,99,101,103,105,106,107,108,110],
[3,4,9,19,21,31,38,39,42,45,59,60,68,85,88,99,101,104,107,108,110],
[3,4,19,21,31,36,39,42,45,59,60,68,85,88,99,101,104,105,107,108,110],
[3,4,19,21,31,38,39,42,45,59,60,68,77,88,101,104,105,106,107,108,110],
[3,4,5,19,21,31,38,39,42,45,60,68,85,88,101,104,105,106,107,108,110],
[3,4,19,21,31,38,39,42,59,60,68,77,85,88,101,104,105,106,107,108,110],
[3,4,19,21,38,39,42,45,53,59,60,68,85,88,99,101,103,106,107,109,110],
[3,4,19,21,24,38,39,42,45,59,60,68,85,88,101,103,104,106,107,109,110],
[3,4,19,21,31,38,39,42,59,60,65,68,85,99,103,105,106,107,108,109,110],
[3,4,19,31,38,39,42,45,52,59,60,68,85,99,103,105,106,107,108,109,110],
[4,19,21,31,38,39,42,45,52,59,60,68,85,99,103,105,106,107,108,109,110],
[3,4,19,21,38,39,42,43,53,59,60,68,85,88,99,103,105,106,107,109,110],
[3,4,19,21,38,39,42,43,59,60,68,82,85,88,103,105,106,107,108,109,110],
[3,4,19,38,39,42,43,53,59,60,68,85,88,99,103,105,106,107,108,109,110],
[3,4,19,38,39,41,42,45,52,59,60,68,85,88,99,105,106,107,108,109,110],
[3,4,19,21,38,39,42,45,59,60,67,68,85,88,97,99,101,106,108,109,110],
[4,19,21,38,39,42,45,59,60,67,68,85,88,97,99,101,106,107,108,109,110],
[3,4,21,38,39,41,42,45,59,60,67,68,85,88,99,101,105,106,107,109,110],
[3,4,5,21,38,39,41,42,45,60,67,68,85,88,99,101,105,106,107,108,109,110],
[3,4,21,38,41,42,45,59,60,67,68,85,88,99,101,105,106,107,108,109,110],
[3,4,38,39,41,42,45,59,60,67,68,85,88,99,101,105,106,107,108,109,110],
[3,4,19,21,39,42,45,53,60,67,68,85,88,99,101,105,106,107,108,109,110],
[3,4,19,39,42,45,53,59,60,67,68,85,88,99,101,105,106,107,108,109,110],
[4,19,21,38,39,42,45,53,59,60,61,66,67,68,85,88,99,101,105,106,107,108,110],
[4,19,21,38,39,42,45,53,60,67,68,85,88,99,101,105,106,107,108,109,110],
[3,4,19,38,39,41,42,53,59,60,68,85,88,99,101,105,106,107,108,109,110],
[3,4,19,39,41,42,45,53,59,60,68,85,88,99,101,105,106,107,108,109,110],
[3,5,19,21,38,39,42,45,60,67,68,85,88,99,101,105,106,107,108,109,110],
[3,5,16,19,31,38,39,42,45,52,59,60,66,68,85,88,99,101,104,105,107,110],
[3,5,9,19,21,31,36,38,39,42,45,60,68,85,88,99,101,104,107,108,110],
[3,5,19,21,31,38,39,42,45,52,59,60,68,82,85,88,104,105,107,108,110],
[3,5,19,31,38,39,42,45,52,59,60,68,82,85,88,99,104,105,107,108,110],
[3,5,16,19,31,38,39,42,45,52,59,60,68,85,88,99,101,104,105,107,108],
[3,5,16,19,31,38,39,42,45,52,59,60,68,85,88,99,101,105,107,108,110],
[3,5,16,31,38,39,42,45,52,59,60,68,85,88,99,101,104,105,107,108,110],
[3,5,19,38,39,41,42,45,52,59,60,68,85,88,99,101,104,105,107,108,110],
[3,4,19,21,31,38,39,42,45,59,68,85,88,97,99,103,106,108,109,110,111],
[3,4,10,19,31,38,39,42,45,53,59,60,68,88,99,101,103,105,106,108,110],
[3,4,19,31,38,39,42,52,59,60,65,68,85,99,103,105,106,107,108,109,110],
[3,4,19,38,39,41,43,53,59,60,68,85,88,99,103,105,106,107,108,109,110],
[3,4,19,38,39,41,42,45,52,59,60,68,85,88,99,104,105,107,108,109,110],
[3,4,21,38,39,41,42,45,59,60,67,68,85,88,99,101,104,105,106,107,109],
[3,4,21,24,38,39,41,42,59,60,67,68,85,88,99,101,105,106,107,109,110],
[3,4,38,39,41,42,53,59,60,67,68,85,88,99,101,105,106,107,108,109,110],
[3,4,39,41,42,45,53,59,60,67,68,85,88,99,101,105,106,107,108,109,110],
[3,4,19,24,38,39,41,42,53,59,60,68,85,88,101,105,106,107,108,109,110],
[3,4,19,24,38,39,41,42,53,59,60,85,88,99,101,105,106,107,108,109,110],
[3,4,19,24,38,39,41,43,53,59,60,67,68,85,88,99,101,105,106,107,108,109,110],
[3,4,19,21,24,38,39,41,59,60,67,68,85,88,99,101,105,106,107,109,110],
[3,4,24,38,39,41,42,53,59,60,67,85,88,99,101,105,106,107,108,109,110],
[3,4,24,38,39,41,42,53,59,60,67,68,85,88,101,105,106,107,108,109,110],
[3,4,19,24,38,39,41,42,52,53,59,60,68,85,88,95,101,105,106,107,108,110],
[3,4,19,24,38,39,41,43,53,59,60,68,85,88,95,101,105,106,107,108,110],
[4,7,19,23,24,25,38,39,41,43,52,53,59,60,61,66,67,68,75,77,85,88,95,101,102,105,106,107,108,110],
[3,4,19,24,39,41,43,53,59,60,68,77,85,88,95,101,105,106,107,108,110],
[3,19,24,39,41,43,53,59,60,68,75,77,85,88,95,101,105,106,107,108,110]];
