return [[1,2,3,4,5,6,7,8,9,10,11,12,14,16,22,25,26,27,29,32],
[1,2,3,4,5,6,7,8,9,10,11,12,16,20,21,22,25,26,29,32],
[1,2,3,4,5,6,7,8,9,10,11,12,20,21,22,24,25,26,29,32],
[1,2,3,4,5,6,7,8,9,10,11,14,16,22,24,25,26,27,29,32],
[1,2,3,4,5,6,7,8,9,10,12,13,14,15,16,18,20,22,26,27],
[1,2,3,4,5,6,7,8,9,10,12,13,14,16,17,18,20,22,25,26],
[1,2,3,4,5,6,7,8,9,10,12,13,14,16,17,18,22,25,26,27],
[1,2,3,4,5,6,7,8,9,10,12,13,14,16,18,20,22,25,26,27],
[1,2,3,4,5,6,7,8,9,10,12,13,15,16,18,20,22,26,27,31],
[1,2,3,4,5,6,7,8,9,10,12,13,16,17,18,20,21,22,25,26],
[1,2,3,4,5,6,7,8,9,10,12,13,16,18,20,21,22,25,26,29],
[1,2,3,4,5,6,7,8,9,10,12,14,15,18,22,23,24,26,27,31],
[1,2,3,4,5,6,7,8,9,10,12,14,15,22,23,24,26,27,29,31],
[1,2,3,4,5,6,7,8,9,10,12,14,16,20,21,22,25,26,29,32],
[1,2,3,4,5,6,7,8,9,10,12,14,17,18,22,23,24,25,26,29],
[1,2,3,4,5,6,7,8,9,10,12,14,17,21,22,23,24,25,26,29],
[1,2,3,4,5,6,7,8,9,10,12,14,18,22,23,24,25,26,27,29],
[1,2,3,4,5,6,7,8,9,10,12,14,18,22,23,24,26,27,29,31],
[1,2,3,4,5,6,7,8,9,10,12,17,18,21,22,23,24,25,26,29],
[1,2,3,4,5,6,7,8,9,10,13,14,16,17,18,22,24,25,26,27],
[1,2,3,4,5,6,7,8,9,11,12,13,15,19,20,21,22,26,28,32],
[1,2,3,4,5,6,7,8,9,11,12,13,15,19,20,22,26,27,28,32],
[1,2,3,4,5,6,7,8,9,11,12,13,15,19,22,26,27,28,30,32],
[1,2,3,4,5,6,7,8,9,11,12,13,16,19,22,25,26,27,28,30],
[1,2,3,4,5,6,7,8,9,11,12,13,16,19,22,26,27,28,30,32],
[1,2,3,4,5,6,7,8,9,11,12,13,16,20,21,22,25,26,27,28],
[1,2,3,4,5,6,7,8,9,11,12,13,16,20,21,22,25,26,28,32],
[1,2,3,4,5,6,7,8,9,11,12,13,19,20,21,22,25,26,28,32],
[1,2,3,4,5,6,7,8,9,11,12,14,15,19,22,23,24,25,26,27],
[1,2,3,4,5,6,7,8,9,11,12,14,15,19,22,23,24,25,26,32],
[1,2,3,4,5,6,7,8,9,11,12,14,19,22,23,24,25,26,27,29],
[1,2,3,4,5,6,7,8,9,11,12,14,19,22,23,25,26,28,29,32],
[1,2,3,4,5,6,7,8,9,11,12,14,19,22,24,25,26,27,29,30],
[1,2,3,4,5,6,7,8,9,11,12,15,19,20,21,22,23,26,28,32],
[1,2,3,4,5,6,7,8,9,11,12,15,19,20,22,23,25,26,28,32],
[1,2,3,4,5,6,7,8,9,11,12,15,19,20,22,25,26,27,28,32],
[1,2,3,4,5,6,7,8,9,11,12,15,20,21,22,23,24,26,28,32],
[1,2,3,4,5,6,7,8,9,11,12,16,20,21,22,25,26,28,29,32],
[1,2,3,4,5,6,7,8,9,11,12,19,20,21,22,23,25,26,28,32],
[1,2,3,4,5,6,7,8,9,11,12,19,21,22,23,25,26,28,29,32],
[1,2,3,4,5,6,7,8,9,11,12,20,21,22,23,24,26,28,29,32],
[1,2,3,4,5,6,7,8,9,11,12,20,21,22,23,25,26,28,29,32],
[1,2,3,4,5,6,7,8,9,11,13,15,19,22,24,26,27,28,30,32],
[1,2,3,4,5,6,7,8,9,11,13,16,21,22,24,25,26,27,29,30],
[1,2,3,4,5,6,7,8,9,11,13,16,21,22,24,25,26,29,30,32],
[1,2,3,4,5,6,7,8,9,11,13,16,22,24,25,26,27,29,30,32],
[1,2,3,4,5,6,7,8,9,11,13,22,24,25,26,27,28,29,30,32],
[1,2,3,4,5,6,7,8,9,11,14,15,19,22,23,24,25,26,27,32],
[1,2,3,4,5,6,7,8,9,11,14,16,22,24,25,26,27,29,30,32],
[1,2,3,4,5,6,7,8,9,12,13,14,15,16,19,20,22,23,26,32],
[1,2,3,4,5,6,7,8,9,12,13,14,15,17,19,20,22,23,25,26],
[1,2,3,4,5,6,7,8,9,12,13,14,15,17,19,20,22,23,26,32],
[1,2,3,4,5,6,7,8,9,12,13,14,15,17,19,22,23,25,26,27],
[1,2,3,4,5,6,7,8,9,12,13,14,15,17,19,22,23,26,30,32],
[1,2,3,4,5,6,7,8,9,12,13,14,16,17,18,19,22,23,25,26],
[1,2,3,4,5,6,7,8,9,12,13,14,16,17,18,20,22,23,25,26],
[1,2,3,4,5,6,7,8,9,12,13,14,17,18,19,22,23,25,26,27],
[1,2,3,4,5,6,7,8,9,12,13,15,16,18,20,22,26,27,28,31],
[1,2,3,4,5,6,7,8,9,12,13,15,16,19,20,22,23,26,28,32],
[1,2,3,4,5,6,7,8,9,12,13,15,16,19,20,22,26,27,28,32],
[1,2,3,4,5,6,7,8,9,12,13,15,16,20,22,23,26,28,31,32],
[1,2,3,4,5,6,7,8,9,12,13,15,17,19,20,21,22,23,26,32],
[1,2,3,4,5,6,7,8,9,12,13,15,19,20,21,22,23,26,28,32],
[1,2,3,4,5,6,7,8,9,12,13,15,19,22,23,24,26,27,28,31],
[1,2,3,4,5,6,7,8,9,12,13,15,20,21,22,23,26,28,31,32],
[1,2,3,4,5,6,7,8,9,12,13,15,20,22,23,24,26,27,28,31],
[1,2,3,4,5,6,7,8,9,12,13,16,17,18,20,21,22,23,25,26],
[1,2,3,4,5,6,7,8,9,12,13,16,17,20,21,22,23,25,26,32],
[1,2,3,4,5,6,7,8,9,12,13,16,18,19,22,25,26,27,28,30],
[1,2,3,4,5,6,7,8,9,12,13,16,18,22,25,26,27,28,29,30],
[1,2,3,4,5,6,7,8,9,12,13,16,18,22,26,27,28,29,30,31],
[1,2,3,4,5,6,7,8,9,12,13,16,19,20,22,23,25,26,28,32],
[1,2,3,4,5,6,7,8,9,12,13,16,20,21,22,23,25,26,28,32],
[1,2,3,4,5,6,7,8,9,12,13,16,20,21,22,23,26,28,29,32],
[1,2,3,4,5,6,7,8,9,12,13,16,20,22,23,26,28,29,31,32],
[1,2,3,4,5,6,7,8,9,12,13,17,19,20,21,22,23,25,26,32],
[1,2,3,4,5,6,7,8,9,12,13,19,20,21,22,23,25,26,28,32],
[1,2,3,4,5,6,7,8,9,12,13,20,21,22,23,26,28,29,31,32],
[1,2,3,4,5,6,7,8,9,12,13,21,22,23,26,28,29,30,31,32],
[1,2,3,4,5,6,7,8,9,12,14,15,16,19,20,22,23,26,28,32],
[1,2,3,4,5,6,7,8,9,12,14,15,16,20,22,23,26,28,29,32],
[1,2,3,4,5,6,7,8,9,12,14,15,16,22,23,26,28,29,31,32],
[1,2,3,4,5,6,7,8,9,12,14,15,17,19,22,23,24,26,30,32],
[1,2,3,4,5,6,7,8,9,12,14,15,18,19,22,23,26,27,28,31],
[1,2,3,4,5,6,7,8,9,12,14,15,19,20,22,23,25,26,28,32],
[1,2,3,4,5,6,7,8,9,12,14,16,17,20,21,22,23,25,26,32],
[1,2,3,4,5,6,7,8,9,12,14,16,17,21,22,25,26,29,30,32],
[1,2,3,4,5,6,7,8,9,12,14,16,18,19,22,23,25,26,28,29],
[1,2,3,4,5,6,7,8,9,12,14,16,19,20,22,23,25,26,28,32],
[1,2,3,4,5,6,7,8,9,12,14,16,20,22,23,25,26,28,29,32],
[1,2,3,4,5,6,7,8,9,12,15,16,20,22,23,26,28,29,31,32],
[1,2,3,4,5,6,7,8,9,12,16,20,21,22,23,25,26,28,29,32],
[1,2,3,4,5,6,7,8,9,13,14,15,16,22,24,26,27,30,31,32],
[1,2,3,4,5,6,7,8,9,13,14,15,17,19,20,22,23,25,26,32],
[1,2,3,4,5,6,7,8,9,13,14,15,17,19,22,23,24,26,30,32],
[1,2,3,4,5,6,7,8,9,13,14,15,18,19,22,23,26,27,28,31],
[1,2,3,4,5,6,7,8,9,13,14,15,19,22,23,24,26,27,31,32],
[1,2,3,4,5,6,7,8,9,13,14,15,19,22,23,24,26,30,31,32],
[1,2,3,4,5,6,7,8,9,13,14,15,19,22,23,26,27,28,31,32],
[1,2,3,4,5,6,7,8,9,13,14,15,19,22,24,26,27,30,31,32],
[1,2,3,4,5,6,7,8,9,13,14,15,19,22,26,27,28,30,31,32],
[1,2,3,4,5,6,7,8,9,13,14,16,17,18,19,22,23,25,26,32],
[1,2,3,4,5,6,7,8,9,13,14,16,17,18,19,22,25,26,30,32],
[1,2,3,4,5,6,7,8,9,13,14,16,18,19,22,23,25,26,28,32],
[1,2,3,4,5,6,7,8,9,13,14,17,18,19,22,23,25,26,30,32],
[1,2,3,4,5,6,7,8,9,13,15,19,22,23,24,26,27,28,31,32],
[1,2,3,4,5,6,7,8,9,13,15,19,22,24,26,27,28,30,31,32],
[1,2,3,4,5,6,7,8,9,13,16,20,21,22,23,25,26,28,29,32],
[1,2,3,4,5,6,7,8,9,13,20,21,22,23,24,26,28,29,31,32],
[1,2,3,4,5,6,7,8,9,13,21,22,23,24,26,28,29,30,31,32],
[1,2,3,4,5,6,7,8,10,12,13,14,15,18,20,22,24,26,27,31],
[1,2,3,4,5,6,7,8,10,12,14,15,18,20,22,23,24,26,27,31],
[1,2,3,4,5,6,7,8,10,12,14,15,20,22,23,24,26,27,29,31],
[1,2,3,4,5,6,7,8,11,12,13,14,15,19,20,22,24,26,27,31],
[1,2,3,4,5,6,7,8,11,12,13,14,19,20,22,25,26,27,28,31],
[1,2,3,4,5,6,7,8,11,12,13,15,19,20,21,22,23,26,28,32],
[1,2,3,4,5,6,7,8,11,12,13,15,19,20,22,23,24,26,27,31],
[1,2,3,4,5,6,7,8,11,12,13,15,19,20,22,23,26,27,28,31],
[1,2,3,4,5,6,7,8,11,12,13,15,19,20,22,23,26,28,31,32],
[1,2,3,4,5,6,7,8,11,12,13,15,19,22,23,24,26,27,28,31],
[1,2,3,4,5,6,7,8,11,12,13,15,20,22,23,24,26,27,28,31],
[1,2,3,4,5,6,7,8,11,12,13,19,20,22,23,25,26,27,28,31],
[1,2,3,4,5,6,7,8,11,12,14,15,19,20,22,23,24,25,26,27],
[1,2,3,4,5,6,7,8,11,12,14,15,19,20,22,23,24,25,26,32],
[1,2,3,4,5,6,7,8,11,12,14,15,19,20,22,23,24,26,27,31],
[1,2,3,4,5,6,7,8,11,12,14,15,19,20,22,23,25,26,28,32],
[1,2,3,4,5,6,7,8,11,12,14,15,19,20,22,23,26,27,28,31],
[1,2,3,4,5,6,7,8,11,12,14,15,19,20,22,23,26,28,31,32],
[1,2,3,4,5,6,7,8,11,12,14,17,19,20,21,22,23,24,25,26],
[1,2,3,4,5,6,7,8,11,12,14,17,20,21,22,23,24,25,26,31],
[1,2,3,4,5,6,7,8,11,12,14,19,20,21,22,23,24,25,26,32],
[1,2,3,4,5,6,7,8,11,12,14,19,20,22,23,25,26,27,28,31],
[1,2,3,4,5,6,7,8,11,12,14,20,21,22,23,24,25,26,29,31],
[1,2,3,4,5,6,7,8,11,12,15,20,21,22,23,24,26,28,31,32],
[1,2,3,4,5,6,7,8,11,12,15,20,22,23,24,26,28,29,31,32],
[1,2,3,4,5,6,7,8,11,12,20,21,22,23,24,25,26,28,29,31],
[1,2,3,4,5,6,7,8,11,12,20,21,22,23,24,26,28,29,31,32],
[1,2,3,4,5,6,7,8,11,13,14,15,20,22,24,26,27,30,31,32],
[1,2,3,4,5,6,7,8,11,13,14,16,19,20,22,25,26,27,28,32],
[1,2,3,4,5,6,7,8,11,13,14,17,19,22,23,24,25,26,30,31],
[1,2,3,4,5,6,7,8,11,13,14,17,19,22,24,25,26,27,30,31],
[1,2,3,4,5,6,7,8,11,13,14,20,21,22,23,24,25,26,31,32],
[1,2,3,4,5,6,7,8,11,13,15,19,22,24,26,27,28,30,31,32],
[1,2,3,4,5,6,7,8,11,13,17,19,21,22,23,24,25,26,30,32],
[1,2,3,4,5,6,7,8,11,13,19,22,24,25,26,27,28,30,31,32],
[1,2,3,4,5,6,7,8,11,13,21,22,23,24,26,28,29,30,31,32],
[1,2,3,4,5,6,7,8,12,13,14,15,16,18,20,22,23,26,28,31],
[1,2,3,4,5,6,7,8,12,13,14,15,16,20,22,23,26,28,31,32],
[1,2,3,4,5,6,7,8,12,13,14,15,18,19,22,23,26,27,28,31],
[1,2,3,4,5,6,7,8,12,13,14,15,18,20,22,23,24,26,27,31],
[1,2,3,4,5,6,7,8,12,13,14,15,18,20,22,23,26,27,28,31],
[1,2,3,4,5,6,7,8,12,13,14,17,18,19,22,23,25,26,27,31],
[1,2,3,4,5,6,7,8,12,13,17,18,20,21,22,23,24,25,26,31],
[1,2,3,4,5,6,7,8,12,14,18,19,22,23,25,26,27,28,29,31],
[1,2,3,4,5,6,7,8,12,14,18,20,22,23,25,26,27,28,29,31],
[1,2,3,4,5,6,7,8,13,14,16,18,22,25,26,27,28,29,30,31],
[1,2,3,4,5,6,7,8,13,14,17,18,19,22,23,24,25,26,27,31],
[1,2,3,4,5,6,7,8,13,14,17,18,19,22,23,24,25,26,30,31],
[1,2,3,4,5,6,7,8,13,14,17,18,22,23,24,25,26,29,30,31],
[1,2,3,4,5,6,7,9,10,11,12,16,20,21,22,25,26,28,29,32],
[1,2,3,4,5,6,7,9,10,12,13,15,16,18,20,22,26,27,28,31],
[1,2,3,4,5,6,7,9,10,12,14,15,18,20,22,23,25,26,27,28],
[1,2,3,4,5,6,7,9,10,12,14,15,18,22,23,25,26,27,28,29],
[1,2,3,4,5,6,7,9,10,12,14,16,17,18,21,22,25,26,29,30],
[1,2,3,4,5,6,7,9,10,12,15,18,22,23,24,26,27,28,29,31],
[1,2,3,4,5,6,7,9,11,12,13,16,19,21,22,25,26,27,28,30],
[1,2,3,4,5,6,7,9,11,12,14,15,19,21,22,23,25,26,28,32],
[1,2,3,4,5,6,7,9,12,13,15,16,18,19,21,22,26,28,30,32],
[1,2,3,4,5,6,7,9,12,14,16,18,19,22,25,26,28,29,30,32],
[1,2,3,4,5,6,7,9,13,14,15,16,18,19,22,23,25,26,28,32],
[1,2,3,4,5,6,7,9,14,15,16,18,22,26,27,28,29,30,31,32],
[1,2,3,4,5,6,7,10,11,12,14,16,20,21,22,25,26,28,29,32],
[1,2,3,4,5,6,7,10,12,13,15,16,18,20,21,22,26,27,30,31],
[1,2,3,4,5,6,7,10,12,14,15,17,18,20,21,22,23,24,25,26],
[1,2,3,4,5,6,7,11,12,13,14,17,18,19,21,22,25,26,27,30],
[1,2,3,4,5,6,7,11,12,13,14,18,19,20,22,25,26,27,28,31],
[1,2,3,4,5,6,7,11,12,13,15,18,19,21,22,26,27,28,30,31],
[1,2,3,4,5,6,7,11,12,14,15,19,20,21,22,23,25,26,28,32],
[1,2,3,4,5,6,7,11,13,14,17,18,19,21,22,24,25,26,27,30],
[1,2,3,4,5,6,7,12,13,14,15,16,18,20,22,23,26,28,31,32],
[1,2,3,4,5,6,7,12,13,15,16,18,20,21,22,26,27,28,30,31],
[1,2,3,4,5,6,7,12,13,15,16,18,20,21,22,26,28,30,31,32],
[1,2,3,4,5,6,7,12,14,15,18,20,21,22,23,26,28,29,31,32],
[1,2,3,4,5,6,7,13,14,15,16,18,19,20,22,23,25,26,28,32],
[1,2,3,4,5,6,7,13,14,15,18,19,20,21,22,23,25,26,28,32],
[1,2,3,4,5,6,7,13,15,18,20,21,22,23,24,25,26,28,31,32],
[1,2,3,4,5,6,8,9,13,14,15,16,19,22,24,26,27,30,31,32],
[1,2,3,4,5,6,9,12,13,15,16,18,19,21,22,26,27,28,30,31],
[1,2,3,4,5,6,9,12,13,16,18,21,22,23,26,28,29,30,31,32],
[1,2,3,4,5,7,8,10,11,13,16,20,22,24,25,26,27,29,31,32],
[1,2,3,4,6,7,8,13,14,17,18,20,22,23,24,25,26,27,29,31],
[1,2,3,4,6,7,11,12,13,14,17,18,19,20,21,22,25,26,27,30],
[1,2,3,5,6,7,8,9,10,12,14,16,18,22,25,26,27,28,29,30],
[1,2,3,4,5,6,7,8,9,10,11,12,14,16,22,24,25,26,27,29,30],
[1,2,3,4,5,6,7,8,9,10,11,12,14,16,22,24,26,27,29,30,32],
[1,2,3,4,5,6,7,8,9,10,11,12,16,20,21,22,25,26,27,28,29],
[1,2,3,4,5,6,7,8,9,10,11,12,16,21,22,24,25,26,27,29,30],
[1,2,3,4,5,6,7,8,9,10,11,12,20,21,22,24,25,26,27,28,29],
[1,2,3,4,5,6,7,8,9,10,12,13,14,16,17,18,22,24,26,27,30],
[1,2,3,4,5,6,7,8,9,10,12,13,15,18,20,22,23,24,26,27,31],
[1,2,3,4,5,6,7,8,9,10,12,14,20,21,22,23,24,25,26,29,32],
[1,2,3,4,5,6,7,8,9,10,12,15,20,22,23,24,26,27,28,29,31],
[1,2,3,4,5,6,7,8,9,11,12,13,15,19,22,24,26,27,28,30,31],
[1,2,3,4,5,6,7,8,9,11,12,13,16,19,20,22,25,26,27,28,32],
[1,2,3,4,5,6,7,8,9,11,12,13,16,21,22,25,26,27,28,29,30],
[1,2,3,4,5,6,7,8,9,12,13,14,16,17,18,19,22,25,26,27,30],
[1,2,3,4,5,6,7,8,9,12,13,14,16,17,19,20,22,23,25,26,32],
[1,2,3,4,5,6,7,8,9,12,13,15,17,19,21,22,23,24,26,30,32],
[1,2,3,4,5,6,7,8,9,12,13,16,18,20,21,22,23,25,26,28,29],
[1,2,3,4,5,6,7,8,9,12,14,16,18,19,22,25,26,27,28,29,30],
[1,2,3,4,5,6,7,8,9,12,15,20,21,22,23,24,26,28,29,31,32],
[1,2,3,4,5,6,7,8,9,13,14,15,16,19,20,22,23,25,26,28,32],
[1,2,3,4,5,6,7,8,10,12,14,17,18,20,21,22,23,24,25,26,29],
[1,2,3,4,5,6,7,8,10,12,14,18,20,22,23,24,25,26,27,29,31],
[1,2,3,4,5,6,7,8,11,12,13,20,21,22,23,24,25,26,27,28,31],
[1,2,3,4,5,6,7,8,11,12,14,15,20,22,23,24,26,27,28,29,31],
[1,2,3,4,5,6,7,8,11,13,19,22,23,24,25,26,28,29,30,31,32],
[1,2,3,4,5,6,7,8,11,13,20,21,22,23,24,25,26,28,29,31,32],
[1,2,3,4,5,6,7,8,12,13,14,17,18,20,22,23,24,25,26,27,31],
[1,2,3,4,5,6,7,8,12,13,14,18,19,20,22,23,25,26,27,28,31],
[1,2,3,4,5,6,7,8,12,14,17,18,20,21,22,23,24,25,26,29,31],
[1,2,3,4,5,6,7,8,13,14,17,18,20,21,22,23,24,25,26,29,31],
[1,2,3,4,5,6,7,9,11,12,13,15,16,19,21,22,26,27,28,30,32],
[1,2,3,4,5,6,7,9,12,13,15,16,18,19,21,22,25,26,27,28,30],
[1,2,3,4,5,6,7,10,12,13,14,15,17,18,20,21,22,24,25,26,27],
[1,2,3,4,5,6,7,8,9,10,11,12,14,16,21,22,24,25,26,29,30,32],
[1,2,3,4,5,6,7,8,9,10,12,14,16,17,18,20,21,22,23,25,26,29],
[1,2,3,4,5,6,7,8,9,10,12,14,16,17,18,22,24,25,26,27,29,30],
[1,2,3,4,5,6,7,8,9,11,12,14,16,19,22,25,26,27,28,29,30,32],
[1,2,3,4,5,6,7,8,9,11,13,19,21,22,23,24,25,26,28,29,30,32],
[1,2,3,4,5,6,9,12,14,15,16,18,19,21,22,23,26,28,29,30,31,32],
[1,2,3,4,5,6,7,8,9,10,11,13,16,20,21,22,24,25,26,27,28,29,32],
[1,2,3,4,5,6,7,8,9,10,12,13,16,17,18,21,22,24,25,26,27,29,30],
[1,2,3,4,5,6,7,8,9,11,12,13,15,19,21,22,23,24,26,28,30,31,32],
[1,2,3,4,5,6,7,8,9,11,12,14,17,19,21,22,23,24,25,26,29,30,32],
[1,2,3,4,5,6,7,8,11,13,14,15,19,20,22,23,24,25,26,27,28,31,32],
[1,2,3,4,5,6,7,8,9,10,11,12,14,15,20,22,23,24,25,26,27,28,29,32],
[1,2,3,4,5,6,7,8,9,11,12,14,15,19,22,23,24,26,27,28,29,30,31,32],
[1,2,3,4,5,6,7,8,11,12,13,14,15,17,19,20,21,22,23,24,26,30,31,32],
[1,2,3,4,5,6,7,8,9,10,11,12,13,15,16,20,21,22,24,26,27,28,29,30,31,32],
[1,2,3,4,5,6,7,8,9,10,13,14,15,16,18,20,22,23,24,25,26,27,28,29,31,32],
[1,2,3,4,5,6,7,10,11,13,14,15,16,18,20,21,22,24,25,26,27,28,29,30,31,32],
[1,2,3,4,5,6,7,8,9,10,11,12,13,14,15,16,17,19,20,21,22,24,25,26,27,30,32],
[1,2,3,4,5,6,7,8,9,10,11,12,13,14,15,16,17,18,19,20,21,22,23,24,25,27,28,29,30,31,32],
[1,2,3,4,5,6,7,8,9,10,11,12,13,14,15,16,17,18,19,20,21,23,24,25,26,27,28,29,30,31,32]];
