return [[1,2,3,4,5,6,7,8,12,20,21,25,27,28,29,32,34,35,37,41],
[1,2,3,4,5,6,7,8,12,20,21,25,27,28,32,34,35,37,38,41],
[1,2,3,4,5,6,7,8,12,20,21,25,27,29,32,34,35,38,39,40],
[1,2,3,4,5,6,7,8,12,20,21,25,27,29,32,34,37,38,39,40],
[1,2,3,4,5,6,7,8,12,20,21,25,27,32,34,35,37,38,39,40],
[1,2,3,4,5,6,7,8,12,20,21,25,27,32,34,35,37,38,39,41],
[1,2,3,4,5,6,7,8,12,20,21,25,28,29,32,34,35,37,38,39],
[1,2,3,4,5,6,7,8,12,20,21,25,28,29,32,34,35,37,39,41],
[1,2,3,4,5,6,7,8,12,20,21,25,28,32,34,35,37,38,39,41],
[1,2,3,4,5,6,7,8,12,20,21,25,29,32,34,35,37,38,39,40],
[1,2,3,4,5,6,7,8,12,20,21,27,28,29,32,34,35,37,38,41],
[1,2,3,4,5,6,7,8,12,20,21,28,29,32,34,35,37,38,39,41],
[1,2,3,4,5,6,7,12,20,21,25,27,29,32,34,35,38,39,40,41],
[1,2,3,4,5,6,7,12,20,21,25,27,29,32,34,37,38,39,40,41],
[1,2,3,4,5,6,7,12,20,21,25,27,32,34,35,37,38,39,40,41],
[1,2,3,4,5,6,7,12,20,21,25,28,29,32,34,35,37,38,39,41],
[1,2,3,4,5,6,7,12,20,21,25,29,32,34,35,37,38,39,40,41],
[1,2,3,4,5,6,7,12,20,25,27,29,32,34,35,37,38,39,40,41],
[1,2,3,4,5,6,8,12,18,20,21,22,24,25,27,29,32,37,39,40],
[1,2,3,4,5,6,8,12,18,20,21,22,24,25,27,29,34,37,39,40],
[1,2,3,4,5,6,8,12,18,20,21,22,25,27,29,32,34,37,38,39],
[1,2,3,4,5,6,8,12,18,20,21,22,25,27,29,32,34,37,39,40],
[1,2,3,4,5,6,8,12,18,20,21,24,25,27,32,34,35,37,38,39],
[1,2,3,4,5,6,8,12,18,20,21,25,27,28,29,32,34,35,38,39],
[1,2,3,4,5,6,8,12,18,20,21,25,27,28,29,32,34,35,39,41],
[1,2,3,4,5,6,8,12,18,20,21,25,28,29,32,34,35,37,39,41],
[1,2,3,4,5,6,8,12,18,20,22,24,25,27,32,34,35,37,38,39],
[1,2,3,4,5,6,8,12,18,21,22,24,25,27,29,32,34,37,39,40],
[1,2,3,4,5,6,8,12,18,21,22,24,25,27,32,34,35,37,38,39],
[1,2,3,4,5,6,8,12,20,21,22,25,27,29,32,34,37,38,39,40],
[1,2,3,4,5,6,8,12,20,21,24,25,27,32,34,35,37,38,39,40],
[1,2,3,4,5,6,8,12,20,22,24,25,27,32,34,35,37,38,39,40],
[1,2,3,4,5,6,8,12,21,22,24,25,27,29,32,34,35,37,39,40],
[1,2,3,4,5,6,8,12,21,22,24,25,27,32,34,35,37,38,39,40],
[1,2,3,4,5,6,8,18,20,21,22,25,27,28,29,32,34,35,38,39],
[1,2,3,4,5,6,8,18,20,21,22,25,27,28,29,32,34,37,38,39],
[1,2,3,4,5,6,8,20,21,22,24,25,27,32,34,35,37,38,39,40],
[1,2,3,4,5,6,12,13,18,20,21,24,25,27,29,31,34,35,38,41],
[1,2,3,4,5,6,12,13,18,20,21,24,25,27,29,32,35,38,39,40],
[1,2,3,4,5,6,12,13,18,20,21,24,25,27,29,34,35,38,39,40],
[1,2,3,4,5,6,12,13,18,20,21,24,25,27,29,34,35,38,39,41],
[1,2,3,4,5,6,12,13,18,20,21,25,27,29,32,34,37,38,40,41],
[1,2,3,4,5,6,12,13,18,20,21,25,27,29,32,37,38,39,40,41],
[1,2,3,4,5,6,12,13,18,20,21,25,29,32,34,37,38,39,40,41],
[1,2,3,4,5,6,12,13,18,20,22,24,25,27,29,32,35,38,39,40],
[1,2,3,4,5,6,12,13,18,20,22,24,25,27,32,35,37,38,39,40],
[1,2,3,4,5,6,12,13,18,20,25,27,29,32,34,35,37,38,40,41],
[1,2,3,4,5,6,12,13,18,20,25,29,32,34,35,37,38,39,40,41],
[1,2,3,4,5,6,12,13,20,21,24,25,27,29,31,34,35,37,40,41],
[1,2,3,4,5,6,12,13,20,21,24,25,27,31,34,35,37,38,40,41],
[1,2,3,4,5,6,12,13,20,21,24,25,27,31,35,37,38,39,40,41],
[1,2,3,4,5,6,12,13,20,21,24,25,29,31,34,35,37,38,39,40],
[1,2,3,4,5,6,12,13,20,21,24,25,29,31,34,35,37,39,40,41],
[1,2,3,4,5,6,12,13,20,21,24,25,31,34,35,37,38,39,40,41],
[1,2,3,4,5,6,12,13,20,21,25,29,31,34,35,37,38,39,40,41],
[1,2,3,4,5,6,12,13,20,21,25,29,32,34,35,37,38,39,40,41],
[1,2,3,4,5,6,12,18,20,21,22,24,25,27,29,34,37,38,39,40],
[1,2,3,4,5,6,12,18,20,21,22,25,27,29,32,34,37,38,39,40],
[1,2,3,4,5,6,12,18,20,21,25,27,28,29,32,34,35,38,39,41],
[1,2,3,4,5,6,12,18,20,21,25,27,29,32,34,37,38,39,40,41],
[1,2,3,4,5,6,12,18,20,22,24,25,27,32,34,35,37,38,39,40],
[1,2,3,4,5,6,12,20,21,24,25,27,31,34,35,37,38,39,40,41],
[1,2,3,4,5,6,13,18,20,21,22,24,25,27,29,31,37,38,39,40],
[1,2,3,4,5,6,13,18,20,21,22,24,25,27,29,32,35,38,39,40],
[1,2,3,4,5,6,13,18,20,21,22,24,25,29,31,34,37,38,39,40],
[1,2,3,4,5,6,13,18,20,21,24,25,27,29,31,34,35,38,39,41],
[1,2,3,4,5,6,13,18,20,21,25,27,29,31,32,34,37,38,40,41],
[1,2,3,4,5,6,13,18,20,22,25,29,32,34,35,37,38,39,40,41],
[1,2,3,4,5,6,13,20,21,22,24,25,29,31,34,35,37,38,39,40],
[1,2,3,4,5,6,18,20,21,22,24,25,27,29,31,34,37,38,39,40],
[1,2,3,4,5,6,18,20,21,22,25,27,28,29,32,34,37,38,39,41],
[1,2,3,4,5,6,18,20,21,22,25,27,29,31,32,34,37,38,40,41],
[1,2,3,4,5,6,18,20,21,22,25,27,29,31,34,37,38,39,40,41],
[1,2,3,4,5,6,18,20,21,22,25,27,29,32,34,37,38,39,40,41],
[1,2,3,4,5,7,8,10,12,20,21,22,27,29,32,34,37,38,39,40],
[1,2,3,4,5,7,8,10,12,20,21,22,27,29,32,34,37,38,39,41],
[1,2,3,4,5,7,8,10,12,20,21,27,30,32,35,37,38,39,40,41],
[1,2,3,4,5,7,8,10,12,20,21,27,30,34,35,37,38,39,40,41],
[1,2,3,4,5,7,8,10,12,20,22,27,29,30,32,35,37,39,40,41],
[1,2,3,4,5,7,8,10,12,20,22,27,29,32,34,35,37,38,39,40],
[1,2,3,4,5,7,8,10,12,20,22,27,29,32,34,35,37,38,39,41],
[1,2,3,4,5,7,8,10,12,20,22,27,29,32,34,35,37,39,40,41],
[1,2,3,4,5,7,8,10,12,21,22,27,30,32,34,35,37,38,39,40],
[1,2,3,4,5,7,8,10,12,21,22,27,30,32,34,35,37,38,39,41],
[1,2,3,4,5,7,8,10,12,21,27,30,32,34,35,37,38,39,40,41],
[1,2,3,4,5,7,8,12,13,19,20,21,22,25,27,29,32,33,34,37],
[1,2,3,4,5,7,8,12,13,19,20,21,22,25,27,29,32,33,37,41],
[1,2,3,4,5,7,8,12,13,19,20,21,22,25,27,29,32,34,37,40],
[1,2,3,4,5,7,8,12,13,19,20,21,22,25,27,29,32,37,39,40],
[1,2,3,4,5,7,8,12,13,19,20,21,22,25,27,29,32,37,39,41],
[1,2,3,4,5,7,8,12,13,19,20,21,22,25,29,32,34,37,39,40],
[1,2,3,4,5,7,8,12,13,19,20,21,22,27,29,30,32,35,39,40],
[1,2,3,4,5,7,8,12,13,19,20,21,22,27,29,30,32,37,39,40],
[1,2,3,4,5,7,8,12,13,19,20,21,22,27,29,30,32,37,39,41],
[1,2,3,4,5,7,8,12,13,19,20,21,25,27,29,32,35,39,40,41],
[1,2,3,4,5,7,8,12,13,19,20,21,25,27,30,32,35,37,40,41],
[1,2,3,4,5,7,8,12,13,19,20,21,25,27,30,32,35,39,40,41],
[1,2,3,4,5,7,8,12,13,19,20,21,25,30,32,35,37,39,40,41],
[1,2,3,4,5,7,8,12,13,19,20,21,27,29,30,32,35,39,40,41],
[1,2,3,4,5,7,8,12,13,19,20,22,25,27,29,32,33,35,37,41],
[1,2,3,4,5,7,8,12,13,19,20,22,25,29,32,33,34,35,37,41],
[1,2,3,4,5,7,8,12,13,19,20,22,25,29,32,34,35,37,39,40],
[1,2,3,4,5,7,8,12,13,19,20,22,25,29,32,34,35,37,39,41],
[1,2,3,4,5,7,8,12,13,19,21,22,25,27,29,32,33,34,35,40],
[1,2,3,4,5,7,8,12,13,19,21,22,25,27,29,32,33,34,37,40],
[1,2,3,4,5,7,8,12,13,19,21,22,25,27,32,33,34,35,37,40],
[1,2,3,4,5,7,8,12,13,19,21,22,25,29,32,33,34,35,37,40],
[1,2,3,4,5,7,8,12,13,19,21,22,29,32,33,34,35,37,39,41],
[1,2,3,4,5,7,8,12,13,19,22,25,29,32,33,34,35,37,39,41],
[1,2,3,4,5,7,8,12,13,20,21,25,27,29,30,32,35,39,40,41],
[1,2,3,4,5,7,8,12,13,20,21,25,29,30,32,35,37,39,40,41],
[1,2,3,4,5,7,8,12,18,20,21,22,25,27,29,32,34,37,38,39],
[1,2,3,4,5,7,8,12,18,20,21,22,25,27,29,32,34,37,39,41],
[1,2,3,4,5,7,8,12,19,20,21,22,25,27,29,32,34,37,39,40],
[1,2,3,4,5,7,8,12,19,20,21,22,25,27,29,32,34,37,39,41],
[1,2,3,4,5,7,8,12,19,20,21,25,27,29,32,34,37,39,40,41],
[1,2,3,4,5,7,8,12,19,20,21,27,30,32,34,35,37,39,40,41],
[1,2,3,4,5,7,8,12,19,20,22,25,27,29,32,33,34,35,37,41],
[1,2,3,4,5,7,8,12,19,20,22,27,30,32,34,35,37,39,40,41],
[1,2,3,4,5,7,8,12,20,21,22,25,27,29,32,34,35,38,39,40],
[1,2,3,4,5,7,8,12,20,21,22,25,27,29,32,34,37,38,39,40],
[1,2,3,4,5,7,8,12,20,21,27,30,32,34,35,37,38,39,40,41],
[1,2,3,4,5,7,8,13,19,20,21,22,25,27,29,30,32,37,39,40],
[1,2,3,4,5,7,8,19,20,21,22,25,27,29,30,32,37,39,40,41],
[1,2,3,4,5,7,8,19,20,21,22,25,27,29,32,34,37,39,40,41],
[1,2,3,4,5,7,8,19,20,21,22,25,27,30,32,34,37,39,40,41],
[1,2,3,4,5,7,10,12,13,20,22,27,29,30,32,35,38,39,40,41],
[1,2,3,4,5,7,10,12,13,20,22,27,30,32,35,37,38,39,40,41],
[1,2,3,4,5,7,10,12,13,21,22,26,27,29,32,35,38,39,40,41],
[1,2,3,4,5,7,10,12,13,21,22,26,27,29,32,37,38,39,40,41],
[1,2,3,4,5,7,10,12,13,21,22,27,30,32,35,37,38,39,40,41],
[1,2,3,4,5,7,10,12,20,21,22,27,29,32,34,37,38,39,40,41],
[1,2,3,4,5,7,10,12,20,22,27,29,32,34,35,37,38,39,40,41],
[1,2,3,4,5,7,10,12,21,22,25,26,27,29,32,34,37,38,39,40],
[1,2,3,4,5,7,10,12,21,22,25,26,27,32,34,37,38,39,40,41],
[1,2,3,4,5,7,10,12,21,22,26,27,29,32,34,37,38,39,40,41],
[1,2,3,4,5,7,10,12,21,25,26,27,29,32,34,37,38,39,40,41],
[1,2,3,4,5,7,10,12,22,25,26,27,29,32,34,37,38,39,40,41],
[1,2,3,4,5,7,10,12,22,25,26,27,29,32,35,37,38,39,40,41],
[1,2,3,4,5,7,10,12,22,25,27,29,32,34,35,37,38,39,40,41],
[1,2,3,4,5,7,10,13,21,22,25,26,27,29,32,35,38,39,40,41],
[1,2,3,4,5,7,10,21,22,25,26,27,29,32,34,37,38,39,40,41],
[1,2,3,4,5,7,12,13,18,20,21,22,25,26,27,29,31,34,37,38],
[1,2,3,4,5,7,12,13,18,20,21,22,25,27,29,32,34,35,38,39],
[1,2,3,4,5,7,12,13,18,20,21,25,26,27,29,31,34,37,38,41],
[1,2,3,4,5,7,12,13,18,20,21,25,27,29,32,34,35,38,39,41],
[1,2,3,4,5,7,12,13,18,20,22,25,26,27,29,31,34,37,38,41],
[1,2,3,4,5,7,12,13,18,20,22,25,27,29,32,33,34,35,37,41],
[1,2,3,4,5,7,12,13,18,20,22,25,27,29,32,34,35,37,38,41],
[1,2,3,4,5,7,12,13,18,20,22,25,27,29,32,34,35,38,39,41],
[1,2,3,4,5,7,12,13,18,20,22,27,29,32,33,34,35,37,38,41],
[1,2,3,4,5,7,12,13,18,21,22,25,27,29,32,33,34,35,38,41],
[1,2,3,4,5,7,12,13,18,21,22,25,27,29,32,33,34,37,38,41],
[1,2,3,4,5,7,12,13,18,22,25,27,29,32,33,34,35,37,38,41],
[1,2,3,4,5,7,12,13,19,20,22,27,29,32,34,35,38,39,40,41],
[1,2,3,4,5,7,12,13,20,21,22,25,27,29,32,34,35,38,39,40],
[1,2,3,4,5,7,12,13,20,21,24,25,27,31,33,34,35,37,38,41],
[1,2,3,4,5,7,12,13,20,21,25,27,29,32,34,35,38,39,40,41],
[1,2,3,4,5,7,12,13,20,21,25,29,32,34,35,37,38,39,40,41],
[1,2,3,4,5,7,12,13,20,22,24,25,27,31,33,34,35,37,38,41],
[1,2,3,4,5,7,12,13,20,22,25,27,29,32,34,35,38,39,40,41],
[1,2,3,4,5,7,12,20,22,25,27,29,32,34,35,37,38,39,40,41],
[1,2,3,4,5,8,12,13,18,20,21,22,24,25,27,29,33,34,35,39],
[1,2,3,4,5,8,12,13,18,21,22,24,25,27,29,32,33,34,35,39],
[1,2,3,4,5,8,12,18,20,22,25,27,29,32,33,34,35,37,39,41],
[1,2,3,4,6,7,8,9,10,12,20,21,28,29,30,33,34,35,39,41],
[1,2,3,4,6,7,8,9,10,12,20,22,26,27,29,30,33,34,35,39],
[1,2,3,4,6,7,8,9,10,20,21,22,26,27,29,30,34,35,38,39],
[1,2,3,4,6,7,8,9,10,20,21,22,27,28,29,30,34,35,38,39],
[1,2,3,4,6,7,8,9,10,20,21,27,28,29,30,34,35,38,39,41],
[1,2,3,4,6,7,8,10,11,12,15,20,22,27,29,30,32,33,35,40],
[1,2,3,4,6,7,8,10,11,12,15,20,22,27,29,30,32,33,37,40],
[1,2,3,4,6,7,8,10,11,12,15,20,22,27,29,30,33,34,37,40],
[1,2,3,4,6,7,8,10,11,12,15,20,22,29,30,32,33,35,37,40],
[1,2,3,4,6,7,8,10,11,12,20,22,26,27,29,30,33,34,37,40],
[1,2,3,4,6,7,8,10,11,12,20,22,27,29,30,32,33,35,37,40],
[1,2,3,4,6,7,8,10,11,12,21,22,27,29,30,32,33,35,38,40],
[1,2,3,4,6,7,8,10,11,12,21,22,27,29,32,33,34,37,38,40],
[1,2,3,4,6,7,8,10,12,15,20,28,29,30,32,33,35,37,39,41],
[1,2,3,4,6,7,8,10,12,15,20,28,29,30,33,34,35,37,39,41],
[1,2,3,4,6,7,8,10,12,15,21,22,26,29,32,33,34,37,39,40],
[1,2,3,4,6,7,8,10,12,15,21,22,26,30,32,33,34,37,39,40],
[1,2,3,4,6,7,8,10,12,15,21,26,29,30,32,33,34,37,39,40],
[1,2,3,4,6,7,8,10,12,15,21,29,30,32,33,34,35,37,39,40],
[1,2,3,4,6,7,8,10,12,17,20,22,26,27,30,33,34,35,37,38],
[1,2,3,4,6,7,8,10,12,17,20,22,26,27,30,34,35,37,38,39],
[1,2,3,4,6,7,8,10,12,17,20,22,27,30,32,34,35,37,38,39],
[1,2,3,4,6,7,8,10,12,17,20,22,27,32,34,35,37,38,39,41],
[1,2,3,4,6,7,8,10,12,17,20,27,30,32,34,35,37,38,39,41],
[1,2,3,4,6,7,8,10,12,20,21,25,26,27,29,30,37,39,40,41],
[1,2,3,4,6,7,8,10,12,20,21,25,26,27,29,34,37,39,40,41],
[1,2,3,4,6,7,8,10,12,20,21,25,27,30,34,35,37,39,40,41],
[1,2,3,4,6,7,8,10,12,20,21,26,27,29,30,34,37,39,40,41],
[1,2,3,4,6,7,8,10,12,20,21,27,29,30,32,34,37,39,40,41],
[1,2,3,4,6,7,8,10,12,20,21,27,30,32,34,37,38,39,40,41],
[1,2,3,4,6,7,8,10,12,20,21,27,30,32,35,37,38,39,40,41],
[1,2,3,4,6,7,8,10,12,20,21,27,30,34,35,37,38,39,40,41],
[1,2,3,4,6,7,8,10,12,20,21,28,29,30,33,34,35,37,39,41],
[1,2,3,4,6,7,8,10,12,20,22,24,26,27,30,33,34,35,37,38],
[1,2,3,4,6,7,8,10,12,20,22,24,26,27,30,33,34,35,37,40],
[1,2,3,4,6,7,8,10,12,20,22,24,26,27,30,34,35,37,38,40],
[1,2,3,4,6,7,8,10,12,20,22,26,27,30,34,35,37,38,39,40],
[1,2,3,4,6,7,8,10,12,20,22,27,29,32,34,35,37,38,39,40],
[1,2,3,4,6,7,8,10,12,20,22,27,29,32,34,35,37,38,39,41],
[1,2,3,4,6,7,8,10,12,20,22,27,30,32,34,35,37,38,39,40],
[1,2,3,4,6,7,8,10,12,20,22,28,29,32,34,35,37,38,39,41],
[1,2,3,4,6,7,8,10,12,20,27,30,32,34,35,37,38,39,40,41],
[1,2,3,4,6,7,8,10,12,21,22,25,26,27,29,32,33,34,37,40],
[1,2,3,4,6,7,8,10,12,21,25,26,27,29,30,32,33,35,39,40],
[1,2,3,4,6,7,8,10,12,21,25,26,27,29,30,33,34,35,39,40],
[1,2,3,4,6,7,8,10,12,21,25,26,27,29,30,33,34,35,39,41],
[1,2,3,4,6,7,8,10,12,21,25,26,29,30,33,34,35,37,39,40],
[1,2,3,4,6,7,8,10,12,21,25,26,29,30,33,34,35,37,39,41],
[1,2,3,4,6,7,8,10,12,21,25,26,29,33,34,35,36,37,39,40],
[1,2,3,4,6,7,8,10,12,21,25,27,30,32,33,34,35,37,39,41],
[1,2,3,4,6,7,8,10,12,21,25,27,30,32,33,34,35,37,40,41],
[1,2,3,4,6,7,8,10,12,21,25,27,30,32,34,35,37,39,40,41],
[1,2,3,4,6,7,8,10,12,21,25,29,32,33,34,35,36,37,39,40],
[1,2,3,4,6,7,8,10,12,21,25,30,32,33,34,35,37,39,40,41],
[1,2,3,4,6,7,8,10,12,21,27,30,32,34,35,37,38,39,40,41],
[1,2,3,4,6,7,8,10,12,21,28,30,32,33,34,35,37,38,39,41],
[1,2,3,4,6,7,8,10,15,21,22,28,29,30,32,33,34,35,39,40],
[1,2,3,4,6,7,8,10,15,21,22,28,29,30,32,33,34,37,39,40],
[1,2,3,4,6,7,8,10,15,21,28,29,30,32,33,34,35,37,39,40],
[1,2,3,4,6,7,8,10,15,22,28,29,30,32,33,34,35,37,39,40],
[1,2,3,4,6,7,8,10,20,21,22,26,27,29,30,34,35,38,39,40],
[1,2,3,4,6,7,8,10,20,21,25,26,27,29,30,34,37,39,40,41],
[1,2,3,4,6,7,8,10,21,22,25,26,27,29,30,32,33,35,39,40],
[1,2,3,4,6,7,8,10,21,22,25,26,27,29,30,33,34,35,39,40],
[1,2,3,4,6,7,8,10,21,22,25,26,29,30,32,33,35,36,39,40],
[1,2,3,4,6,7,8,10,21,22,25,26,29,30,32,33,36,37,39,40],
[1,2,3,4,6,7,8,10,21,22,25,27,29,30,32,33,34,35,39,40],
[1,2,3,4,6,7,8,10,21,22,25,28,29,30,32,33,34,35,37,39],
[1,2,3,4,6,7,8,10,21,22,25,29,30,32,33,34,35,37,39,40],
[1,2,3,4,6,7,8,10,21,22,25,29,30,32,33,35,36,37,39,40],
[1,2,3,4,6,7,8,10,21,22,25,29,32,33,34,35,36,37,39,40],
[1,2,3,4,6,7,8,10,21,22,28,29,30,32,33,34,35,37,39,40],
[1,2,3,4,6,7,8,11,12,13,15,20,21,28,29,30,32,33,37,40],
[1,2,3,4,6,7,8,11,12,13,15,20,21,28,29,30,32,37,39,40],
[1,2,3,4,6,7,8,11,12,13,15,20,22,28,29,30,32,33,35,37],
[1,2,3,4,6,7,8,11,12,13,15,20,22,29,30,32,33,35,37,40],
[1,2,3,4,6,7,8,11,12,13,20,21,25,27,29,30,32,33,37,40],
[1,2,3,4,6,7,8,11,12,15,19,20,21,26,29,30,33,34,37,40],
[1,2,3,4,6,7,8,11,12,19,20,21,26,27,29,30,33,34,37,40],
[1,2,3,4,6,7,8,11,13,15,20,22,28,29,30,32,33,35,37,40],
[1,2,3,4,6,7,8,11,13,20,21,22,28,29,30,32,37,38,39,40],
[1,2,3,4,6,7,8,12,13,14,20,21,24,25,30,33,34,35,37,40],
[1,2,3,4,6,7,8,12,14,20,21,24,25,27,30,33,34,35,37,40],
[1,2,3,4,6,7,8,12,14,20,21,24,25,27,30,34,35,37,38,40],
[1,2,3,4,6,7,8,12,14,20,21,25,27,30,32,33,35,37,40,41],
[1,2,3,4,6,7,8,12,14,20,21,25,27,30,32,34,35,37,38,40],
[1,2,3,4,6,7,8,12,14,20,21,25,27,30,33,34,35,37,40,41],
[1,2,3,4,6,7,8,12,15,19,20,21,26,29,30,33,34,37,39,40],
[1,2,3,4,6,7,8,12,17,20,21,24,25,26,27,30,34,37,38,39],
[1,2,3,4,6,7,8,12,17,20,21,24,25,27,30,34,35,37,38,39],
[1,2,3,4,6,7,8,12,17,20,21,25,27,30,34,35,37,38,39,41],
[1,2,3,4,6,7,8,12,17,20,25,27,30,32,34,35,37,38,39,40],
[1,2,3,4,6,7,8,12,19,20,21,25,26,27,29,30,33,34,37,40],
[1,2,3,4,6,7,8,12,19,20,21,25,26,27,29,30,33,34,37,41],
[1,2,3,4,6,7,8,12,19,20,21,25,27,29,30,32,33,37,40,41],
[1,2,3,4,6,7,8,12,19,20,21,25,27,29,30,33,34,37,40,41],
[1,2,3,4,6,7,8,12,20,21,22,24,25,26,27,29,33,34,37,40],
[1,2,3,4,6,7,8,12,20,21,22,24,25,26,29,33,34,36,37,40],
[1,2,3,4,6,7,8,12,20,21,24,25,26,27,30,33,34,35,37,40],
[1,2,3,4,6,7,8,12,20,21,24,25,26,27,30,34,35,37,39,40],
[1,2,3,4,6,7,8,12,20,21,24,25,26,27,30,34,37,38,39,40],
[1,2,3,4,6,7,8,12,20,21,24,25,27,30,34,35,37,38,39,40],
[1,2,3,4,6,7,8,12,20,21,25,26,27,29,30,33,34,35,39,41],
[1,2,3,4,6,7,8,12,20,21,25,27,30,32,34,35,37,38,39,40],
[1,2,3,4,6,7,8,14,20,21,25,27,28,30,32,34,35,37,38,40],
[1,2,3,4,6,7,9,10,20,21,27,28,29,30,31,33,34,35,38,41],
[1,2,3,4,6,7,9,10,20,22,26,27,29,30,31,33,34,35,38,41],
[1,2,3,4,6,7,9,10,20,22,26,28,29,30,31,33,34,35,38,41],
[1,2,3,4,6,7,9,10,20,22,27,28,29,30,31,33,34,35,38,41],
[1,2,3,4,6,7,9,20,21,22,26,27,28,29,30,31,33,34,35,38],
[1,2,3,4,6,7,9,20,21,26,27,28,29,30,31,33,34,35,38,41],
[1,2,3,4,6,7,9,20,22,26,27,28,29,30,31,33,34,35,38,41],
[1,2,3,4,6,7,10,11,12,15,20,22,26,27,30,33,34,37,38,40],
[1,2,3,4,6,7,10,11,12,15,21,22,26,29,32,33,34,37,38,40],
[1,2,3,4,6,7,10,11,12,20,21,22,26,27,29,31,34,37,38,40],
[1,2,3,4,6,7,10,11,12,20,22,26,27,29,31,33,34,37,38,40],
[1,2,3,4,6,7,10,11,12,21,22,26,27,29,31,33,34,37,38,40],
[1,2,3,4,6,7,10,11,12,21,22,26,27,29,32,33,34,37,38,40],
[1,2,3,4,6,7,10,11,13,21,22,26,29,30,31,32,33,37,38,40],
[1,2,3,4,6,7,10,11,20,21,22,26,27,29,30,31,34,37,38,40],
[1,2,3,4,6,7,10,11,21,22,26,27,29,30,31,32,33,37,38,40],
[1,2,3,4,6,7,10,11,21,22,26,27,29,30,31,33,34,37,38,40],
[1,2,3,4,6,7,10,12,13,15,21,26,29,30,32,33,35,39,40,41],
[1,2,3,4,6,7,10,12,13,15,21,26,29,30,32,33,37,39,40,41],
[1,2,3,4,6,7,10,12,13,15,21,26,29,30,32,37,38,39,40,41],
[1,2,3,4,6,7,10,12,13,15,21,26,29,31,33,34,35,38,40,41],
[1,2,3,4,6,7,10,12,13,15,21,26,29,31,33,34,37,38,40,41],
[1,2,3,4,6,7,10,12,13,15,21,29,31,33,34,35,37,38,40,41],
[1,2,3,4,6,7,10,12,13,15,22,26,29,32,33,35,36,37,38,40],
[1,2,3,4,6,7,10,12,13,21,26,29,31,33,34,35,37,38,40,41],
[1,2,3,4,6,7,10,12,13,21,26,30,32,33,35,36,37,38,39,40],
[1,2,3,4,6,7,10,12,15,17,22,26,30,32,33,35,37,38,39,41],
[1,2,3,4,6,7,10,12,15,17,22,26,32,33,34,35,37,38,39,41],
[1,2,3,4,6,7,10,12,15,17,26,30,32,33,34,35,37,38,39,41],
[1,2,3,4,6,7,10,12,15,21,26,29,30,32,33,34,35,39,40,41],
[1,2,3,4,6,7,10,12,15,21,26,29,30,32,33,34,37,39,40,41],
[1,2,3,4,6,7,10,12,15,21,26,30,32,33,34,35,38,39,40,41],
[1,2,3,4,6,7,10,12,15,21,26,30,32,33,34,37,38,39,40,41],
[1,2,3,4,6,7,10,12,15,21,26,30,33,34,35,37,38,39,40,41],
[1,2,3,4,6,7,10,12,15,21,30,32,33,34,35,37,38,39,40,41],
[1,2,3,4,6,7,10,12,15,22,26,29,32,33,34,35,36,37,39,40],
[1,2,3,4,6,7,10,12,15,22,26,29,32,33,34,35,36,38,39,40],
[1,2,3,4,6,7,10,12,15,22,26,32,33,34,35,36,37,38,39,40],
[1,2,3,4,6,7,10,12,20,21,24,26,27,30,31,34,35,37,38,40],
[1,2,3,4,6,7,10,12,20,21,26,27,30,31,34,35,37,38,40,41],
[1,2,3,4,6,7,10,12,20,21,26,27,30,34,35,37,38,39,40,41],
[1,2,3,4,6,7,10,12,21,22,26,27,29,32,33,34,36,37,38,40],
[1,2,3,4,6,7,10,12,21,25,26,27,29,32,34,35,36,38,39,40],
[1,2,3,4,6,7,10,12,21,25,26,27,29,32,34,35,38,39,40,41],
[1,2,3,4,6,7,10,12,21,26,27,30,31,33,34,35,37,38,40,41],
[1,2,3,4,6,7,10,15,20,22,26,27,29,30,31,33,34,37,38,41],
[1,2,3,4,6,7,10,21,22,25,26,27,29,30,31,32,37,38,40,41],
[1,2,3,4,6,7,10,21,22,25,26,27,29,31,32,34,37,38,40,41],
[1,2,3,4,6,7,11,12,13,15,20,21,26,29,30,32,37,38,39,40],
[1,2,3,4,6,7,11,12,13,15,20,22,26,29,30,32,37,38,39,40],
[1,2,3,4,6,7,11,13,20,21,22,24,25,26,27,29,30,31,33,40],
[1,2,3,4,6,7,12,13,14,20,21,25,28,30,33,34,35,37,38,41],
[1,2,3,4,6,7,12,13,14,21,24,25,27,30,32,33,35,37,38,40],
[1,2,3,4,6,7,12,13,14,21,25,26,27,30,32,33,35,38,40,41],
[1,2,3,4,6,7,12,13,14,21,25,26,27,30,32,33,37,38,40,41],
[1,2,3,4,6,7,12,13,14,21,25,27,30,32,33,35,37,38,40,41],
[1,2,3,4,6,7,12,13,20,21,24,25,26,29,31,33,34,35,36,37],
[1,2,3,4,6,7,12,13,20,21,24,25,26,29,31,33,34,35,37,40],
[1,2,3,4,6,7,12,13,20,21,24,25,26,29,31,34,35,36,37,40],
[1,2,3,4,6,7,12,13,20,24,25,26,29,31,33,34,35,36,37,40],
[1,2,3,4,6,7,12,13,21,24,25,26,29,31,33,34,35,36,37,40],
[1,2,3,4,6,7,12,13,21,24,25,26,30,32,33,35,36,37,38,40],
[1,2,3,4,6,7,12,13,21,24,25,26,31,33,34,35,36,37,38,40],
[1,2,3,4,6,7,12,13,21,25,26,30,32,33,35,36,37,38,39,40],
[1,2,3,4,6,7,12,17,18,20,22,25,26,27,32,33,34,37,38,41],
[1,2,3,4,6,7,12,17,18,20,22,25,27,32,33,34,35,37,38,41],
[1,2,3,4,6,7,12,18,20,22,25,27,29,32,33,34,35,37,38,41],
[1,2,3,4,6,7,17,18,20,22,25,26,27,30,32,33,34,37,38,41],
[1,2,3,4,6,8,12,13,14,20,21,24,25,28,30,33,34,35,37,39],
[1,2,3,4,6,8,12,13,14,20,21,24,25,30,33,34,35,37,39,40],
[1,2,3,4,6,9,10,20,21,22,24,26,27,29,30,31,34,35,38,39],
[1,2,3,4,6,10,12,20,22,23,26,27,29,31,34,35,37,39,40,41],
[1,2,3,4,6,10,12,20,22,26,27,29,31,34,35,37,38,39,40,41],
[1,2,3,4,6,12,13,18,20,21,24,25,26,27,29,33,34,35,39,41],
[1,2,3,4,6,12,13,20,21,25,26,27,29,30,33,34,35,39,40,41],
[1,2,3,4,6,12,13,20,22,23,24,25,26,29,33,34,35,37,39,40],
[1,2,3,4,6,12,13,20,23,24,25,26,27,29,33,34,35,39,40,41],
[1,2,3,5,7,8,9,10,12,21,22,27,29,32,34,35,36,38,39,40],
[1,2,3,4,5,6,7,8,12,20,21,25,27,28,29,32,34,35,38,39,41],
[1,2,3,4,5,6,7,8,12,20,21,25,27,29,32,34,35,37,39,40,41],
[1,2,3,4,5,6,7,8,12,20,22,25,27,29,32,34,35,37,38,39,40],
[1,2,3,4,5,6,7,10,12,21,25,27,29,32,34,35,37,38,39,40,41],
[1,2,3,4,5,6,8,12,18,20,21,22,24,25,27,32,34,37,38,39,40],
[1,2,3,4,5,6,8,12,18,20,21,25,27,28,29,32,33,34,35,37,41],
[1,2,3,4,5,6,8,12,18,20,21,25,27,28,32,34,35,37,38,39,41],
[1,2,3,4,5,6,8,12,18,20,22,24,25,27,29,32,34,35,37,39,40],
[1,2,3,4,5,6,8,12,18,21,22,24,25,27,29,32,33,34,35,37,39],
[1,2,3,4,5,6,8,18,20,21,22,24,25,27,28,32,34,35,37,38,39],
[1,2,3,4,5,6,12,13,18,20,21,22,24,25,27,29,32,37,38,39,40],
[1,2,3,4,5,6,12,13,18,20,21,25,27,29,32,34,35,38,39,40,41],
[1,2,3,4,5,6,12,13,18,20,21,25,28,29,32,34,35,37,38,39,41],
[1,2,3,4,5,6,12,13,18,20,22,23,24,25,27,29,32,35,37,39,40],
[1,2,3,4,5,6,12,13,20,21,24,25,27,29,31,34,35,38,39,40,41],
[1,2,3,4,5,6,12,18,20,22,25,27,29,32,34,35,37,38,39,40,41],
[1,2,3,4,5,6,13,18,20,21,22,24,25,27,29,31,34,35,38,39,40],
[1,2,3,4,5,6,13,18,20,22,25,27,29,31,32,34,35,37,38,40,41],
[1,2,3,4,5,7,8,9,12,13,19,20,21,22,27,29,30,32,35,39,41],
[1,2,3,4,5,7,8,10,12,19,20,21,22,27,29,30,32,37,39,40,41],
[1,2,3,4,5,7,8,10,12,19,20,21,22,27,29,32,34,37,39,40,41],
[1,2,3,4,5,7,8,10,12,19,21,22,27,30,32,34,35,37,39,40,41],
[1,2,3,4,5,7,8,10,12,20,22,27,30,32,34,35,37,38,39,40,41],
[1,2,3,4,5,7,8,12,13,19,20,21,22,25,27,29,32,34,35,39,40],
[1,2,3,4,5,7,8,12,13,19,20,21,25,27,29,30,32,37,39,40,41],
[1,2,3,4,5,7,8,12,13,19,20,21,25,29,32,34,35,37,39,40,41],
[1,2,3,4,5,7,8,12,18,19,20,21,22,25,27,29,32,33,34,37,41],
[1,2,3,4,5,7,8,12,19,20,22,25,27,29,32,34,35,37,39,40,41],
[1,2,3,4,5,7,9,12,13,18,20,21,22,25,27,29,34,35,38,39,41],
[1,2,3,4,5,7,10,12,13,20,21,22,27,29,30,32,37,38,39,40,41],
[1,2,3,4,5,7,12,13,18,20,22,25,27,29,31,33,34,35,37,38,41],
[1,2,3,4,6,7,8,9,10,12,20,21,26,27,29,30,33,34,35,39,41],
[1,2,3,4,6,7,8,10,12,15,20,22,28,29,32,33,34,35,37,39,41],
[1,2,3,4,6,7,8,10,12,15,21,28,29,30,32,33,34,35,37,39,41],
[1,2,3,4,6,7,8,10,12,20,21,24,26,27,30,34,35,37,38,39,40],
[1,2,3,4,6,7,8,10,12,20,21,25,26,27,29,30,34,35,39,40,41],
[1,2,3,4,6,7,8,10,12,20,22,27,28,29,32,33,34,35,37,38,41],
[1,2,3,4,6,7,8,10,12,21,22,25,26,29,32,33,34,36,37,39,40],
[1,2,3,4,6,7,8,10,12,21,25,27,29,30,32,33,34,35,39,40,41],
[1,2,3,4,6,7,8,13,21,22,25,28,29,30,32,33,35,36,37,39,40],
[1,2,3,4,6,7,9,10,21,22,26,27,28,29,30,31,33,34,35,38,41],
[1,2,3,4,6,7,10,12,13,15,21,26,30,31,33,34,35,37,38,40,41],
[1,2,3,4,6,7,10,12,13,15,21,26,30,32,33,35,37,38,39,40,41],
[1,2,3,4,6,7,10,12,15,21,22,26,29,32,33,34,36,37,38,39,40],
[1,2,3,4,6,7,11,12,13,20,22,24,26,27,30,31,33,35,37,38,40],
[1,2,3,4,6,7,11,13,20,21,22,24,25,26,27,30,31,33,37,38,40],
[1,2,3,4,6,7,12,17,18,20,22,25,26,27,29,32,33,34,35,38,41],
[1,2,3,4,6,9,12,13,18,20,21,24,26,27,29,33,34,35,38,39,41],
[1,2,3,4,5,6,7,8,10,12,20,21,27,29,32,34,35,37,38,39,40,41],
[1,2,3,4,5,6,7,8,12,18,20,21,25,27,28,29,32,34,37,38,39,41],
[1,2,3,4,5,6,8,12,18,20,21,22,24,25,27,29,32,34,35,38,39,40],
[1,2,3,4,5,6,12,13,18,20,22,23,25,27,29,32,35,37,38,39,40,41],
[1,2,3,4,5,7,8,10,12,19,20,21,22,27,30,32,34,37,38,39,40,41],
[1,2,3,4,6,7,8,10,12,21,22,25,26,27,29,32,33,34,35,36,39,40],
[1,2,3,4,5,6,7,8,10,12,21,22,25,27,29,32,34,35,36,37,38,39,40],
[1,2,3,4,5,6,7,12,13,14,20,21,25,27,29,31,32,34,35,37,38,40,41],
[1,2,3,4,5,6,12,13,14,18,20,21,24,25,27,32,34,35,37,38,39,40,41],
[1,2,3,4,5,6,12,13,18,20,21,24,25,26,27,29,31,34,37,38,39,40,41],
[1,2,3,4,6,7,8,10,12,19,21,25,26,27,29,30,32,33,34,37,39,40,41],
[1,2,3,4,6,7,10,12,13,15,21,26,29,32,33,34,35,36,37,38,39,40,41],
[1,2,3,4,5,6,7,8,12,17,18,20,22,25,27,28,29,32,34,35,37,38,39,41],
[1,2,3,4,5,7,12,13,18,19,20,21,22,25,26,27,29,32,34,37,38,39,40,41],
[1,2,3,4,6,7,12,13,14,20,21,24,25,26,27,30,31,33,34,35,37,38,40,41],
[1,2,3,4,5,6,7,12,13,14,18,20,21,25,27,28,29,31,32,33,34,35,37,38,41],
[1,2,3,4,5,6,12,13,18,20,22,23,24,25,26,27,29,31,34,35,37,38,39,40,41],
[1,2,3,4,5,6,7,8,10,12,20,21,22,24,25,26,27,29,31,34,35,36,37,38,39,40],
[1,2,3,4,5,6,7,8,10,20,21,22,25,27,28,29,30,31,32,34,35,37,38,39,40,41],
[1,2,3,4,6,7,8,10,12,17,21,22,24,25,26,27,30,32,33,34,35,36,37,38,39,40],
[1,2,3,4,5,6,7,8,10,12,17,18,21,22,25,27,28,29,32,33,34,35,36,37,38,39,41],
[1,2,3,4,6,7,8,10,12,15,17,19,20,22,23,25,26,27,29,30,32,33,34,35,37,39,40,41],
[1,2,3,4,6,7,10,13,15,21,22,25,26,28,29,30,31,32,33,34,35,36,37,38,39,40,41,42],
[1,2,3,4,5,6,7,8,11,12,13,14,18,20,21,22,24,25,27,28,29,31,32,33,34,35,36,37,38,40],
[1,2,3,4,5,6,10,12,13,18,21,22,23,24,25,26,27,29,31,32,33,34,35,36,37,38,39,40,41,42],
[1,2,3,4,5,6,7,8,9,10,12,17,18,20,21,22,24,25,26,27,28,29,31,33,34,35,36,37,38,39,41],
[1,2,3,4,5,6,7,8,9,10,11,12,13,16,17,18,20,21,22,23,24,25,26,27,28,29,30,31,32,33,35,36,37,38,39,41]];
