return [[1,2,3,4,5,6,7,8,9,10,12,13,17,18,21,23,25,30,32],
[1,2,3,4,5,6,7,8,9,10,12,13,17,18,21,23,27,30,32],
[1,2,3,4,5,6,7,8,9,10,12,13,17,18,23,24,27,28,32],
[1,2,3,4,5,6,7,8,9,10,12,13,17,18,23,24,27,30,32],
[1,2,3,4,5,6,7,8,9,10,12,13,18,21,23,25,28,30,32],
[1,2,3,4,5,6,7,8,9,10,12,14,17,18,21,25,28,30,32],
[1,2,3,4,5,6,7,8,9,10,12,14,17,18,21,27,28,30,32],
[1,2,3,4,5,6,7,8,9,10,12,17,18,21,23,24,27,28,32],
[1,2,3,4,5,6,7,8,9,10,12,17,18,21,23,24,28,30,32],
[1,2,3,4,5,6,7,8,9,10,12,17,18,21,23,25,28,30,32],
[1,2,3,4,5,6,7,8,9,10,12,17,18,21,24,27,28,30,32],
[1,2,3,4,5,6,7,8,9,10,13,17,18,23,24,27,28,30,32],
[1,2,3,4,5,6,7,8,9,10,17,18,21,23,24,27,28,30,32],
[1,2,3,4,5,6,7,8,9,12,13,14,18,21,26,27,28,30,32],
[1,2,3,4,5,6,7,8,10,12,13,14,17,18,20,22,24,27,32],
[1,2,3,4,5,6,7,8,10,12,13,14,17,18,20,22,26,27,30],
[1,2,3,4,5,6,7,8,10,12,13,14,17,18,20,22,26,27,32],
[1,2,3,4,5,6,7,8,10,12,13,14,17,18,22,23,24,30,32],
[1,2,3,4,5,6,7,8,10,12,13,14,17,18,22,24,27,30,32],
[1,2,3,4,5,6,7,8,10,12,13,14,18,20,22,26,27,28,32],
[1,2,3,4,5,6,7,8,10,12,13,14,18,22,24,27,28,30,32],
[1,2,3,4,5,6,7,8,10,12,13,14,20,21,22,27,28,30,32],
[1,2,3,4,5,6,7,8,10,12,13,16,20,21,22,23,24,28,32],
[1,2,3,4,5,6,7,8,10,12,13,16,20,21,22,24,27,28,32],
[1,2,3,4,5,6,7,8,10,12,13,16,20,21,22,27,28,30,32],
[1,2,3,4,5,6,7,8,10,12,13,20,21,22,23,24,27,28,32],
[1,2,3,4,5,6,7,9,10,12,13,14,15,16,18,19,23,24,30],
[1,2,3,4,5,6,7,9,10,12,13,14,15,16,18,23,24,28,30],
[1,2,3,4,5,6,7,9,10,12,13,14,15,16,19,21,23,27,30],
[1,2,3,4,5,6,7,9,10,12,13,14,15,16,19,23,24,27,30],
[1,2,3,4,5,6,7,9,10,12,13,14,16,18,23,24,27,28,32],
[1,2,3,4,5,6,7,9,10,12,13,14,16,18,24,27,28,30,32],
[1,2,3,4,5,6,7,9,10,12,13,14,16,19,21,23,27,30,32],
[1,2,3,4,5,6,7,9,10,12,13,16,18,22,23,24,27,28,32],
[1,2,3,4,5,6,7,9,10,12,13,16,19,21,22,23,27,30,32],
[1,2,3,4,5,6,7,9,10,12,14,15,16,19,21,23,24,27,30],
[1,2,3,4,5,6,7,9,10,12,14,16,17,19,21,23,24,27,30],
[1,2,3,4,5,6,7,9,10,12,16,17,19,21,22,23,24,27,30],
[1,2,3,4,5,6,7,9,10,12,16,17,19,21,22,23,27,30,32],
[1,2,3,4,5,6,7,9,10,13,14,15,16,18,19,23,24,28,30],
[1,2,3,4,5,6,7,9,10,13,14,15,16,19,23,24,27,28,30],
[1,2,3,4,5,6,7,9,10,13,14,16,18,19,23,24,27,28,30],
[1,2,3,4,5,6,7,9,10,13,14,16,18,23,24,27,28,30,32],
[1,2,3,4,5,6,7,9,10,16,17,18,21,22,23,24,28,30,32],
[1,2,3,4,5,6,7,9,10,16,17,21,22,23,24,27,28,30,32],
[1,2,3,4,5,6,7,9,11,12,13,14,15,16,18,24,27,28,30],
[1,2,3,4,5,6,7,9,12,13,16,17,20,21,22,23,24,27,32],
[1,2,3,4,5,6,7,9,13,16,19,21,22,23,26,27,28,30,32],
[1,2,3,4,5,6,7,9,13,17,18,22,23,24,26,27,28,30,32],
[1,2,3,4,5,6,8,9,10,14,15,17,18,20,23,24,26,28,32],
[1,2,3,4,5,6,8,9,13,14,17,18,20,23,24,26,27,28,32],
[1,2,3,4,5,6,8,9,13,14,17,18,23,24,26,27,28,30,32],
[1,2,3,4,5,7,10,12,13,16,17,19,20,21,22,23,27,29,32],
[1,2,3,5,6,8,9,11,13,14,15,18,22,23,24,26,27,28,30],
[1,2,3,4,5,6,7,8,9,10,12,13,14,17,18,24,27,28,30,32],
[1,2,3,4,5,6,7,8,9,10,12,13,14,18,21,25,27,28,30,32],
[1,2,3,4,5,6,7,8,9,10,12,17,18,21,22,23,24,27,30,32],
[1,2,3,4,5,6,7,8,10,12,13,14,16,20,22,24,27,28,30,32],
[1,2,3,4,5,6,7,8,10,12,13,14,17,18,19,22,26,27,30,32],
[1,2,3,4,5,6,7,9,11,12,13,14,15,16,18,19,22,24,27,30],
[1,2,3,4,5,6,7,8,9,10,12,13,14,17,18,19,21,25,27,30,32],
[1,2,3,4,5,6,7,8,9,10,12,13,14,17,18,23,24,25,28,30,32],
[1,2,3,4,5,6,7,8,9,10,12,13,18,21,22,23,24,27,28,30,32],
[1,2,3,4,5,6,7,8,10,12,13,14,17,19,20,21,22,26,27,30,32],
[1,2,3,4,5,6,7,9,10,12,14,16,17,18,19,21,22,27,30,31,32],
[1,2,3,4,5,6,8,9,10,12,13,14,15,16,18,23,24,25,28,30,32],
[1,2,3,4,5,6,7,8,10,12,13,17,18,19,20,21,22,23,26,27,29,32],
[1,2,3,4,5,6,7,8,10,13,14,17,18,20,22,23,24,26,27,28,30,32],
[1,2,3,4,5,6,7,9,10,12,13,14,16,17,18,19,22,23,24,27,30,32],
[1,2,3,4,5,6,7,9,11,13,14,15,16,18,19,22,23,24,26,27,28,30],
[1,2,3,4,5,6,7,8,9,10,13,14,17,18,19,21,23,25,26,27,28,30,32],
[1,2,3,4,5,6,7,9,10,11,12,14,15,16,17,18,19,21,22,24,27,30,31],
[1,2,3,4,5,6,7,8,9,10,12,13,14,16,17,20,21,23,24,25,27,28,30,32],
[1,2,3,4,5,6,7,8,9,10,12,13,14,17,18,19,20,21,23,25,26,27,28,29,32],
[1,2,3,4,5,6,7,9,10,11,14,15,16,17,18,19,21,22,23,24,26,27,28,30,31],
[1,2,3,4,5,6,7,8,9,10,11,12,13,14,15,17,18,19,20,21,23,24,25,26,27,28,29,30],
[1,2,3,4,5,6,7,9,10,11,12,14,15,16,17,18,19,20,21,22,23,24,26,27,28,29,31,32]];
