return 
[ [ 2, 4416, 4428, 4480, 4482, 4582, 4594, 5286, 5338, 5342, 5400, 5404, 
      5446, 5458, 5472, 5474, 5480, 5482, 5584, 5586, 5610, 5726, 5730, 
      5740, 5746, 5750, 5756, 5760, 5762, 5784, 5786, 5788, 5794, 5796, 
      5798, 5800, 5802, 5868, 5874, 5880, 5882, 6222, 6228, 6248, 6272, 
      6278, 6288, 6292, 6302, 6304, 6314, 6360, 6362, 6374, 6386, 6392, 
      6394, 6772, 6780, 6796, 6856, 6880, 6888, 6894, 6896, 6904, 6906, 
      6962, 6966, 6976, 6980, 6984, 6986, 7026, 7054, 7056, 7064, 7066, 
      7226, 7458, 7472, 7478, 7492, 7496, 7498, 7514, 7516, 7534, 7536, 
      7542, 7544, 7562, 7576, 7578, 7760, 7776, 7780, 7840, 7846, 7850, 
      7880, 7884, 7888, 7890, 7912, 7918, 7920, 7922, 7924, 7926, 7928, 
      7930, 7960, 7992, 8000, 8026, 8028, 8034, 8036, 8046, 8056, 8058, 
      8060, 8066, 8068, 8070, 8072, 8074, 8076, 8078, 8080, 8086, 8088, 
      8090, 8310, 8318, 8328, 8362, 8366, 8380, 8382, 8396, 8398, 8404, 
      8414, 8416, 8418, 8420, 8422, 8432, 8440, 8442, 8488, 8492, 8522, 
      8528, 8530, 8532, 8544, 8558, 8560, 8562, 8572, 8574, 8580, 8584, 
      8586, 8590, 8592, 8594, 8596, 8598, 8600, 8602, 8690, 8694, 8700, 
      8702, 8734, 8742, 8746, 8748, 8756, 8758, 8760, 8762, 8796, 8804, 
      8860, 8862, 8868, 8872, 8910, 8920, 8922, 8926, 8932, 8938, 8954, 
      8956, 8960, 8962, 8966, 8968, 8976, 8978, 8982, 8984, 8986, 8988, 
      8994, 8996, 8998, 9000, 9002, 9004, 9006, 9008, 9010, 9012, 9020, 
      9024, 9026, 9028, 9036, 9038, 9042, 9044, 9046, 9048, 9050, 9052, 
      9058, 9060, 9064, 9066, 9068, 9070, 9072, 9074, 9076, 9078, 9080, 
      9082, 9088, 9096, 9098, 9100, 9102, 9106, 9108, 9110, 9112, 9114, 
      9124, 9146, 9148, 9154, 9156, 9158, 9166, 9168, 9174, 9176, 9178, 
      9180, 9182, 9184, 9186, 9188, 9190, 9192, 9196, 9198, 9200, 9202, 
      9203, 34802, 56818, 73666, 73668, 73716, 73718, 76190, 76278, 76542, 
      76548, 76558, 76900, 76912, 76914, 76952, 76958, 77044, 77094, 77096, 
      77132, 77136, 77298, 88838, 89474, 89484, 89524, 89530, 90000, 90010, 
      90024, 90034, 90098, 92142, 92154, 92240, 92242, 92266, 93476, 93502, 
      93570, 93586, 93588, 93836, 93838, 94052, 94096, 94158, 94162, 94204, 
      94208, 94212, 94214, 94228, 94230, 94232, 94238, 94412, 94440, 94446, 
      94456, 94490, 94492, 94500, 94502, 94508, 94514, 94546, 94574, 94580, 
      94584, 94588, 94590, 94598, 94606, 94612, 94614, 94616, 94618, 94626, 
      94628, 94630, 94632, 94636, 94638, 94712, 94714, 94720, 94722, 94736, 
      94738, 95090, 95092, 95114, 95118, 95170, 95172, 95176, 95178, 95194, 
      95202, 95214, 95218, 96942, 96956, 96964, 96978, 97010, 97016, 97024, 
      97026, 97030, 97032, 97038, 97048, 97198, 97230, 97238, 97248, 97270, 
      97276, 97282, 97284, 97294, 97296, 97564, 97570, 97584, 97690, 97696, 
      97706, 97710, 97714, 97716, 97724, 97728, 97752, 97756, 97766, 97768, 
      97774, 97776, 97778, 99730, 99742, 99746, 100136, 100150, 100168, 
      100170, 100202, 100206, 100244, 100256, 100282, 100284, 100288, 
      100290, 100340, 100342, 100348, 100350, 100358, 100360, 100366, 
      100678, 100682, 100722, 100734, 100740, 100746, 100748, 100750, 
      100780, 100782, 100788, 100790, 100828, 100830, 100840, 100846, 
      100848, 100850, 100912, 101084, 101112, 101230, 101232, 101306, 
      101308, 101330, 101332, 101338, 101340, 101346, 101348, 101350, 
      101352, 101358, 101790, 101792, 101836, 101842, 101874, 102082, 
      102194, 102196, 102216, 102224, 102226, 102312, 102314, 102342, 
      102346, 102354, 102356, 102376, 102382, 102384, 102386, 102652, 
      102658, 102668, 102728, 102736, 102738, 102800, 102830, 102844, 
      102878, 102880, 102886, 102888, 102894, 102896, 102898, 103050, 
      103052, 103056, 103058, 103220, 103240, 103242, 103250, 103252, 
      103258, 103264, 103266, 103294, 103300, 103304, 103306, 103308, 
      103310, 103316, 103318, 103324, 103326, 103328, 103346, 103352, 
      103358, 103360, 103362, 103364, 103366, 103368, 103372, 103376, 
      103378, 103390, 103400, 103402, 103404, 103408, 103410 ], 
  [ 9178, 9190, 9192, 9203, 100850, 102376, 102382, 102384, 102386, 102830, 
      102844, 102878, 102880, 102886, 102888, 103264, 103266, 103358, 
      103360, 103362, 103364, 103366, 103368, 103372, 103376, 103390, 
      103400, 103402, 103404, 103408, 103410, 103411 ], 
  [ 6392, 7912, 9184, 9203, 94204, 94500, 94598, 94626, 94636, 94738, 95118, 
      95194, 97238, 97584, 100168, 100358, 101340, 102226, 102314, 102354, 
      102376, 102386, 102880, 102894, 103212, 103328, 103346, 103366, 
      103372, 103404, 103408, 103410, 104179, 104769, 107159, 110239, 
      131397, 132771 ], 
  [ 9178, 9190, 9192, 9202, 100850, 102376, 102830, 102844, 102878, 102880, 
      102886, 102888, 103264, 103266, 103358, 103360, 103362, 103364, 
      103366, 103368, 103372, 103376, 103390, 103400, 103402, 103404, 
      103408, 103410, 103411 ], 
  [ 9202, 9203, 100850, 102376, 102830, 102844, 102878, 102880, 102886, 
      102888, 103264, 103266, 103358, 103360, 103362, 103364, 103366, 
      103368, 103372, 103376, 103390, 103400, 103402, 103404, 103408, 
      103410, 103411 ], 
  [ 9178, 9190, 9200, 9202, 100850, 101306, 102376, 102384, 102888, 103266, 
      103278, 103358, 103360, 103362, 103364, 103366, 103368, 103372, 
      103376, 103390, 103400, 103404, 103408, 103410 ], 
  [ 6392, 7578, 7912, 8592, 94500, 94546, 94598, 94626, 94636, 94738, 95118, 
      100358, 101340, 102314, 102354, 102376, 102880, 102894, 103328, 
      103372, 103404, 103408, 103410, 131397 ], 
  [ 6392, 7578, 7912, 8592, 9042, 9186, 94500, 94546, 94598, 94626, 94636, 
      94738, 95118, 100358, 102226, 102314, 102354, 102376, 102880, 102894, 
      103328, 103372, 103404, 103408, 103410, 131397 ], 
  [ 6392, 7578, 7912, 8592, 9042, 9186, 94500, 94546, 94598, 94626, 94636, 
      94738, 100358, 101340, 102314, 102354, 102376, 102880, 102894, 103328, 
      103372, 103404, 103408, 103410, 131397 ], 
  [ 9110, 9178, 9190, 9200, 9202, 100850, 102376, 102384, 102888, 103266, 
      103358, 103360, 103364, 103366, 103368, 103372, 103376, 103390, 
      103398, 103400, 103402, 103404, 103408, 103410 ], 
  [ 6392, 7578, 7912, 8592, 9186, 94500, 94598, 94626, 94636, 94738, 100358, 
      101340, 102226, 102314, 102354, 102376, 102880, 102894, 103328, 
      103372, 103404, 103408, 103410, 131397 ], 
  [ 9178, 9190, 9200, 9202, 100850, 101306, 102376, 102384, 102888, 103264, 
      103266, 103278, 103358, 103360, 103362, 103364, 103366, 103368, 
      103372, 103376, 103390, 103400, 103404, 103408 ], 
  [ 9060, 9178, 9190, 9200, 9202, 100850, 101306, 102376, 102384, 102888, 
      103058, 103264, 103266, 103278, 103358, 103360, 103362, 103364, 
      103366, 103368, 103372, 103376, 103390, 103400, 103404, 103410 ], 
  [ 6314, 6976, 7576, 7924, 7926, 8034, 8036, 8090, 8328, 8440, 8442, 8598, 
      8602, 8742, 8746, 8860, 8862, 8986, 8988, 8996, 9000, 9002, 9004, 
      9010, 9012, 9046, 9048, 9050, 9052, 9058, 9060, 9074, 9080, 9082, 
      9106, 9108, 9110, 9112, 9158, 9166, 9168, 9174, 9176, 9178, 9186, 
      9188, 9190, 9192, 9200, 9202, 93570, 94636, 94638, 94712, 94714, 
      97238, 97710, 97716, 97766, 97768, 100288, 100290, 100828, 100830, 
      100850, 101112, 101306, 101308, 101346, 101350, 102194, 102196, 
      102376, 102384, 102386, 102728, 102878, 102880, 102886, 102888, 
      103056, 103058, 103240, 103258, 103264, 103266, 103278, 103324, 
      103358, 103360, 103362, 103364, 103366, 103368, 103372, 103376, 
      103378, 103390, 103400, 103408, 103410 ], 
  [ 9108, 9178, 9190, 9200, 9202, 100850, 101306, 102376, 102384, 102888, 
      103266, 103278, 103358, 103360, 103362, 103364, 103366, 103368, 
      103372, 103376, 103400, 103404, 103408, 103410 ], 
  [ 9108, 9178, 9190, 9200, 9202, 100850, 101306, 102376, 102384, 102888, 
      103266, 103278, 103358, 103360, 103362, 103364, 103366, 103368, 
      103372, 103390, 103400, 103404, 103408, 103410 ], 
  [ 9108, 9178, 9190, 9200, 9202, 100850, 101306, 102376, 102384, 102888, 
      103266, 103278, 103358, 103360, 103362, 103364, 103366, 103372, 
      103376, 103390, 103400, 103404, 103408, 103410 ], 
  [ 9108, 9178, 9190, 9200, 9202, 100850, 101306, 102376, 102384, 102888, 
      103266, 103278, 103358, 103360, 103362, 103366, 103368, 103372, 
      103376, 103390, 103400, 103404, 103408, 103410 ], 
  [ 9178, 9190, 9200, 9202, 100850, 101306, 102376, 102384, 102888, 103264, 
      103266, 103278, 103358, 103362, 103364, 103366, 103368, 103372, 
      103376, 103390, 103400, 103404, 103408, 103410 ], 
  [ 9060, 9110, 9178, 9190, 9200, 9202, 97766, 100850, 101306, 102376, 
      102384, 102880, 102888, 103058, 103264, 103266, 103278, 103360, 
      103362, 103364, 103366, 103368, 103372, 103376, 103390, 103400, 
      103404, 103408, 103410 ], 
  [ 9082, 9108, 9110, 9178, 9188, 9190, 9200, 9202, 100850, 101306, 101346, 
      101352, 102384, 102878, 102888, 102896, 103058, 103234, 103246, 
      103266, 103278, 103304, 103324, 103326, 103332, 103352, 103354, 
      103358, 103360, 103362, 103364, 103366, 103368, 103372, 103374, 
      103376, 103378, 103390, 103398, 103400, 103402, 103404, 103406, 
      103408, 103410, 103411, 103413, 103415, 103425, 103495, 103505, 103577 
     ], [ 9190, 9200, 9202, 100850, 101306, 102376, 102384, 102888, 103264, 
      103266, 103278, 103358, 103360, 103362, 103364, 103366, 103368, 
      103372, 103376, 103390, 103400, 103404, 103408, 103410 ], 
  [ 6392, 7578, 7912, 8592, 94500, 94546, 94598, 94626, 94636, 94738, 95118, 
      95194, 100358, 101340, 102314, 102354, 102376, 102880, 102894, 103328, 
      103372, 103404, 103408, 104769, 131397 ], 
  [ 6392, 7578, 7912, 8522, 8592, 94500, 94546, 94598, 94626, 94636, 94738, 
      95118, 95194, 95214, 100358, 101340, 102314, 102354, 102376, 102880, 
      102894, 103328, 103372, 103404, 103410, 104769, 107159, 131397 ], 
  [ 6392, 7578, 7912, 8592, 94500, 94546, 94598, 94626, 94636, 94738, 95118, 
      100358, 101340, 102314, 102354, 102376, 102894, 103328, 103372, 
      103404, 103408, 103410, 104769, 131397 ], 
  [ 6392, 7578, 7912, 8592, 9042, 94500, 94546, 94598, 94626, 94636, 94738, 
      95118, 100358, 101340, 102314, 102376, 102880, 102894, 103328, 103372, 
      103404, 103408, 103410, 131397 ], 
  [ 6392, 7578, 7912, 8592, 9042, 94500, 94546, 94598, 94626, 94636, 95118, 
      100358, 101340, 102314, 102354, 102376, 102880, 102894, 103328, 
      103372, 103404, 103408, 103410, 131397 ], 
  [ 6392, 7578, 7912, 8592, 9042, 94500, 94546, 94598, 94626, 94738, 95118, 
      100358, 101340, 102314, 102354, 102376, 102880, 102894, 103328, 
      103372, 103404, 103408, 103410, 131397 ], 
  [ 6392, 7578, 7912, 8592, 94500, 94598, 94626, 94636, 94738, 95118, 
      100358, 101340, 102314, 102354, 102376, 102880, 102894, 103328, 
      103372, 103404, 103408, 103410, 104769, 131397 ], 
  [ 6392, 7578, 7912, 8522, 8592, 9186, 94546, 94598, 94626, 94636, 94738, 
      95118, 95164, 95194, 95214, 97766, 100358, 100836, 101340, 102314, 
      102354, 102376, 102880, 102894, 103328, 103366, 103372, 103404, 
      103408, 103410, 104769, 107159, 131397 ], 
  [ 6392, 7578, 8592, 94500, 94546, 94598, 94626, 94636, 94738, 95118, 
      95194, 100358, 101340, 102314, 102354, 102376, 102880, 102894, 103328, 
      103372, 103404, 103408, 103410, 104769, 107159, 131397 ], 
  [ 7578, 7912, 8592, 94500, 94546, 94598, 94626, 94636, 94738, 95118, 
      100358, 101340, 102314, 102354, 102376, 102880, 102894, 103328, 
      103372, 103404, 103408, 103410, 104769, 131397 ], 
  [ 9110, 9178, 9190, 9192, 9200, 9202, 100850, 102376, 102384, 102888, 
      103266, 103358, 103360, 103364, 103366, 103368, 103372, 103376, 
      103390, 103398, 103400, 103402, 103404, 103408 ], 
  [ 9110, 9178, 9190, 9192, 9200, 9202, 100850, 102376, 102384, 102888, 
      103266, 103358, 103360, 103364, 103366, 103368, 103372, 103376, 
      103390, 103398, 103400, 103402, 103404, 103410 ], 
  [ 9110, 9178, 9190, 9192, 9200, 9202, 100850, 102376, 102384, 102888, 
      103266, 103358, 103360, 103364, 103366, 103368, 103372, 103376, 
      103390, 103398, 103400, 103402, 103408, 103410 ], 
  [ 9110, 9178, 9190, 9192, 9200, 9202, 100850, 102376, 102384, 102888, 
      103266, 103358, 103360, 103364, 103366, 103372, 103376, 103390, 
      103398, 103400, 103402, 103404, 103408, 103410 ], 
  [ 9110, 9178, 9190, 9192, 9200, 9202, 100850, 102376, 102384, 102888, 
      103266, 103360, 103364, 103366, 103368, 103372, 103376, 103390, 
      103398, 103400, 103402, 103404, 103408, 103410 ], 
  [ 9110, 9178, 9190, 9192, 9200, 9202, 100850, 102376, 102384, 102888, 
      103358, 103360, 103364, 103366, 103368, 103372, 103376, 103390, 
      103398, 103400, 103402, 103404, 103408, 103410 ], 
  [ 9110, 9190, 9192, 9200, 9202, 100850, 102376, 102384, 102888, 103266, 
      103358, 103360, 103364, 103366, 103368, 103372, 103376, 103390, 
      103398, 103400, 103402, 103404, 103408, 103410 ], 
  [ 9178, 9190, 9192, 9200, 9202, 100850, 102376, 102384, 102888, 103266, 
      103358, 103360, 103364, 103366, 103368, 103372, 103376, 103390, 
      103398, 103400, 103402, 103404, 103408, 103410 ], 
  [ 6392, 7578, 7912, 8592, 9042, 9186, 94500, 94598, 94626, 94636, 94738, 
      100358, 101340, 102226, 102314, 102354, 102376, 102880, 102894, 
      103328, 103404, 103408, 103410, 131397 ], 
  [ 6392, 7578, 7912, 8592, 9042, 9186, 94500, 94598, 94626, 94636, 94738, 
      100358, 101340, 102226, 102314, 102354, 102376, 102880, 103328, 
      103372, 103404, 103408, 103410, 131397 ], 
  [ 6392, 7578, 7912, 8592, 9042, 9186, 94500, 94546, 94598, 94626, 94636, 
      94738, 100358, 101340, 102226, 102314, 102354, 102376, 102894, 103328, 
      103372, 103404, 103408, 103410, 131397 ], 
  [ 6392, 7578, 7912, 8592, 9042, 9186, 94500, 94598, 94626, 94636, 94738, 
      100358, 101340, 102226, 102314, 102376, 102880, 102894, 103328, 
      103372, 103404, 103408, 103410, 131397 ], 
  [ 6392, 7578, 7912, 8592, 9042, 9186, 94500, 94598, 94626, 94636, 100358, 
      101340, 102226, 102314, 102354, 102376, 102880, 102894, 103328, 
      103372, 103404, 103408, 103410, 131397 ], 
  [ 7578, 7912, 8592, 9042, 9186, 94500, 94598, 94626, 94636, 94738, 100358, 
      101340, 102226, 102314, 102354, 102376, 102880, 102894, 103328, 
      103372, 103404, 103408, 103410, 131397 ], 
  [ 9178, 9190, 9200, 9202, 100850, 101306, 102376, 102384, 102888, 103058, 
      103264, 103266, 103278, 103358, 103360, 103362, 103364, 103366, 
      103368, 103372, 103376, 103390, 103404, 103408, 103411 ], 
  [ 9178, 9190, 9200, 9202, 100850, 101306, 102376, 102384, 102888, 103264, 
      103266, 103278, 103358, 103360, 103362, 103364, 103366, 103368, 
      103376, 103390, 103398, 103400, 103404, 103408 ], 
  [ 9178, 9190, 9200, 9202, 100850, 101306, 102376, 102384, 103264, 103266, 
      103278, 103358, 103360, 103362, 103364, 103366, 103368, 103372, 
      103376, 103390, 103398, 103400, 103404, 103408, 103411 ], 
  [ 9060, 9108, 9178, 9190, 9200, 9202, 100850, 101306, 102376, 102384, 
      102888, 103266, 103278, 103358, 103360, 103362, 103364, 103366, 
      103368, 103372, 103376, 103400, 103404, 103410 ], 
  [ 9108, 9110, 9178, 9190, 9200, 9202, 100850, 101306, 102376, 102384, 
      102888, 103266, 103278, 103360, 103362, 103364, 103366, 103368, 
      103372, 103376, 103400, 103404, 103408, 103410 ], 
  [ 9108, 9110, 9178, 9190, 9200, 9202, 100850, 101306, 102376, 102384, 
      102888, 103278, 103358, 103360, 103362, 103364, 103366, 103368, 
      103372, 103376, 103400, 103404, 103408, 103410 ], 
  [ 9060, 9108, 9178, 9190, 9200, 9202, 100850, 101306, 102376, 102384, 
      102888, 103266, 103278, 103358, 103360, 103362, 103364, 103366, 
      103368, 103372, 103390, 103400, 103404, 103410 ], 
  [ 9108, 9178, 9190, 9200, 9202, 100850, 101306, 102376, 102384, 102888, 
      103266, 103278, 103358, 103362, 103364, 103366, 103368, 103372, 
      103390, 103398, 103400, 103404, 103408, 103410 ], 
  [ 9108, 9178, 9190, 9200, 9202, 100850, 101306, 102376, 102384, 102888, 
      103266, 103278, 103324, 103358, 103360, 103362, 103364, 103372, 
      103376, 103390, 103400, 103404, 103408, 103410 ], 
  [ 9060, 9108, 9178, 9190, 9200, 9202, 97766, 100850, 101306, 102376, 
      102384, 102888, 103266, 103278, 103358, 103360, 103362, 103366, 
      103368, 103372, 103376, 103390, 103400, 103404, 103410, 103505 ], 
  [ 9108, 9178, 9190, 9200, 9202, 100850, 101306, 102376, 102384, 102888, 
      103266, 103278, 103358, 103362, 103366, 103368, 103372, 103376, 
      103390, 103398, 103400, 103404, 103408, 103410 ], 
  [ 9108, 9178, 9190, 9200, 9202, 97766, 100850, 101306, 102376, 102384, 
      102888, 103266, 103278, 103360, 103362, 103366, 103368, 103372, 
      103376, 103390, 103400, 103404, 103408, 103410 ], 
  [ 9178, 9190, 9200, 9202, 100850, 101306, 102376, 102384, 102888, 103264, 
      103266, 103278, 103358, 103362, 103364, 103366, 103368, 103372, 
      103376, 103398, 103400, 103404, 103408, 103410 ], 
  [ 9178, 9190, 9200, 9202, 100850, 101306, 102376, 102384, 102888, 103264, 
      103266, 103278, 103358, 103362, 103364, 103366, 103368, 103372, 
      103390, 103398, 103400, 103404, 103408, 103410 ], 
  [ 9178, 9190, 9200, 9202, 100850, 101306, 102376, 102384, 102888, 103264, 
      103266, 103278, 103358, 103362, 103364, 103366, 103368, 103376, 
      103390, 103398, 103400, 103404, 103408, 103410 ], 
  [ 9178, 9190, 9200, 9202, 100850, 101306, 102376, 102384, 103264, 103266, 
      103278, 103358, 103362, 103364, 103366, 103368, 103372, 103376, 
      103390, 103398, 103400, 103404, 103408, 103410 ], 
  [ 6392, 7578, 7912, 8592, 94500, 94546, 94598, 94626, 94636, 94738, 95118, 
      100358, 101340, 102226, 102314, 102354, 102376, 102894, 103328, 
      103404, 103408, 103410, 104769, 131397 ], 
  [ 6392, 7578, 7912, 8592, 94500, 94546, 94598, 94626, 94636, 94738, 95118, 
      97774, 100358, 101340, 102314, 102354, 102894, 103328, 103372, 103404, 
      103408, 103410, 104769, 131397 ], 
  [ 6392, 7578, 7912, 8592, 94500, 94546, 94598, 94626, 94636, 94738, 95118, 
      100358, 102226, 102314, 102354, 102376, 102894, 103328, 103372, 
      103404, 103408, 103410, 104769, 131397 ], 
  [ 6392, 7578, 7912, 8592, 94500, 94546, 94598, 94626, 94636, 94738, 95118, 
      97774, 101340, 102314, 102354, 102376, 102894, 103328, 103372, 103404, 
      103408, 103410, 104769, 131397 ], 
  [ 6392, 7578, 7912, 8592, 94500, 94546, 94598, 94626, 94636, 94738, 
      100358, 101340, 102226, 102314, 102354, 102376, 102894, 103328, 
      103372, 103404, 103408, 103410, 104769, 131397 ], 
  [ 6392, 7578, 7912, 8592, 9042, 94500, 94546, 94598, 94626, 94738, 95118, 
      97774, 100358, 101340, 102314, 102354, 102376, 102894, 103328, 103372, 
      103404, 103408, 103410, 104769, 131397 ], 
  [ 6392, 7578, 7912, 8592, 9042, 94500, 94546, 94598, 94626, 94636, 94738, 
      95118, 100358, 101340, 102314, 102376, 102880, 102894, 103328, 103372, 
      103404, 103408, 104769, 131397 ], 
  [ 6392, 7578, 7912, 8592, 9042, 94500, 94598, 94626, 94636, 94738, 95118, 
      100358, 101340, 102314, 102376, 102880, 102894, 103328, 103372, 
      103404, 103408, 103410, 104769, 131397 ], 
  [ 7578, 7912, 8592, 9042, 94500, 94546, 94598, 94626, 94636, 94738, 95118, 
      100358, 101340, 102314, 102376, 102880, 102894, 103328, 103372, 
      103404, 103408, 103410, 104769, 131397 ], 
  [ 6392, 7578, 7912, 8592, 9042, 94500, 94546, 94598, 94626, 94636, 95118, 
      100358, 101340, 102314, 102354, 102376, 102880, 102894, 103328, 
      103372, 103404, 103408, 104769, 131397 ], 
  [ 7578, 7912, 8592, 9042, 94500, 94546, 94598, 94626, 94738, 95118, 
      100358, 101340, 102314, 102354, 102376, 102880, 102894, 103328, 
      103372, 103404, 103408, 103410, 104769, 131397 ], 
  [ 6392, 7578, 7912, 8592, 94500, 94598, 94626, 94636, 94738, 95118, 
      100358, 102226, 102314, 102354, 102376, 102880, 102894, 103328, 
      103372, 103404, 103408, 103410, 104769, 107159, 131397 ], 
  [ 7578, 7912, 8074, 8592, 9042, 9203, 77136, 93838, 94492, 94500, 94514, 
      94546, 94584, 94598, 94626, 94636, 94738, 95114, 95118, 95194, 97238, 
      97584, 97756, 97766, 97774, 100358, 101340, 101836, 102224, 102226, 
      102314, 102354, 102376, 102384, 102880, 102894, 103240, 103372, 
      103378, 103404, 103408, 103410, 104769, 131397 ], 
  [ 7578, 7912, 8592, 9042, 93838, 94500, 94546, 94598, 94626, 94636, 94738, 
      95118, 97756, 97774, 100358, 101340, 102226, 102314, 102354, 102880, 
      102894, 103328, 103372, 103378, 103404, 103408, 103410, 104769, 131397 
     ], [ 7578, 7912, 8592, 9042, 94500, 94546, 94598, 94626, 94636, 94738, 
      95118, 100358, 101340, 102226, 102354, 102376, 102880, 102894, 103328, 
      103372, 103378, 103404, 103408, 103410, 104769, 131397 ], 
  [ 7578, 7912, 8592, 9042, 94500, 94546, 94598, 94626, 94636, 94738, 95118, 
      100358, 102226, 102314, 102354, 102376, 102880, 102894, 103328, 
      103372, 103404, 103408, 103410, 104769, 131397 ], 
  [ 7578, 7912, 8592, 9042, 94500, 94546, 94598, 94626, 94636, 94738, 95118, 
      97756, 101340, 102226, 102314, 102354, 102376, 102880, 102894, 103328, 
      103372, 103378, 103404, 103408, 103410, 104769, 131397 ], 
  [ 7578, 7912, 8592, 9042, 94500, 94546, 94598, 94626, 94636, 94738, 
      100358, 101340, 102314, 102354, 102376, 102880, 102894, 103328, 
      103372, 103404, 103408, 103410, 104769, 131397 ], 
  [ 7578, 7912, 9042, 9203, 93838, 94500, 94546, 94598, 94626, 94636, 94738, 
      95118, 97584, 97756, 97766, 97774, 100358, 101340, 102224, 102226, 
      102314, 102354, 102376, 102880, 102894, 103328, 103372, 103378, 
      103404, 103408, 103410, 104769, 131397 ], 
  [ 7912, 8592, 9042, 94500, 94546, 94598, 94626, 94636, 94738, 95118, 
      100358, 101340, 102226, 102314, 102354, 102376, 102880, 102894, 
      103328, 103372, 103404, 103408, 103410, 104769, 131397 ], 
  [ 9110, 9178, 9190, 9192, 9200, 9202, 100850, 102376, 102384, 102888, 
      103266, 103304, 103358, 103360, 103364, 103366, 103368, 103372, 
      103376, 103390, 103398, 103400, 103404, 103408 ], 
  [ 9110, 9178, 9190, 9192, 9200, 9202, 100850, 102376, 102384, 102888, 
      103266, 103304, 103358, 103360, 103364, 103366, 103368, 103372, 
      103376, 103390, 103398, 103402, 103404, 103408 ], 
  [ 9110, 9178, 9190, 9192, 9200, 9202, 100850, 102376, 102384, 103266, 
      103304, 103358, 103360, 103364, 103366, 103368, 103372, 103376, 
      103390, 103398, 103400, 103402, 103404, 103408 ], 
  [ 9110, 9178, 9190, 9192, 9200, 9202, 100850, 102376, 102888, 103266, 
      103304, 103358, 103360, 103364, 103366, 103368, 103372, 103376, 
      103390, 103398, 103400, 103402, 103404, 103408 ], 
  [ 9110, 9178, 9190, 9192, 9200, 9202, 100850, 102384, 102888, 103266, 
      103304, 103358, 103360, 103364, 103366, 103368, 103372, 103376, 
      103390, 103398, 103400, 103402, 103404, 103408 ], 
  [ 9110, 9178, 9190, 9192, 9200, 9202, 102376, 102384, 102888, 103266, 
      103304, 103358, 103360, 103364, 103366, 103368, 103372, 103376, 
      103390, 103398, 103400, 103402, 103404, 103408 ], 
  [ 9110, 9178, 9190, 9192, 9200, 100850, 102376, 102384, 102888, 103266, 
      103304, 103358, 103360, 103364, 103366, 103368, 103372, 103376, 
      103390, 103398, 103400, 103402, 103404, 103408 ], 
  [ 9110, 9178, 9190, 9192, 9202, 100850, 102376, 102384, 102888, 103266, 
      103304, 103358, 103360, 103364, 103366, 103368, 103372, 103376, 
      103390, 103398, 103400, 103402, 103404, 103408 ], 
  [ 9110, 9178, 9190, 9192, 9200, 9202, 100850, 102376, 102384, 102888, 
      103266, 103278, 103358, 103360, 103364, 103366, 103368, 103372, 
      103376, 103390, 103398, 103400, 103404, 103410 ], 
  [ 9110, 9178, 9190, 9192, 9200, 9202, 100850, 102384, 102888, 103266, 
      103304, 103358, 103360, 103364, 103366, 103368, 103372, 103376, 
      103390, 103398, 103400, 103402, 103404, 103410 ], 
  [ 9110, 9178, 9190, 9192, 9200, 9202, 102376, 102384, 102888, 103266, 
      103358, 103360, 103364, 103366, 103368, 103372, 103376, 103390, 
      103398, 103400, 103402, 103404, 103410, 103411 ], 
  [ 9110, 9178, 9190, 9192, 9202, 100850, 102376, 102384, 102888, 103266, 
      103358, 103360, 103364, 103366, 103368, 103372, 103376, 103390, 
      103398, 103400, 103402, 103404, 103410, 103411 ], 
  [ 9110, 9178, 9190, 9192, 9200, 9202, 100850, 102376, 102384, 102888, 
      103266, 103278, 103358, 103360, 103364, 103366, 103368, 103372, 
      103376, 103390, 103398, 103400, 103408, 103410 ], 
  [ 9110, 9178, 9188, 9190, 9192, 9200, 9202, 100850, 102376, 102384, 
      102888, 103266, 103278, 103358, 103360, 103364, 103366, 103368, 
      103372, 103376, 103390, 103398, 103402, 103408, 103410, 103411 ], 
  [ 9110, 9178, 9190, 9192, 9200, 9202, 100850, 102376, 102384, 102888, 
      103266, 103278, 103358, 103360, 103364, 103368, 103372, 103376, 
      103390, 103398, 103400, 103402, 103408, 103410 ], 
  [ 9110, 9178, 9188, 9190, 9192, 9200, 9202, 100850, 102384, 102888, 
      103266, 103278, 103304, 103358, 103360, 103364, 103366, 103368, 
      103372, 103376, 103390, 103398, 103400, 103402, 103406, 103408, 
      103410, 103411 ], 
  [ 9110, 9178, 9190, 9192, 9200, 9202, 102376, 102384, 102888, 103266, 
      103278, 103358, 103360, 103364, 103366, 103368, 103372, 103376, 
      103390, 103398, 103400, 103402, 103408, 103410, 103411 ], 
  [ 9110, 9178, 9190, 9192, 9202, 100850, 102376, 102384, 102888, 103266, 
      103278, 103358, 103360, 103364, 103366, 103368, 103372, 103376, 
      103390, 103398, 103400, 103402, 103408, 103410 ], 
  [ 9110, 9178, 9192, 9200, 9202, 100850, 102376, 102384, 102888, 103266, 
      103278, 103358, 103360, 103364, 103366, 103368, 103372, 103376, 
      103390, 103398, 103400, 103402, 103408, 103410 ], 
  [ 9110, 9178, 9190, 9192, 9200, 9202, 100850, 102376, 102384, 102888, 
      103266, 103278, 103360, 103364, 103366, 103368, 103372, 103376, 
      103390, 103398, 103400, 103404, 103408, 103410 ], 
  [ 9110, 9178, 9190, 9192, 9200, 9202, 100850, 102376, 102384, 102888, 
      103266, 103360, 103364, 103366, 103368, 103372, 103376, 103390, 
      103398, 103402, 103404, 103408, 103410, 103411 ], 
  [ 9110, 9178, 9190, 9192, 9200, 9202, 100850, 102376, 102384, 102888, 
      103266, 103278, 103360, 103364, 103368, 103372, 103376, 103390, 
      103398, 103400, 103402, 103404, 103408, 103410 ], 
  [ 9110, 9178, 9190, 9192, 9200, 9202, 102376, 102384, 102888, 103266, 
      103360, 103364, 103366, 103368, 103372, 103376, 103390, 103398, 
      103400, 103402, 103404, 103408, 103410, 103411 ], 
  [ 9110, 9178, 9190, 9192, 9200, 9202, 100850, 102376, 102384, 102888, 
      103358, 103360, 103364, 103366, 103368, 103372, 103376, 103390, 
      103398, 103402, 103404, 103408, 103410, 103411 ], 
  [ 9110, 9190, 9192, 9200, 9202, 100850, 102384, 102888, 103266, 103304, 
      103358, 103360, 103364, 103366, 103368, 103372, 103376, 103390, 
      103398, 103400, 103402, 103404, 103408, 103410 ], 
  [ 9110, 9190, 9192, 9200, 100850, 102376, 102384, 102888, 103266, 103304, 
      103358, 103360, 103364, 103366, 103368, 103372, 103376, 103390, 
      103398, 103400, 103402, 103404, 103408, 103410 ], 
  [ 6392, 7578, 7912, 8592, 9042, 9186, 94500, 94546, 94598, 94626, 94636, 
      94738, 100358, 101340, 102226, 102314, 102354, 102376, 102880, 103328, 
      103372, 103404, 103408, 131397 ], 
  [ 6392, 7578, 7912, 8592, 9042, 94500, 94598, 94626, 94636, 97584, 100358, 
      101340, 102226, 102314, 102354, 102376, 102880, 102894, 103328, 
      103372, 103404, 103408, 103410, 131397 ], 
  [ 7578, 7912, 8592, 9042, 9186, 94500, 94546, 94598, 94626, 94636, 94738, 
      100358, 101340, 102226, 102314, 102354, 102376, 102880, 102894, 
      103328, 103372, 103404, 103408, 131397 ], 
  [ 7578, 7912, 8592, 9042, 9186, 94500, 94546, 94598, 94626, 94636, 94738, 
      100358, 101340, 102226, 102314, 102354, 102376, 102880, 102894, 
      103328, 103372, 103404, 103410, 131397 ], 
  [ 7578, 7912, 8592, 9042, 9186, 94500, 94546, 94598, 94636, 94738, 100358, 
      101340, 102226, 102314, 102354, 102376, 102880, 102894, 103328, 
      103372, 103404, 103408, 103410, 131397 ], 
  [ 7578, 7912, 8592, 9042, 9186, 94598, 94626, 94636, 94738, 100358, 
      101340, 102226, 102314, 102354, 102376, 102880, 102894, 103328, 
      103372, 103404, 103408, 103410, 104769, 131397 ], 
  [ 7578, 8592, 9042, 9186, 94500, 94546, 94598, 94626, 94636, 94738, 
      100358, 101340, 102226, 102314, 102354, 102376, 102880, 102894, 
      103328, 103372, 103404, 103408, 103410, 131397 ], 
  [ 9178, 9190, 9200, 9202, 101306, 102376, 102384, 102888, 103264, 103266, 
      103278, 103358, 103360, 103362, 103364, 103366, 103368, 103376, 
      103390, 103398, 103400, 103404, 103408, 103411 ], 
  [ 9060, 9108, 9110, 9178, 9190, 9200, 9202, 100850, 101306, 102376, 
      102384, 102888, 103266, 103278, 103360, 103362, 103364, 103366, 
      103368, 103372, 103376, 103400, 103404, 103410 ], 
  [ 9060, 9108, 9110, 9178, 9190, 9200, 9202, 100850, 101306, 102376, 
      102384, 102888, 103266, 103278, 103360, 103362, 103364, 103366, 
      103368, 103372, 103376, 103400, 103404, 103408 ], 
  [ 9060, 9108, 9110, 9178, 9190, 9200, 9202, 100850, 101306, 102376, 
      102384, 102888, 103266, 103278, 103360, 103362, 103364, 103368, 
      103372, 103376, 103400, 103404, 103408, 103410 ], 
  [ 9060, 9108, 9110, 9178, 9190, 9200, 9202, 97766, 100850, 101306, 102376, 
      102384, 102888, 103266, 103278, 103360, 103362, 103366, 103368, 
      103372, 103376, 103400, 103404, 103408, 103410 ], 
  [ 9060, 9108, 9110, 9178, 9190, 9200, 9202, 100850, 101306, 102376, 
      102384, 102888, 103266, 103278, 103362, 103364, 103366, 103368, 
      103372, 103376, 103400, 103404, 103408, 103410 ], 
  [ 9060, 9108, 9110, 9178, 9200, 9202, 100850, 101306, 102376, 102384, 
      102888, 103266, 103278, 103360, 103362, 103364, 103366, 103368, 
      103372, 103376, 103400, 103404, 103408, 103410 ], 
  [ 9060, 9108, 9178, 9190, 9200, 9202, 100850, 101306, 102376, 102384, 
      102888, 103058, 103266, 103278, 103358, 103360, 103362, 103364, 
      103366, 103368, 103372, 103390, 103404, 103410 ], 
  [ 9060, 9108, 9178, 9190, 9200, 9202, 100850, 101306, 102376, 102384, 
      102888, 103266, 103278, 103358, 103360, 103362, 103364, 103366, 
      103368, 103390, 103398, 103400, 103404, 103410 ], 
  [ 9060, 9108, 9178, 9190, 9200, 9202, 100850, 101306, 102376, 102384, 
      103266, 103278, 103358, 103360, 103362, 103364, 103366, 103368, 
      103372, 103390, 103400, 103404, 103410, 103505 ], 
  [ 9060, 9108, 9178, 9190, 9202, 100850, 101306, 102376, 102384, 102888, 
      103266, 103278, 103358, 103360, 103362, 103364, 103366, 103368, 
      103372, 103390, 103400, 103404, 103410, 103505 ], 
  [ 9108, 9112, 9178, 9190, 9192, 9200, 9202, 100850, 101306, 102376, 
      102384, 102888, 103266, 103278, 103324, 103358, 103360, 103362, 
      103364, 103376, 103390, 103398, 103400, 103402, 103404, 103408, 103410 
     ], 
  [ 9108, 9178, 9190, 9192, 9200, 9202, 100850, 101306, 102376, 102384, 
      102888, 103266, 103278, 103324, 103358, 103360, 103364, 103372, 
      103376, 103390, 103400, 103402, 103404, 103408, 103410 ], 
  [ 9108, 9178, 9190, 9200, 9202, 100850, 101306, 102376, 102384, 103266, 
      103278, 103324, 103358, 103360, 103362, 103364, 103372, 103376, 
      103390, 103400, 103402, 103404, 103408, 103410 ], 
  [ 9108, 9110, 9178, 9190, 9200, 9202, 97766, 100850, 101306, 102376, 
      102384, 102888, 103266, 103278, 103360, 103366, 103368, 103372, 
      103376, 103390, 103400, 103404, 103408, 103410 ], 
  [ 9060, 9178, 9190, 9200, 9202, 100850, 101306, 102376, 102384, 102888, 
      103264, 103266, 103278, 103358, 103362, 103364, 103366, 103368, 
      103376, 103390, 103398, 103400, 103404, 103410 ], 
  [ 9060, 9110, 9178, 9190, 9200, 9202, 100850, 101306, 102376, 102384, 
      102888, 103264, 103266, 103278, 103362, 103364, 103366, 103368, 
      103376, 103390, 103398, 103400, 103404, 103408, 103410 ], 
  [ 9178, 9190, 9200, 9202, 100850, 102376, 102384, 103264, 103266, 103278, 
      103358, 103362, 103364, 103366, 103368, 103372, 103376, 103390, 
      103398, 103400, 103404, 103408, 103410, 103411 ], 
  [ 6392, 7578, 7912, 8592, 94500, 94546, 94598, 94626, 94636, 94738, 95118, 
      97774, 100358, 101340, 102226, 102314, 102354, 102894, 103328, 103404, 
      103408, 103410, 104769, 131397 ], 
  [ 6392, 7578, 7912, 8592, 94500, 94546, 94598, 94626, 94636, 94738, 95118, 
      97774, 101340, 102226, 102314, 102354, 102376, 102894, 103328, 103404, 
      103408, 103410, 104769, 131397 ], 
  [ 6392, 7578, 7912, 8592, 9042, 94500, 94546, 94598, 94626, 94636, 94738, 
      95118, 97774, 100358, 101340, 102226, 102314, 102894, 103328, 103372, 
      103404, 103408, 103410, 104769, 131397 ], 
  [ 6392, 7578, 7912, 8592, 94500, 94546, 94598, 94626, 94636, 94738, 95118, 
      97774, 100358, 102226, 102314, 102354, 102894, 103328, 103372, 103404, 
      103408, 103410, 104769, 131397 ], 
  [ 6392, 7578, 7912, 8592, 94500, 94546, 94598, 94626, 94636, 94738, 97774, 
      100358, 101340, 102226, 102314, 102354, 102894, 103328, 103372, 
      103404, 103408, 103410, 104769, 131397 ], 
  [ 6392, 7578, 7912, 8592, 94500, 94546, 94598, 94626, 94636, 95118, 97774, 
      100358, 101340, 102226, 102314, 102354, 102894, 103328, 103372, 
      103404, 103408, 103410, 104769, 131397 ], 
  [ 6392, 7912, 8592, 94500, 94546, 94598, 94626, 94636, 94738, 95118, 
      97774, 100358, 101340, 102226, 102314, 102354, 102894, 103328, 103372, 
      103404, 103408, 103410, 104769, 131397 ], 
  [ 6392, 7578, 7912, 8592, 94500, 94546, 94598, 94626, 94636, 94738, 95118, 
      100358, 102226, 102314, 102354, 102376, 102894, 103328, 103372, 
      103404, 103408, 104769, 107159, 131397 ], 
  [ 6392, 7578, 7912, 8592, 94500, 94546, 94598, 94626, 94636, 94738, 95118, 
      100358, 102226, 102314, 102354, 102376, 102894, 103328, 103372, 
      103404, 103410, 104769, 107159, 131397 ], 
  [ 6392, 7578, 7912, 8592, 94500, 94546, 94598, 94626, 94636, 94738, 95118, 
      97774, 102226, 102314, 102354, 102376, 102894, 103328, 103372, 103404, 
      103408, 103410, 104769, 131397 ], 
  [ 6392, 7578, 7912, 8592, 9042, 94500, 94546, 94598, 94626, 94738, 95118, 
      97774, 100358, 102226, 102314, 102354, 102376, 102894, 103328, 103372, 
      103404, 103408, 103410, 104769, 131397 ], 
  [ 6392, 7578, 7912, 8592, 9186, 94546, 94598, 94626, 94636, 94738, 95118, 
      100358, 102226, 102314, 102354, 102376, 102894, 103328, 103366, 
      103372, 103404, 103408, 103410, 104769, 107159, 131397 ], 
  [ 6392, 7578, 8592, 94500, 94546, 94598, 94626, 94636, 94738, 95118, 
      100358, 102226, 102314, 102354, 102376, 102894, 103328, 103372, 
      103404, 103408, 103410, 104769, 107159, 131397 ], 
  [ 6392, 7578, 7912, 8592, 94500, 94546, 94598, 94626, 94636, 94738, 95118, 
      97774, 101340, 102226, 102314, 102354, 102376, 103328, 103372, 103404, 
      103408, 103410, 104769, 131397 ], 
  [ 6392, 7578, 7912, 8592, 94500, 94546, 94598, 94626, 94636, 94738, 95118, 
      97774, 101340, 102226, 102314, 102376, 102894, 103328, 103372, 103404, 
      103408, 103410, 104769, 131397 ], 
  [ 6392, 7578, 7912, 8592, 94500, 94546, 94598, 94626, 94636, 94738, 97774, 
      101340, 102226, 102314, 102354, 102376, 102894, 103328, 103372, 
      103404, 103408, 103410, 104769, 131397 ], 
  [ 6392, 7912, 8592, 94500, 94546, 94598, 94626, 94636, 94738, 95118, 
      97774, 101340, 102226, 102314, 102354, 102376, 102894, 103328, 103372, 
      103404, 103408, 103410, 104769, 131397 ], 
  [ 7578, 7912, 8592, 94500, 94546, 94598, 94626, 94636, 94738, 95118, 
      97774, 101340, 102226, 102314, 102354, 102376, 102894, 103328, 103372, 
      103404, 103408, 103410, 104769, 131397 ], 
  [ 6392, 7578, 7912, 8592, 9042, 94500, 94546, 94598, 94626, 94738, 100358, 
      101340, 102226, 102314, 102354, 102376, 102894, 103328, 103372, 
      103404, 103408, 103410, 104769, 131397 ], 
  [ 6392, 7578, 7912, 8592, 9186, 94546, 94598, 94626, 94636, 94738, 100358, 
      101340, 102226, 102314, 102354, 102376, 102894, 103328, 103372, 
      103404, 103408, 103410, 104769, 131397 ], 
  [ 7578, 7912, 8592, 9042, 94500, 94546, 94598, 94626, 94636, 94738, 
      100358, 101340, 102226, 102314, 102354, 102376, 102894, 103328, 
      103372, 103404, 103408, 103410, 104769, 131397 ], 
  [ 6392, 7578, 7912, 8592, 9042, 94500, 94546, 94598, 94626, 94636, 94738, 
      95118, 97756, 101340, 102314, 102376, 102880, 102894, 103328, 103372, 
      103404, 103408, 104769, 131397 ], 
  [ 6392, 7578, 7912, 9042, 94500, 94598, 94626, 94636, 94738, 95118, 97584, 
      100358, 101340, 102314, 102376, 102880, 102894, 103328, 103372, 
      103404, 103408, 103410, 104769, 131397 ], 
  [ 7578, 7912, 8592, 9042, 94500, 94546, 94598, 94626, 94636, 94738, 
      100358, 101340, 102226, 102314, 102354, 102376, 102880, 102894, 
      103328, 103372, 103404, 103408, 104769, 131397 ], 
  [ 7578, 7912, 8592, 9042, 9186, 94500, 94546, 94626, 94636, 94738, 100358, 
      101340, 102314, 102354, 102376, 102880, 102894, 103328, 103372, 
      103378, 103404, 103408, 103410, 104769, 131397 ], 
  [ 7578, 8592, 9042, 94500, 94546, 94598, 94626, 94636, 94738, 100358, 
      101340, 102226, 102314, 102354, 102376, 102880, 102894, 103328, 
      103372, 103404, 103408, 103410, 104769, 131397 ], 
  [ 9110, 9178, 9190, 9192, 9200, 9202, 102376, 102384, 102888, 103266, 
      103304, 103358, 103360, 103364, 103366, 103368, 103372, 103376, 
      103390, 103398, 103400, 103402, 103408, 103411 ], 
  [ 9110, 9178, 9190, 9192, 9200, 9202, 102376, 102384, 102878, 102888, 
      103266, 103304, 103358, 103360, 103364, 103366, 103372, 103376, 
      103390, 103398, 103400, 103402, 103404, 103408, 103411 ], 
  [ 9110, 9178, 9190, 9192, 9200, 9202, 102376, 102384, 102888, 103266, 
      103304, 103360, 103364, 103366, 103368, 103372, 103376, 103390, 
      103398, 103400, 103402, 103404, 103408, 103411 ], 
  [ 9110, 9178, 9190, 9192, 9200, 9202, 102376, 102384, 102888, 103304, 
      103358, 103360, 103364, 103366, 103368, 103372, 103376, 103390, 
      103398, 103400, 103402, 103404, 103408, 103411 ], 
  [ 9110, 9178, 9190, 9192, 9202, 100850, 102376, 102384, 102878, 102888, 
      103266, 103304, 103358, 103360, 103364, 103366, 103368, 103372, 
      103376, 103390, 103398, 103400, 103402, 103408 ], 
  [ 9110, 9178, 9190, 9192, 9202, 100850, 102376, 102384, 102878, 102888, 
      103266, 103304, 103358, 103360, 103364, 103366, 103372, 103376, 
      103390, 103398, 103400, 103402, 103404, 103408 ], 
  [ 9060, 9110, 9178, 9190, 9192, 9200, 9202, 100850, 102376, 102384, 
      102888, 103266, 103278, 103358, 103360, 103364, 103366, 103368, 
      103372, 103376, 103398, 103400, 103404, 103410 ], 
  [ 9060, 9110, 9178, 9190, 9192, 9200, 9202, 100850, 102376, 102384, 
      102888, 103266, 103278, 103358, 103360, 103364, 103366, 103368, 
      103372, 103390, 103398, 103400, 103404, 103410 ], 
  [ 9060, 9110, 9178, 9190, 9192, 9200, 9202, 100850, 102376, 102384, 
      102888, 103266, 103278, 103358, 103360, 103366, 103368, 103372, 
      103376, 103390, 103398, 103400, 103404, 103410 ], 
  [ 9060, 9110, 9178, 9190, 9192, 9200, 9202, 100850, 102376, 102384, 
      102888, 103266, 103278, 103358, 103364, 103366, 103368, 103372, 
      103376, 103390, 103398, 103400, 103404, 103410 ], 
  [ 9110, 9178, 9190, 9192, 9200, 9202, 100850, 102376, 102888, 103266, 
      103278, 103358, 103360, 103364, 103366, 103368, 103372, 103376, 
      103390, 103398, 103400, 103404, 103410, 104115 ], 
  [ 9110, 9178, 9190, 9192, 9200, 9202, 100850, 102384, 102888, 103266, 
      103278, 103358, 103360, 103364, 103366, 103368, 103372, 103376, 
      103390, 103398, 103400, 103404, 103410, 104115 ], 
  [ 9110, 9178, 9190, 9192, 9200, 100850, 102376, 102384, 102888, 103266, 
      103278, 103358, 103360, 103364, 103366, 103368, 103372, 103376, 
      103390, 103398, 103400, 103404, 103410, 104115 ], 
  [ 9110, 9178, 9190, 9192, 9200, 9202, 100850, 102382, 102384, 102888, 
      103266, 103304, 103358, 103360, 103364, 103366, 103368, 103372, 
      103376, 103398, 103400, 103402, 103404, 103410 ], 
  [ 9110, 9178, 9188, 9190, 9192, 9202, 100850, 102376, 102384, 102888, 
      103266, 103278, 103358, 103360, 103364, 103366, 103368, 103376, 
      103390, 103398, 103400, 103402, 103408, 103410 ], 
  [ 9110, 9178, 9190, 9192, 9200, 9202, 100850, 102376, 102384, 102888, 
      103266, 103360, 103366, 103368, 103372, 103376, 103390, 103398, 
      103402, 103404, 103406, 103408, 103410, 103411 ], 
  [ 9110, 9178, 9190, 9192, 9198, 9200, 9202, 102376, 102384, 102888, 
      103266, 103360, 103366, 103368, 103372, 103376, 103390, 103398, 
      103400, 103402, 103404, 103406, 103408, 103410, 103411 ], 
  [ 6392, 7578, 7912, 8592, 9042, 94500, 94598, 94626, 94636, 95118, 97584, 
      100358, 102226, 102314, 102354, 102376, 102880, 102894, 103328, 
      103372, 103404, 103408, 103410, 131397 ], 
  [ 7578, 7912, 8592, 9042, 9186, 94546, 94598, 94626, 94636, 94738, 100358, 
      101340, 102226, 102314, 102354, 102376, 102880, 102894, 103328, 
      103372, 103404, 103408, 104769, 131397 ], 
  [ 7578, 8592, 9042, 9186, 94546, 94598, 94626, 94636, 94738, 100358, 
      101340, 102226, 102314, 102354, 102376, 102880, 102894, 103328, 
      103372, 103404, 103408, 103410, 104769, 131397 ], 
  [ 7912, 8592, 9042, 9186, 94546, 94598, 94626, 94636, 94738, 100358, 
      101340, 102226, 102314, 102354, 102376, 102880, 102894, 103328, 
      103372, 103404, 103408, 103410, 104769, 131397 ], 
  [ 7578, 7912, 8592, 9042, 9186, 94546, 94598, 94626, 94636, 94738, 100358, 
      101340, 102226, 102314, 102354, 102376, 102894, 103328, 103372, 
      103404, 103408, 103410, 104769, 131397 ], 
  [ 9168, 9178, 9190, 9200, 9202, 101306, 102376, 102384, 102888, 103264, 
      103266, 103278, 103360, 103362, 103364, 103366, 103368, 103376, 
      103390, 103398, 103400, 103404, 103408, 103411 ], 
  [ 9168, 9178, 9190, 9200, 9202, 101306, 102376, 102384, 102888, 103264, 
      103278, 103358, 103360, 103362, 103364, 103366, 103368, 103376, 
      103390, 103398, 103400, 103404, 103408, 103411 ], 
  [ 9168, 9178, 9190, 9200, 9202, 101306, 102376, 102384, 102888, 103264, 
      103266, 103278, 103358, 103360, 103362, 103364, 103366, 103368, 
      103376, 103390, 103398, 103400, 103408, 103411 ], 
  [ 9060, 9108, 9110, 9178, 9190, 9200, 9202, 100850, 101306, 102376, 
      102384, 103266, 103278, 103360, 103362, 103364, 103368, 103372, 
      103374, 103376, 103400, 103404, 103408, 103410 ], 
  [ 9060, 9108, 9110, 9178, 9190, 9200, 9202, 101306, 102376, 102384, 
      102888, 103266, 103278, 103360, 103362, 103364, 103368, 103372, 
      103374, 103376, 103400, 103404, 103408, 103410 ], 
  [ 9060, 9108, 9110, 9178, 9190, 9200, 97766, 100850, 101306, 102376, 
      102384, 102888, 103266, 103278, 103360, 103362, 103364, 103368, 
      103372, 103374, 103376, 103400, 103404, 103408, 103410 ], 
  [ 9060, 9108, 9110, 9178, 9190, 9202, 100850, 101306, 102376, 102384, 
      102888, 103266, 103278, 103360, 103362, 103364, 103368, 103372, 
      103374, 103376, 103400, 103404, 103408, 103410 ], 
  [ 9060, 9108, 9110, 9178, 9190, 9200, 9202, 100850, 101306, 102376, 
      102384, 102888, 103266, 103278, 103360, 103362, 103364, 103368, 
      103372, 103374, 103376, 103404, 103408, 103410 ], 
  [ 9060, 9108, 9178, 9190, 9202, 100850, 101306, 102376, 102384, 102888, 
      103058, 103266, 103278, 103358, 103360, 103362, 103364, 103366, 
      103368, 103372, 103390, 103404, 103410, 103505 ], 
  [ 9060, 9108, 9110, 9178, 9190, 9202, 100850, 101306, 102376, 102384, 
      102888, 103278, 103358, 103360, 103362, 103364, 103366, 103368, 
      103372, 103390, 103400, 103404, 103410, 103505 ], 
  [ 9060, 9108, 9190, 9202, 100850, 101306, 102376, 102384, 102888, 103266, 
      103278, 103358, 103360, 103362, 103364, 103366, 103368, 103372, 
      103390, 103400, 103404, 103410, 103425, 103505 ], 
  [ 9060, 9108, 9178, 9190, 9202, 100850, 101306, 102376, 102384, 102830, 
      102888, 103266, 103278, 103358, 103360, 103362, 103364, 103366, 
      103368, 103372, 103390, 103398, 103400, 103404, 103425, 103505 ], 
  [ 9060, 9178, 9190, 9200, 9202, 100850, 101306, 102376, 102384, 102888, 
      103058, 103264, 103266, 103278, 103358, 103362, 103364, 103366, 
      103368, 103376, 103390, 103398, 103404, 103410 ], 
  [ 6392, 7578, 7912, 8074, 8592, 94500, 94546, 94626, 94636, 94738, 95118, 
      97774, 100358, 101340, 102226, 102314, 102354, 102894, 103328, 103404, 
      103408, 103410, 104769, 131397 ], 
  [ 6392, 7578, 7912, 8592, 9042, 94500, 94546, 94598, 94626, 94738, 97774, 
      100358, 101340, 102226, 102314, 102354, 102894, 103328, 103372, 
      103404, 103408, 103410, 104769, 131397 ], 
  [ 6392, 7578, 7912, 8592, 94500, 94598, 94626, 94636, 95118, 97584, 97774, 
      100358, 101340, 102226, 102314, 102354, 102894, 103328, 103372, 
      103404, 103408, 103410, 104769, 131397 ], 
  [ 6392, 7578, 7912, 8592, 94500, 94546, 94598, 94626, 94636, 95118, 97584, 
      97774, 100358, 101340, 102226, 102314, 102354, 102894, 103328, 103372, 
      103404, 103408, 104769, 131397 ], 
  [ 7578, 8592, 94500, 94546, 94598, 94626, 94636, 94738, 95118, 100358, 
      102226, 102314, 102354, 102376, 102880, 102894, 103328, 103372, 
      103404, 103408, 103410, 104769, 107159, 131397 ], 
  [ 6392, 7912, 8592, 9042, 94500, 94546, 94598, 94626, 94738, 97774, 
      100358, 101340, 102226, 102314, 102354, 102376, 102894, 103328, 
      103372, 103404, 103408, 103410, 104769, 131397 ], 
  [ 6392, 7578, 7912, 8592, 9042, 94500, 94546, 94598, 94626, 94738, 97774, 
      100358, 101340, 102226, 102314, 102354, 102376, 102894, 103372, 
      103404, 103408, 103410, 104769, 131397 ], 
  [ 9110, 9178, 9190, 9192, 9200, 9202, 102376, 102384, 102888, 103266, 
      103278, 103304, 103358, 103360, 103364, 103366, 103368, 103372, 
      103376, 103390, 103398, 103400, 103408, 103411 ], 
  [ 9110, 9178, 9190, 9192, 9202, 100850, 101306, 102376, 102384, 102878, 
      102888, 103266, 103304, 103358, 103360, 103366, 103372, 103376, 
      103390, 103398, 103400, 103402, 103404, 103408 ], 
  [ 9060, 9110, 9178, 9190, 9192, 9200, 100850, 102376, 102384, 102888, 
      103266, 103278, 103358, 103360, 103364, 103366, 103368, 103372, 
      103376, 103398, 103400, 103404, 103410, 104115 ], 
  [ 9060, 9108, 9110, 9178, 9190, 9200, 9202, 97766, 101306, 102376, 102384, 
      102888, 103266, 103278, 103360, 103362, 103368, 103372, 103374, 
      103376, 103400, 103404, 103408, 103410 ], 
  [ 9060, 9110, 9178, 9190, 9202, 100850, 101306, 102376, 102384, 102880, 
      102888, 103266, 103278, 103360, 103362, 103364, 103368, 103372, 
      103374, 103376, 103400, 103404, 103408, 103410 ], 
  [ 9060, 9108, 9110, 9178, 9190, 9202, 100850, 101306, 102376, 102384, 
      102880, 102888, 103266, 103278, 103360, 103362, 103364, 103368, 
      103372, 103374, 103376, 103400, 103408, 103410 ], 
  [ 9060, 9108, 9110, 9178, 9190, 9202, 100850, 101306, 102376, 102384, 
      102880, 102888, 103266, 103278, 103360, 103362, 103364, 103368, 
      103372, 103374, 103400, 103404, 103408, 103410 ], 
  [ 9060, 9108, 9110, 9178, 9190, 9202, 97766, 100850, 101306, 102376, 
      102384, 102880, 102888, 103266, 103278, 103360, 103362, 103368, 
      103372, 103374, 103376, 103400, 103404, 103408, 103410, 103505 ], 
  [ 7578, 9203, 94500, 94546, 94598, 94626, 94636, 94738, 95118, 100358, 
      102226, 102314, 102354, 102376, 102880, 102894, 103328, 103372, 
      103404, 103408, 103410, 104769, 107159, 131397 ], 
  [ 7578, 8592, 9203, 94500, 94546, 94584, 94598, 94626, 94636, 94738, 
      95118, 95194, 100358, 101836, 102226, 102314, 102354, 102376, 102880, 
      102894, 103372, 103404, 103408, 103410, 104769, 107159, 131397 ], 
  [ 9060, 9110, 9178, 9190, 97766, 100850, 101306, 102376, 102384, 102880, 
      102888, 103266, 103278, 103360, 103362, 103364, 103368, 103372, 
      103374, 103376, 103400, 103404, 103408, 103410 ], 
  [ 9060, 9110, 9190, 97766, 100850, 101306, 102376, 102384, 102880, 102888, 
      103266, 103278, 103360, 103362, 103364, 103368, 103372, 103374, 
      103376, 103400, 103404, 103408, 103410, 104721 ], 
  [ 9060, 9110, 9178, 9190, 97766, 100850, 101306, 102376, 102384, 102880, 
      102888, 103266, 103278, 103360, 103362, 103364, 103368, 103372, 
      103374, 103376, 103400, 103404, 103408, 104721 ], 
  [ 9060, 9110, 9178, 9190, 94714, 97766, 100850, 101306, 102376, 102384, 
      102880, 102888, 103058, 103266, 103278, 103360, 103362, 103364, 
      103368, 103372, 103374, 103376, 103400, 103404, 103410, 103505, 
      104115, 104721 ], 
  [ 9060, 9110, 9178, 9190, 94714, 97766, 100850, 101306, 102376, 102384, 
      102880, 102888, 103266, 103278, 103360, 103362, 103364, 103368, 
      103372, 103374, 103376, 103400, 103408, 104721 ], 
  [ 9178, 9190, 9200, 9202, 100850, 101306, 102376, 102384, 103266, 103278, 
      103358, 103360, 103362, 103364, 103368, 103372, 103376, 103390, 
      103398, 103400, 103402, 103404, 103408, 103411 ], 
  [ 9110, 9192, 9200, 9202, 102376, 102384, 102888, 103266, 103278, 103358, 
      103360, 103364, 103366, 103368, 103372, 103376, 103390, 103398, 
      103400, 103402, 103408, 103410, 103411, 103415 ], 
  [ 9060, 9178, 9200, 9202, 100850, 101306, 101308, 102376, 103058, 103264, 
      103266, 103278, 103358, 103360, 103362, 103364, 103366, 103368, 
      103372, 103376, 103390, 103400, 103404, 103410 ], 
  [ 6392, 7578, 8592, 94500, 94546, 94598, 94636, 94738, 95118, 95194, 
      100358, 100836, 101340, 102376, 102880, 102894, 103328, 103372, 
      103404, 103408, 103410, 104769, 107159, 131397 ], 
  [ 9110, 9178, 9188, 9190, 9192, 9200, 9202, 100850, 102376, 102384, 
      103266, 103278, 103332, 103358, 103360, 103364, 103366, 103368, 
      103372, 103376, 103398, 103402, 103410, 103411 ], 
  [ 9110, 9178, 9188, 9190, 9192, 9200, 9202, 102346, 102384, 102888, 
      103266, 103304, 103358, 103360, 103366, 103368, 103372, 103376, 
      103390, 103400, 103402, 103406, 103410, 103411 ], 
  [ 9060, 9110, 9178, 9190, 94714, 97162, 97766, 100850, 101306, 102376, 
      102384, 102880, 103058, 103266, 103278, 103360, 103362, 103368, 
      103372, 103374, 103376, 103505, 104115, 104721 ], 
  [ 7926, 8440, 9048, 9060, 9110, 9178, 9190, 93554, 93570, 93576, 93668, 
      93738, 94440, 94706, 94714, 95132, 97162, 97172, 97766, 99554, 100152, 
      100850, 101306, 101826, 102006, 102376, 102384, 102690, 102880, 
      102888, 103058, 103196, 103266, 103278, 103360, 103368, 103372, 
      103374, 103376, 103505, 104115, 104721, 104757, 105951, 110201, 113497 
     ], [ 9060, 9178, 9190, 94714, 97162, 97766, 100850, 101306, 102376, 
      102384, 102880, 103058, 103266, 103278, 103360, 103362, 103368, 
      103372, 103374, 103376, 103505, 104115, 104721, 105951 ], 
  [ 8440, 9060, 9178, 9190, 94714, 97162, 97766, 100850, 101306, 102376, 
      102384, 102880, 103058, 103266, 103278, 103360, 103362, 103368, 
      103372, 103374, 103376, 103505, 104721, 105951 ], 
  [ 8440, 9060, 9178, 9190, 93576, 94714, 97162, 97766, 100850, 101306, 
      102376, 102384, 102880, 103058, 103266, 103278, 103360, 103362, 
      103368, 103374, 103376, 103505, 104721, 105951 ], 
  [ 6392, 7912, 8522, 9186, 94546, 94598, 94626, 94636, 95164, 95214, 97766, 
      100836, 101340, 102314, 102354, 102376, 103328, 103366, 103372, 
      103404, 104769, 107159, 131397, 133375 ], 
  [ 7578, 7912, 8046, 9042, 93838, 94500, 94546, 94598, 97584, 97756, 97774, 
      101340, 102224, 102226, 102314, 102354, 102376, 102894, 103328, 
      103372, 103404, 103410, 104769, 131397 ], 
  [ 7912, 9203, 73668, 77136, 93838, 94492, 94514, 94584, 94598, 94636, 
      94738, 95194, 97238, 97584, 97756, 97766, 100358, 101340, 102224, 
      102384, 102880, 103240, 104769, 131397 ], 
  [ 8440, 8860, 9048, 9174, 9202, 100830, 101112, 101306, 102376, 102880, 
      102886, 102888, 103056, 103240, 103258, 103266, 103278, 103360, 
      103368, 103372, 103376, 103378, 103408, 103649 ], 
  [ 6392, 8592, 8954, 9036, 9080, 9106, 9184, 94598, 94736, 95194, 97238, 
      97774, 100358, 100740, 100840, 101330, 101340, 102354, 103346, 103366, 
      103372, 103408, 103410, 110407 ] ];
